datetime,occcount,occrate,occcountdiff,occratediff,exam,tutorium,lecturerampafter,maxocccount,maxocccountestimate,maxoccrateestimate,coursenumber,lecturerampbefore,maxoccrate,lecture,registered,ects,test,cancelled,VL,UE,KS,Informatik,None_sa,Volkswirtschaftslehre,Chemie,Wirtschaftsinformatik,Maschinenbau,Betriebswirtschaftslehre,Rechtswissenschaften,Mathematik,Mechatronik,Informationselektronik,Biologische Chemie,Sozialwissenschaften,Artificial Intelligence,Kunststofftechnik,Statistik,Pädagogik,Medical Engineering,B1 - Bachelor 1. Jahr,None_level,B2 - Bachelor 2. Jahr,M1 - Master 1. Jahr,B3 - Bachelor 3. Jahr,D - Diplom,M2 - Master 2. Jahr,hod1,hod2,dow1,dow2,week1,week2,holiday,zwickltag,occcount1day,occrate1week,occcount1week,occrate1day,occcountdiff1week,occcountdiff1day,occratediff1week,occratediff1day,tl,p,ff,ffx,rf,rr,so
2024-06-16 06:00:00,0,0.0,0.0,0.0,0,0,0.0,0,0,0.0,,0.0,0.0,0,0,0.0,0,0,0,0,0,0,0,0,0,0,0,0,0,0,0,0,0,0,0,0,0,0,0,0,0,0,0,0,0,0,1.0,0.5,0.10908425876598504,0.8117449009293667,0.6196578321437789,0.014529091286973994,0,0,0.0,0.0,0.0,0.0,0.0,0.0,0.0,0.0,15.2,982.4,0.2,1.3,90,0.0,0
2024-06-16 06:05:00,0,0.0,0.0,0.0,0,0,0.0,0,0,0.0,,0.0,0.0,0,0,0.0,0,0,0,0,0,0,0,0,0,0,0,0,0,0,0,0,0,0,0,0,0,0,0,0,0,0,0,0,0,0,0.9998810135399545,0.48909255748271946,0.10908425876598504,0.8117449009293667,0.6196578321437789,0.014529091286973994,0,0,0.0,0.0,0.0,0.0,0.0,0.0,0.0,0.0,15.2,982.4,0.2,1.3,90,0.0,0
2024-06-16 06:10:00,0,0.0,0.0,0.0,0,0,0.0,0,0,0.0,,0.0,0.0,0,0,0.0,0,0,0,0,0,0,0,0,0,0,0,0,0,0,0,0,0,0,0,0,0,0,0,0,0,0,0,0,0,0,0.999524110790929,0.47819030631733195,0.10908425876598504,0.8117449009293667,0.6196578321437789,0.014529091286973994,0,0,0.0,0.0,0.0,0.0,0.0,0.0,0.0,0.0,15.2,982.5,0.5,1.3,90,0.0,0
2024-06-16 06:15:00,0,0.0,0.0,0.0,0,0,0.0,0,0,0.0,,0.0,0.0,0,0,0.0,0,0,0,0,0,0,0,0,0,0,0,0,0,0,0,0,0,0,0,0,0,0,0,0,0,0,0,0,0,0,0.9989294616193017,0.46729843538492843,0.10908425876598504,0.8117449009293667,0.6196578321437789,0.014529091286973994,0,0,0.0,0.0,0.0,0.0,0.0,0.0,0.0,0.0,15.2,982.5,0.5,1.3,90,0.0,0
2024-06-16 06:20:00,0,0.0,0.0,0.0,0,0,0.0,0,0,0.0,,0.0,0.0,0,0,0.0,0,0,0,0,0,0,0,0,0,0,0,0,0,0,0,0,0,0,0,0,0,0,0,0,0,0,0,0,0,0,0.9980973490458728,0.4564221286261709,0.10908425876598504,0.8117449009293667,0.6196578321437789,0.014529091286973994,0,0,0.0,0.0,0.0,0.0,0.0,0.0,0.0,0.0,15.3,982.6,0.5,1.4,92,0.0,0
2024-06-16 06:25:00,0,0.0,0.0,0.0,0,0,0.0,0,0,0.0,,0.0,0.0,0,0,0.0,0,0,0,0,0,0,0,0,0,0,0,0,0,0,0,0,0,0,0,0,0,0,0,0,0,0,0,0,0,0,0.9970281691111598,0.44556656257401783,0.10908425876598504,0.8117449009293667,0.6196578321437789,0.014529091286973994,0,0,0.0,0.0,0.0,0.0,0.0,0.0,0.0,0.0,15.3,982.6,0.5,1.4,92,0.0,0
2024-06-16 06:30:00,0,0.0,0.0,0.0,0,0,0.0,0,0,0.0,,0.0,0.0,0,0,0.0,0,0,0,0,0,0,0,0,0,0,0,0,0,0,0,0,0,0,0,0,0,0,0,0,0,0,0,0,0,0,0.9957224306869052,0.4347369038899743,0.10908425876598504,0.8117449009293667,0.6196578321437789,0.014529091286973994,0,0,0.0,0.0,0.0,0.0,0.0,0.0,0.0,0.0,15.4,982.5,0.4,1.4,90,0.0,0
2024-06-16 06:35:00,0,0.0,0.0,0.0,0,0,0.0,0,0,0.0,,0.0,0.0,0,0,0.0,0,0,0,0,0,0,0,0,0,0,0,0,0,0,0,0,0,0,0,0,0,0,0,0,0,0,0,0,0,0,0.9941807552338804,0.42393830690504175,0.10908425876598504,0.8117449009293667,0.6196578321437789,0.014529091286973994,0,0,0.0,0.0,0.0,0.0,0.0,0.0,0.0,0.0,15.4,982.5,0.4,1.4,90,0.0,0
2024-06-16 06:40:00,0,0.0,0.0,0.0,0,0,0.0,0,0,0.0,,0.0,0.0,0,0,0.0,0,0,0,0,0,0,0,0,0,0,0,0,0,0,0,0,0,0,0,0,0,0,0,0,0,0,0,0,0,0,0.9924038765061041,0.41317591116653485,0.10908425876598504,0.8117449009293667,0.6196578321437789,0.014529091286973994,0,0,0.0,0.0,0.0,0.0,0.0,0.0,0.0,0.0,15.4,982.6,0.4,1.0,89,0.0,0
2024-06-16 06:45:00,0,0.0,0.0,0.0,0,0,0.0,0,0,0.0,,0.0,0.0,0,0,0.0,0,0,0,0,0,0,0,0,0,0,0,0,0,0,0,0,0,0,0,0,0,0,0,0,0,0,0,0,0,0,0.9903926402016152,0.4024548389919359,0.10908425876598504,0.8117449009293667,0.6196578321437789,0.014529091286973994,0,0,0.0,0.0,0.0,0.0,0.0,0.0,0.0,0.0,15.4,982.6,0.4,1.0,89,0.0,0
2024-06-16 06:50:00,0,0.0,0.0,0.0,0,0,0.0,0,0,0.0,,0.0,0.0,0,0,0.0,0,0,0,0,0,0,0,0,0,0,0,0,0,0,0,0,0,0,0,0,0,0,0,0,0,0,0,0,0,0,0.9881480035599667,0.3917801930309486,0.10908425876598504,0.8117449009293667,0.6196578321437789,0.014529091286973994,0,0,0.0,0.0,0.0,0.0,0.0,0.0,0.0,0.0,15.4,982.6,0.4,1.1,87,0.1,0
2024-06-16 06:55:00,0,0.0,0.0,0.0,0,0,0.0,0,0,0.0,,0.0,0.0,0,0,0.0,0,0,0,0,0,0,0,0,0,0,0,0,0,0,0,0,0,0,0,0,0,0,0,0,0,0,0,0,0,0,0.9856710349066307,0.3811570538369134,0.10908425876598504,0.8117449009293667,0.6196578321437789,0.014529091286973994,0,0,0.0,0.0,0.0,0.0,0.0,0.0,0.0,0.0,15.4,982.6,0.4,1.1,87,0.1,0
2024-06-16 07:00:00,0,0.0,0.0,0.0,0,0,0.0,0,0,0.0,,0.0,0.0,0,0,0.0,0,0,0,0,0,0,0,0,0,0,0,0,0,0,0,0,0,0,0,0,0,0,0,0,0,0,0,0,0,0,0.9829629131445341,0.3705904774487396,0.10908425876598504,0.8117449009293667,0.6196578321437789,0.014529091286973994,0,0,0.0,0.0,0.0,0.0,0.0,0.0,0.0,0.0,15.4,982.6,0.7,1.6,90,0.0,0
2024-06-16 07:05:00,0,0.0,0.0,0.0,0,0,0.0,0,0,0.0,,0.0,0.0,0,0,0.0,0,0,0,0,0,0,0,0,0,0,0,0,0,0,0,0,0,0,0,0,0,0,0,0,0,0,0,0,0,0,0.9800249271929644,0.360085492984504,0.10908425876598504,0.8117449009293667,0.6196578321437789,0.014529091286973994,0,0,0.0,0.0,0.0,0.0,0.0,0.0,0.0,0.0,15.4,982.6,0.7,1.6,90,0.0,0
2024-06-16 07:10:00,0,0.0,0.0,0.0,0,0,0.0,0,0,0.0,,0.0,0.0,0,0,0.0,0,0,0,0,0,0,0,0,0,0,0,0,0,0,0,0,0,0,0,0,0,0,0,0,0,0,0,0,0,0,0.9768584753741134,0.3496471002478635,0.10908425876598504,0.8117449009293667,0.6196578321437789,0.014529091286973994,0,0,0.0,0.0,0.0,0.0,0.0,0.0,0.0,0.0,15.5,982.6,0.4,1.2,90,0.3,0
2024-06-16 07:15:00,0,0.0,0.0,0.0,0,0,0.0,0,0,0.0,,0.0,0.0,0,0,0.0,0,0,0,0,0,0,0,0,0,0,0,0,0,0,0,0,0,0,0,0,0,0,0,0,0,0,0,0,0,0,0.9734650647475529,0.3392802673484193,0.10908425876598504,0.8117449009293667,0.6196578321437789,0.014529091286973994,0,0,0.0,0.0,0.0,0.0,0.0,0.0,0.0,0.0,15.5,982.6,0.4,1.2,90,0.3,0
2024-06-16 07:20:00,0,0.0,0.0,0.0,0,0,0.0,0,0,0.0,,0.0,0.0,0,0,0.0,0,0,0,0,0,0,0,0,0,0,0,0,0,0,0,0,0,0,0,0,0,0,0,0,0,0,0,0,0,0,0.9698463103929542,0.3289899283371658,0.10908425876598504,0.8117449009293667,0.6196578321437789,0.014529091286973994,0,0,0.0,0.0,0.0,0.0,0.0,0.0,0.0,0.0,15.4,982.6,0.4,1.4,91,0.5,0
2024-06-16 07:25:00,0,0.0,0.0,0.0,0,0,0.0,0,0,0.0,,0.0,0.0,0,0,0.0,0,0,0,0,0,0,0,0,0,0,0,0,0,0,0,0,0,0,0,0,0,0,0,0,0,0,0,0,0,0,0.9660039346413993,0.3187809808581492,0.10908425876598504,0.8117449009293667,0.6196578321437789,0.014529091286973994,0,0,0.0,0.0,0.0,0.0,0.0,0.0,0.0,0.0,15.4,982.6,0.4,1.4,91,0.5,0
2024-06-16 07:30:00,0,0.0,0.0,0.0,0,0,0.0,0,0,0.0,,0.0,0.0,0,0,0.0,0,0,0,0,0,0,0,0,0,0,0,0,0,0,0,0,0,0,0,0,0,0,0,0,0,0,0,0,0,0,0.9619397662556434,0.30865828381745514,0.10908425876598504,0.8117449009293667,0.6196578321437789,0.014529091286973994,0,0,0.0,0.0,0.0,0.0,0.0,0.0,0.0,0.0,15.4,982.7,0.4,1.2,91,0.3,0
2024-06-16 07:35:00,0,0.0,0.0,0.0,0,0,0.0,0,0,0.0,,0.0,0.0,0,0,0.0,0,0,0,0,0,0,0,0,0,0,0,0,0,0,0,0,0,0,0,0,0,0,0,0,0,0,0,0,0,0,0.9576557395597236,0.29862665507063146,0.10908425876598504,0.8117449009293667,0.6196578321437789,0.014529091286973994,0,0,0.0,0.0,0.0,0.0,0.0,0.0,0.0,0.0,15.4,982.7,0.4,1.2,91,0.3,0
2024-06-16 07:40:00,0,0.0,0.0,0.0,0,0,0.0,0,0,0.0,,0.0,0.0,0,0,0.0,0,0,0,0,0,0,0,0,0,0,0,0,0,0,0,0,0,0,0,0,0,0,0,0,0,0,0,0,0,0,0.9531538935183249,0.28869086912965014,0.10908425876598504,0.8117449009293667,0.6196578321437789,0.014529091286973994,0,0,0.0,0.0,0.0,0.0,0.0,0.0,0.0,0.0,15.6,982.7,0.2,0.9,92,0.1,0
2024-06-16 07:45:00,0,0.0,0.0,0.0,0,0,0.0,0,0,0.0,,0.0,0.0,0,0,0.0,0,0,0,0,0,0,0,0,0,0,0,0,0,0,0,0,0,0,0,0,0,0,0,0,0,0,0,0,0,0,0.9484363707663441,0.27885565489049946,0.10908425876598504,0.8117449009293667,0.6196578321437789,0.014529091286973994,0,0,0.0,0.0,0.0,0.0,0.0,0.0,0.0,0.0,15.6,982.7,0.2,0.9,92,0.1,0
2024-06-16 07:50:00,0,0.0,0.0,0.0,0,0,0.0,0,0,0.0,,0.0,0.0,0,0,0.0,0,0,0,0,0,0,0,0,0,0,0,0,0,0,0,0,0,0,0,0,0,0,0,0,0,0,0,0,0,0,0.9435054165891109,0.26912569338248316,0.10908425876598504,0.8117449009293667,0.6196578321437789,0.014529091286973994,0,0,0.0,0.0,0.0,0.0,0.0,0.0,0.0,0.0,15.6,982.7,0.3,1.2,91,0.1,0
2024-06-16 07:55:00,0,0.0,0.0,0.0,0,0,0.0,0,0,0.0,,0.0,0.0,0,0,0.0,0,0,0,0,0,0,0,0,0,0,0,0,0,0,0,0,0,0,0,0,0,0,0,0,0,0,0,0,0,0,0.9383633778537539,0.25950561554030627,0.10908425876598504,0.8117449009293667,0.6196578321437789,0.014529091286973994,0,0,0.0,0.0,0.0,0.0,0.0,0.0,0.0,0.0,15.6,982.7,0.3,1.2,91,0.1,0
2024-06-16 08:00:00,0,0.0,0.0,0.0,0,0,0.0,0,0,0.0,,0.0,0.0,0,0,0.0,0,0,0,0,0,0,0,0,0,0,0,0,0,0,0,0,0,0,0,0,0,0,0,0,0,0,0,0,0,0,0.9330127018922194,0.2500000000000001,0.10908425876598504,0.8117449009293667,0.6196578321437789,0.014529091286973994,0,0,0.0,0.0,0.0,0.0,0.0,0.0,0.0,0.0,15.7,982.6,0.3,0.8,91,0.1,0
2024-06-16 08:05:00,0,0.0,0.0,0.0,0,0,0.0,0,0,0.0,,0.0,0.0,0,0,0.0,0,0,0,0,0,0,0,0,0,0,0,0,0,0,0,0,0,0,0,0,0,0,0,0,0,0,0,0,0,0,0.9274559353364733,0.24061337091973917,0.10908425876598504,0.8117449009293667,0.6196578321437789,0.014529091286973994,0,0,0.0,0.0,0.0,0.0,0.0,0.0,0.0,0.0,15.7,982.6,0.3,0.8,91,0.1,0
2024-06-16 08:10:00,0,0.0,0.0,0.0,0,0,0.0,0,0,0.0,,0.0,0.0,0,0,0.0,0,0,0,0,0,0,0,0,0,0,0,0,0,0,0,0,0,0,0,0,0,0,0,0,0,0,0,0,0,0,0.9216957229064429,0.23135019582658822,0.10908425876598504,0.8117449009293667,0.6196578321437789,0.014529091286973994,0,0,0.0,0.0,0.0,0.0,0.0,0.0,0.0,0.0,15.7,982.6,0.4,1.0,90,0.0,0
2024-06-16 08:15:00,0,0.0,0.0,0.0,0,0,0.0,0,0,0.0,,0.0,0.0,0,0,0.0,0,0,0,0,0,0,0,0,0,0,0,0,0,0,0,0,0,0,0,0,0,0,0,0,0,0,0,0,0,0,0.9157348061512727,0.22221488349019902,0.10908425876598504,0.8117449009293667,0.6196578321437789,0.014529091286973994,0,0,0.0,0.0,0.0,0.0,0.0,0.0,0.0,0.0,15.7,982.6,0.4,1.0,90,0.0,0
2024-06-16 08:20:00,0,0.0,0.0,0.0,0,0,0.0,0,0,0.0,,0.0,0.0,0,0,0.0,0,0,0,0,0,0,0,0,0,0,0,0,0,0,0,0,0,0,0,0,0,0,0,0,0,0,0,0,0,0,0.9095760221444958,0.21321178182447692,0.10908425876598504,0.8117449009293667,0.6196578321437789,0.014529091286973994,0,0,0.0,0.0,0.0,0.0,0.0,0.0,0.0,0.0,15.9,982.7,0.5,1.4,89,0.0,0
2024-06-16 08:25:00,0,0.0,0.0,0.0,0,0,0.0,0,0,0.0,,0.0,0.0,0,0,0.0,0,0,0,0,0,0,0,0,0,0,0,0,0,0,0,0,0,0,0,0,0,0,0,0,0,0,0,0,0,0,0.9032223021337413,0.20434517581820894,0.10908425876598504,0.8117449009293667,0.6196578321437789,0.014529091286973994,0,0,0.0,0.0,0.0,0.0,0.0,0.0,0.0,0.0,15.9,982.7,0.5,1.4,89,0.0,0
2024-06-16 08:30:00,0,0.0,0.0,0.0,0,0,0.0,0,0,0.0,,0.0,0.0,0,0,0.0,0,0,0,0,0,0,0,0,0,0,0,0,0,0,0,0,0,0,0,0,0,0,0,0,0,0,0,0,0,0,0.8966766701456176,0.19561928549563967,0.10908425876598504,0.8117449009293667,0.6196578321437789,0.014529091286973994,0,0,0.0,0.0,0.0,0.0,0.0,0.0,0.0,0.0,16.1,982.6,0.5,1.3,89,0.0,0
2024-06-16 08:35:00,0,0.0,0.0,0.0,0,0,0.0,0,0,0.0,,0.0,0.0,0,0,0.0,0,0,0,0,0,0,0,0,0,0,0,0,0,0,0,0,0,0,0,0,0,0,0,0,0,0,0,0,0,0,0.8899422415464409,0.18703826390797046,0.10908425876598504,0.8117449009293667,0.6196578321437789,0.014529091286973994,0,0,0.0,0.0,0.0,0.0,0.0,0.0,0.0,0.0,16.1,982.6,0.5,1.3,89,0.0,0
2024-06-16 08:40:00,0,0.0,0.0,0.0,0,0,0.0,0,0,0.0,,0.0,0.0,0,0,0.0,0,0,0,0,0,0,0,0,0,0,0,0,0,0,0,0,0,0,0,0,0,0,0,0,0,0,0,0,0,0,0.883022221559489,0.17860619515673032,0.10908425876598504,0.8117449009293667,0.6196578321437789,0.014529091286973994,0,0,0.0,0.0,0.0,0.0,0.0,0.0,0.0,0.0,16.4,982.6,0.9,2.0,88,0.0,0
2024-06-16 08:45:00,0,0.0,0.0,0.0,0,0,0.0,0,0,0.0,,0.0,0.0,0,0,0.0,0,0,0,0,0,0,0,0,0,0,0,0,0,0,0,0,0,0,0,0,0,0,0,0,0,0,0,0,0,0,0.8759199037394887,0.17032709244996558,0.10908425876598504,0.8117449009293667,0.6196578321437789,0.014529091286973994,0,0,0.0,0.0,0.0,0.0,0.0,0.0,0.0,0.0,16.4,982.6,0.9,2.0,88,0.0,0
2024-06-16 08:50:00,0,0.0,0.0,0.0,0,0,0.0,0,0,0.0,,0.0,0.0,0,0,0.0,0,0,0,0,0,0,0,0,0,0,0,0,0,0,0,0,0,0,0,0,0,0,0,0,0,0,0,0,0,0,0.868638668405062,0.16220489619216988,0.10908425876598504,0.8117449009293667,0.6196578321437789,0.014529091286973994,0,0,0.0,0.0,0.0,0.0,0.0,0.0,0.0,0.0,16.5,982.6,1.4,2.4,89,0.0,0
2024-06-16 08:55:00,0,0.0,0.0,0.0,0,0,0.0,0,0,0.0,,0.0,0.0,0,0,0.0,0,0,0,0,0,0,0,0,0,0,0,0,0,0,0,0,0,0,0,0,0,0,0,0,0,0,0,0,0,0,0.861181981029878,0.15424347210886552,0.10908425876598504,0.8117449009293667,0.6196578321437789,0.014529091286973994,0,0,0.0,0.0,0.0,0.0,0.0,0.0,0.0,0.0,16.5,982.6,1.4,2.4,89,0.0,0
2024-06-16 09:00:00,0,0.0,0.0,0.0,0,0,0.0,0,0,0.0,,0.0,0.0,0,0,0.0,0,0,0,0,0,0,0,0,0,0,0,0,0,0,0,0,0,0,0,0,0,0,0,0,0,0,0,0,0,0,0.8535533905932737,0.14644660940672627,0.10908425876598504,0.8117449009293667,0.6196578321437789,0.014529091286973994,0,0,0.0,0.0,0.0,0.0,0.0,0.0,0.0,0.0,16.5,982.6,0.4,1.7,89,0.0,0
2024-06-16 09:05:00,0,0.0,0.0,0.0,0,0,0.0,0,0,0.0,,0.0,0.0,0,0,0.0,0,0,0,0,0,0,0,0,0,0,0,0,0,0,0,0,0,0,0,0,0,0,0,0,0,0,0,0,0,0,0.8457565278911345,0.13881801897012208,0.10908425876598504,0.8117449009293667,0.6196578321437789,0.014529091286973994,0,0,0.0,0.0,0.0,0.0,0.0,0.0,0.0,0.0,16.5,982.6,0.4,1.7,89,0.0,0
2024-06-16 09:10:00,0,0.0,0.0,0.0,0,0,0.0,0,0,0.0,,0.0,0.0,0,0,0.0,0,0,0,0,0,0,0,0,0,0,0,0,0,0,0,0,0,0,0,0,0,0,0,0,0,0,0,0,0,0,0.8377951038078302,0.131361331594938,0.10908425876598504,0.8117449009293667,0.6196578321437789,0.014529091286973994,0,0,0.0,0.0,0.0,0.0,0.0,0.0,0.0,0.0,16.6,982.6,0.8,2.5,87,0.1,0
2024-06-16 09:15:00,0,0.0,0.0,0.0,0,0,0.0,0,0,0.0,,0.0,0.0,0,0,0.0,0,0,0,0,0,0,0,0,0,0,0,0,0,0,0,0,0,0,0,0,0,0,0,0,0,0,0,0,0,0,0.8296729075500344,0.12408009626051136,0.10908425876598504,0.8117449009293667,0.6196578321437789,0.014529091286973994,0,0,0.0,0.0,0.0,0.0,0.0,0.0,0.0,0.0,16.6,982.6,0.8,2.5,87,0.1,0
2024-06-16 09:20:00,0,0.0,0.0,0.0,0,0,0.0,0,0,0.0,,0.0,0.0,0,0,0.0,0,0,0,0,0,0,0,0,0,0,0,0,0,0,0,0,0,0,0,0,0,0,0,0,0,0,0,0,0,0,0.8213938048432697,0.11697777844051105,0.10908425876598504,0.8117449009293667,0.6196578321437789,0.014529091286973994,0,0,0.0,0.0,0.0,0.0,0.0,0.0,0.0,0.0,16.9,982.6,1.1,2.3,87,0.0,0
2024-06-16 09:25:00,0,0.0,0.0,0.0,0,0,0.0,0,0,0.0,,0.0,0.0,0,0,0.0,0,0,0,0,0,0,0,0,0,0,0,0,0,0,0,0,0,0,0,0,0,0,0,0,0,0,0,0,0,0,0.8129617360920296,0.1100577584535592,0.10908425876598504,0.8117449009293667,0.6196578321437789,0.014529091286973994,0,0,0.0,0.0,0.0,0.0,0.0,0.0,0.0,0.0,16.9,982.6,1.1,2.3,87,0.0,0
2024-06-16 09:30:00,0,0.0,0.0,0.0,0,0,0.0,0,0,0.0,,0.0,0.0,0,0,0.0,0,0,0,0,0,0,0,0,0,0,0,0,0,0,0,0,0,0,0,0,0,0,0,0,0,0,0,0,0,0,0.8043807145043604,0.10332332985438247,0.10908425876598504,0.8117449009293667,0.6196578321437789,0.014529091286973994,0,0,0.0,0.0,0.0,0.0,0.0,0.0,0.0,0.0,17.4,982.6,0.8,2.1,84,0.0,0
2024-06-16 09:35:00,0,0.0,0.0,0.0,0,0,0.0,0,0,0.0,,0.0,0.0,0,0,0.0,0,0,0,0,0,0,0,0,0,0,0,0,0,0,0,0,0,0,0,0,0,0,0,0,0,0,0,0,0,0,0.7956548241817911,0.09677769786625867,0.10908425876598504,0.8117449009293667,0.6196578321437789,0.014529091286973994,0,0,0.0,0.0,0.0,0.0,0.0,0.0,0.0,0.0,17.4,982.6,0.8,2.1,84,0.0,0
2024-06-16 09:40:00,0,0.0,0.0,0.0,0,0,0.0,0,0,0.0,,0.0,0.0,0,0,0.0,0,0,0,0,0,0,0,0,0,0,0,0,0,0,0,0,0,0,0,0,0,0,0,0,0,0,0,0,0,0,0.7867882181755232,0.09042397785550421,0.10908425876598504,0.8117449009293667,0.6196578321437789,0.014529091286973994,0,0,0.0,0.0,0.0,0.0,0.0,0.0,0.0,0.0,17.6,982.5,0.7,1.8,84,0.0,4
2024-06-16 09:45:00,0,0.0,0.0,0.0,0,0,0.0,0,0,0.0,,0.0,0.0,0,0,0.0,0,0,0,0,0,0,0,0,0,0,0,0,0,0,0,0,0,0,0,0,0,0,0,0,0,0,0,0,0,0,0.7777851165098011,0.08426519384872733,0.10908425876598504,0.8117449009293667,0.6196578321437789,0.014529091286973994,0,0,0.0,0.0,0.0,0.0,0.0,0.0,0.0,0.0,17.6,982.5,0.7,1.8,84,0.0,4
2024-06-16 09:50:00,0,0.0,0.0,0.0,0,0,0.0,0,0,0.0,,0.0,0.0,0,0,0.0,0,0,0,0,0,0,0,0,0,0,0,0,0,0,0,0,0,0,0,0,0,0,0,0,0,0,0,0,0,0,0.7686498041734119,0.07830427709355714,0.10908425876598504,0.8117449009293667,0.6196578321437789,0.014529091286973994,0,0,0.0,0.0,0.0,0.0,0.0,0.0,0.0,0.0,17.7,982.4,0.6,2.0,82,0.0,0
2024-06-16 09:55:00,0,0.0,0.0,0.0,0,0,0.0,0,0,0.0,,0.0,0.0,0,0,0.0,0,0,0,0,0,0,0,0,0,0,0,0,0,0,0,0,0,0,0,0,0,0,0,0,0,0,0,0,0,0,0.7593866290802609,0.07254406466352681,0.10908425876598504,0.8117449009293667,0.6196578321437789,0.014529091286973994,0,0,0.0,0.0,0.0,0.0,0.0,0.0,0.0,0.0,17.7,982.4,0.6,2.0,82,0.0,0
2024-06-16 10:00:00,0,0.0,0.0,0.0,0,0,0.0,0,0,0.0,,0.0,0.0,0,0,0.0,0,0,0,0,0,0,0,0,0,0,0,0,0,0,0,0,0,0,0,0,0,0,0,0,0,0,0,0,0,0,0.75,0.06698729810778065,0.10908425876598504,0.8117449009293667,0.6196578321437789,0.014529091286973994,0,0,0.0,0.0,0.0,0.0,0.0,0.0,0.0,0.0,18.0,982.5,0.3,1.5,80,0.0,7
2024-06-16 10:05:00,0,0.0,0.0,0.0,0,0,0.0,0,0,0.0,,0.0,0.0,0,0,0.0,0,0,0,0,0,0,0,0,0,0,0,0,0,0,0,0,0,0,0,0,0,0,0,0,0,0,0,0,0,0,0.7404943844596938,0.061636622146246156,0.10908425876598504,0.8117449009293667,0.6196578321437789,0.014529091286973994,0,0,0.0,0.0,0.0,0.0,0.0,0.0,0.0,0.0,18.0,982.5,0.3,1.5,80,0.0,7
2024-06-16 10:10:00,0,0.0,0.0,0.0,0,0,0.0,0,0,0.0,,0.0,0.0,0,0,0.0,0,0,0,0,0,0,0,0,0,0,0,0,0,0,0,0,0,0,0,0,0,0,0,0,0,0,0,0,0,0,0.730874306617517,0.05649458341088914,0.10908425876598504,0.8117449009293667,0.6196578321437789,0.014529091286973994,0,0,0.0,0.0,0.0,0.0,0.0,0.0,0.0,0.0,18.0,982.4,0.7,2.6,80,0.0,0
2024-06-16 10:15:00,0,0.0,0.0,0.0,0,0,0.0,0,0,0.0,,0.0,0.0,0,0,0.0,0,0,0,0,0,0,0,0,0,0,0,0,0,0,0,0,0,0,0,0,0,0,0,0,0,0,0,0,0,0,0.7211443451095007,0.05156362923365587,0.10908425876598504,0.8117449009293667,0.6196578321437789,0.014529091286973994,0,0,0.0,0.0,0.0,0.0,0.0,0.0,0.0,0.0,18.0,982.4,0.7,2.6,80,0.0,0
2024-06-16 10:20:00,0,0.0,0.0,0.0,0,0,0.0,0,0,0.0,,0.0,0.0,0,0,0.0,0,0,0,0,0,0,0,0,0,0,0,0,0,0,0,0,0,0,0,0,0,0,0,0,0,0,0,0,0,0,0.7113091308703497,0.04684610648167503,0.10908425876598504,0.8117449009293667,0.6196578321437789,0.014529091286973994,0,0,0.0,0.0,0.0,0.0,0.0,0.0,0.0,0.0,18.7,982.3,0.0,1.4,78,0.0,174
2024-06-16 10:25:00,0,0.0,0.0,0.0,0,0,0.0,0,0,0.0,,0.0,0.0,0,0,0.0,0,0,0,0,0,0,0,0,0,0,0,0,0,0,0,0,0,0,0,0,0,0,0,0,0,0,0,0,0,0,0.7013733449293689,0.04234426044027656,0.10908425876598504,0.8117449009293667,0.6196578321437789,0.014529091286973994,0,0,0.0,0.0,0.0,0.0,0.0,0.0,0.0,0.0,18.7,982.3,0.0,1.4,78,0.0,174
2024-06-16 10:30:00,0,0.0,0.0,0.0,0,0,0.0,0,0,0.0,,0.0,0.0,0,0,0.0,0,0,0,0,0,0,0,0,0,0,0,0,0,0,0,0,0,0,0,0,0,0,0,0,0,0,0,0,0,0,0.6913417161825449,0.03806023374435663,0.10908425876598504,0.8117449009293667,0.6196578321437789,0.014529091286973994,0,0,0.0,0.0,0.0,0.0,0.0,0.0,0.0,0.0,18.6,982.3,0.8,2.5,77,0.0,102
2024-06-16 10:35:00,0,0.0,0.0,0.0,0,0,0.0,0,0,0.0,,0.0,0.0,0,0,0.0,0,0,0,0,0,0,0,0,0,0,0,0,0,0,0,0,0,0,0,0,0,0,0,0,0,0,0,0,0,0,0.6812190191418507,0.03399606535860067,0.10908425876598504,0.8117449009293667,0.6196578321437789,0.014529091286973994,0,0,0.0,0.0,0.0,0.0,0.0,0.0,0.0,0.0,18.6,982.3,0.8,2.5,77,0.0,102
2024-06-16 10:40:00,0,0.0,0.0,0.0,0,0,0.0,0,0,0.0,,0.0,0.0,0,0,0.0,0,0,0,0,0,0,0,0,0,0,0,0,0,0,0,0,0,0,0,0,0,0,0,0,0,0,0,0,0,0,0.6710100716628344,0.03015368960704584,0.10908425876598504,0.8117449009293667,0.6196578321437789,0.014529091286973994,0,0,0.0,0.0,0.0,0.0,0.0,0.0,0.0,0.0,19.2,982.2,1.0,2.9,78,0.0,336
2024-06-16 10:45:00,0,0.0,0.0,0.0,0,0,0.0,0,0,0.0,,0.0,0.0,0,0,0.0,0,0,0,0,0,0,0,0,0,0,0,0,0,0,0,0,0,0,0,0,0,0,0,0,0,0,0,0,0,0,0.6607197326515809,0.02653493525244721,0.10908425876598504,0.8117449009293667,0.6196578321437789,0.014529091286973994,0,0,0.0,0.0,0.0,0.0,0.0,0.0,0.0,0.0,19.2,982.2,1.0,2.9,78,0.0,336
2024-06-16 10:50:00,0,0.0,0.0,0.0,0,0,0.0,0,0,0.0,,0.0,0.0,0,0,0.0,0,0,0,0,0,0,0,0,0,0,0,0,0,0,0,0,0,0,0,0,0,0,0,0,0,0,0,0,0,0,0.6503528997521366,0.02314152462588659,0.10908425876598504,0.8117449009293667,0.6196578321437789,0.014529091286973994,0,0,0.0,0.0,0.0,0.0,0.0,0.0,0.0,0.0,19.1,982.2,0.0,2.2,73,0.0,76
2024-06-16 10:55:00,0,0.0,0.0,0.0,0,0,0.0,0,0,0.0,,0.0,0.0,0,0,0.0,0,0,0,0,0,0,0,0,0,0,0,0,0,0,0,0,0,0,0,0,0,0,0,0,0,0,0,0,0,0,0.6399145070154961,0.0199750728070357,0.10908425876598504,0.8117449009293667,0.6196578321437789,0.014529091286973994,0,0,0.0,0.0,0.0,0.0,0.0,0.0,0.0,0.0,19.1,982.2,0.0,2.2,73,0.0,76
2024-06-16 11:00:00,0,0.0,0.0,0.0,0,0,0.0,0,0,0.0,,0.0,0.0,0,0,0.0,0,0,0,0,0,0,0,0,0,0,0,0,0,0,0,0,0,0,0,0,0,0,0,0,0,0,0,0,0,0,0.6294095225512605,0.0170370868554659,0.10908425876598504,0.8117449009293667,0.6196578321437789,0.014529091286973994,0,0,0.0,0.0,0.0,0.0,0.0,0.0,0.0,0.0,19.7,982.2,0.8,3.3,70,0.0,198
2024-06-16 11:05:00,0,0.0,0.0,0.0,0,0,0.0,0,0,0.0,,0.0,0.0,0,0,0.0,0,0,0,0,0,0,0,0,0,0,0,0,0,0,0,0,0,0,0,0,0,0,0,0,0,0,0,0,0,0,0.6188429461630864,0.014328965093369284,0.10908425876598504,0.8117449009293667,0.6196578321437789,0.014529091286973994,0,0,0.0,0.0,0.0,0.0,0.0,0.0,0.0,0.0,19.7,982.2,0.8,3.3,70,0.0,198
2024-06-16 11:10:00,0,0.0,0.0,0.0,0,0,0.0,0,0,0.0,,0.0,0.0,0,0,0.0,0,0,0,0,0,0,0,0,0,0,0,0,0,0,0,0,0,0,0,0,0,0,0,0,0,0,0,0,0,0,0.6082198069690516,0.011851996440033374,0.10908425876598504,0.8117449009293667,0.6196578321437789,0.014529091286973994,0,0,0.0,0.0,0.0,0.0,0.0,0.0,0.0,0.0,19.7,982.1,0.6,2.5,70,0.0,113
2024-06-16 11:15:00,0,0.0,0.0,0.0,0,0,0.0,0,0,0.0,,0.0,0.0,0,0,0.0,0,0,0,0,0,0,0,0,0,0,0,0,0,0,0,0,0,0,0,0,0,0,0,0,0,0,0,0,0,0,0.5975451610080643,0.009607359798384785,0.10908425876598504,0.8117449009293667,0.6196578321437789,0.014529091286973994,0,0,0.0,0.0,0.0,0.0,0.0,0.0,0.0,0.0,19.7,982.1,0.6,2.5,70,0.0,113
2024-06-16 11:20:00,0,0.0,0.0,0.0,0,0,0.0,0,0,0.0,,0.0,0.0,0,0,0.0,0,0,0,0,0,0,0,0,0,0,0,0,0,0,0,0,0,0,0,0,0,0,0,0,0,0,0,0,0,0,0.5868240888334652,0.00759612349389599,0.10908425876598504,0.8117449009293667,0.6196578321437789,0.014529091286973994,0,0,0.0,0.0,0.0,0.0,0.0,0.0,0.0,0.0,19.6,982.0,1.1,2.8,70,0.0,0
2024-06-16 11:25:00,0,0.0,0.0,0.0,0,0,0.0,0,0,0.0,,0.0,0.0,0,0,0.0,0,0,0,0,0,0,0,0,0,0,0,0,0,0,0,0,0,0,0,0,0,0,0,0,0,0,0,0,0,0,0.5760616930949586,0.005819244766119669,0.10908425876598504,0.8117449009293667,0.6196578321437789,0.014529091286973994,0,0,0.0,0.0,0.0,0.0,0.0,0.0,0.0,0.0,19.6,982.0,1.1,2.8,70,0.0,0
2024-06-16 11:30:00,0,0.0,0.0,0.0,0,0,0.0,0,0,0.0,,0.0,0.0,0,0,0.0,0,0,0,0,0,0,0,0,0,0,0,0,0,0,0,0,0,0,0,0,0,0,0,0,0,0,0,0,0,0,0.5652630961100258,0.004277569313094809,0.10908425876598504,0.8117449009293667,0.6196578321437789,0.014529091286973994,0,0,0.0,0.0,0.0,0.0,0.0,0.0,0.0,0.0,19.7,982.0,0.9,2.9,68,0.0,0
2024-06-16 11:35:00,0,0.0,0.0,0.0,0,0,0.0,0,0,0.0,,0.0,0.0,0,0,0.0,0,0,0,0,0,0,0,0,0,0,0,0,0,0,0,0,0,0,0,0,0,0,0,0,0,0,0,0,0,0,0.5544334374259823,0.0029718308888401768,0.10908425876598504,0.8117449009293667,0.6196578321437789,0.014529091286973994,0,0,0.0,0.0,0.0,0.0,0.0,0.0,0.0,0.0,19.7,982.0,0.9,2.9,68,0.0,0
2024-06-16 11:40:00,0,0.0,0.0,0.0,0,0,0.0,0,0,0.0,,0.0,0.0,0,0,0.0,0,0,0,0,0,0,0,0,0,0,0,0,0,0,0,0,0,0,0,0,0,0,0,0,0,0,0,0,0,0,0.5435778713738291,0.0019026509541272274,0.10908425876598504,0.8117449009293667,0.6196578321437789,0.014529091286973994,0,0,0.0,0.0,0.0,0.0,0.0,0.0,0.0,0.0,19.9,982.0,0.7,2.1,70,0.0,36
2024-06-16 11:45:00,0,0.0,0.0,0.0,0,0,0.0,0,0,0.0,,0.0,0.0,0,0,0.0,0,0,0,0,0,0,0,0,0,0,0,0,0,0,0,0,0,0,0,0,0,0,0,0,0,0,0,0,0,0,0.5327015646150716,0.0010705383806982605,0.10908425876598504,0.8117449009293667,0.6196578321437789,0.014529091286973994,0,0,0.0,0.0,0.0,0.0,0.0,0.0,0.0,0.0,19.9,982.0,0.7,2.1,70,0.0,36
2024-06-16 11:50:00,0,0.0,0.0,0.0,0,0,0.0,0,0,0.0,,0.0,0.0,0,0,0.0,0,0,0,0,0,0,0,0,0,0,0,0,0,0,0,0,0,0,0,0,0,0,0,0,0,0,0,0,0,0,0.521809693682668,0.0004758892090711009,0.10908425876598504,0.8117449009293667,0.6196578321437789,0.014529091286973994,0,0,0.0,0.0,0.0,0.0,0.0,0.0,0.0,0.0,20.1,982.0,1.0,3.1,65,0.0,0
2024-06-16 11:55:00,0,0.0,0.0,0.0,0,0,0.0,0,0,0.0,,0.0,0.0,0,0,0.0,0,0,0,0,0,0,0,0,0,0,0,0,0,0,0,0,0,0,0,0,0,0,0,0,0,0,0,0,0,0,0.5109074425172808,0.00011898646004543378,0.10908425876598504,0.8117449009293667,0.6196578321437789,0.014529091286973994,0,0,0.0,0.0,0.0,0.0,0.0,0.0,0.0,0.0,20.1,982.0,1.0,3.1,65,0.0,0
2024-06-16 12:00:00,0,0.0,0.0,0.0,0,0,0.0,0,0,0.0,,0.0,0.0,0,0,0.0,0,0,0,0,0,0,0,0,0,0,0,0,0,0,0,0,0,0,0,0,0,0,0,0,0,0,0,0,0,0,0.5000000000000001,0.0,0.10908425876598504,0.8117449009293667,0.6196578321437789,0.014529091286973994,0,0,0.0,0.0,0.0,0.0,0.0,0.0,0.0,0.0,20.2,981.8,0.9,2.6,68,0.0,0
2024-06-16 12:05:00,0,0.0,0.0,0.0,0,0,0.0,0,0,0.0,,0.0,0.0,0,0,0.0,0,0,0,0,0,0,0,0,0,0,0,0,0,0,0,0,0,0,0,0,0,0,0,0,0,0,0,0,0,0,0.4890925574827195,0.00011898646004543378,0.10908425876598504,0.8117449009293667,0.6196578321437789,0.014529091286973994,0,0,0.0,0.0,0.0,0.0,0.0,0.0,0.0,0.0,20.2,981.8,0.9,2.6,68,0.0,0
2024-06-16 12:10:00,0,0.0,0.0,0.0,0,0,0.0,0,0,0.0,,0.0,0.0,0,0,0.0,0,0,0,0,0,0,0,0,0,0,0,0,0,0,0,0,0,0,0,0,0,0,0,0,0,0,0,0,0,0,0.47819030631733206,0.0004758892090711009,0.10908425876598504,0.8117449009293667,0.6196578321437789,0.014529091286973994,0,0,0.0,0.0,0.0,0.0,0.0,0.0,0.0,0.0,20.6,981.8,0.4,2.0,64,0.0,0
2024-06-16 12:15:00,0,0.0,0.0,0.0,0,0,0.0,0,0,0.0,,0.0,0.0,0,0,0.0,0,0,0,0,0,0,0,0,0,0,0,0,0,0,0,0,0,0,0,0,0,0,0,0,0,0,0,0,0,0,0.46729843538492855,0.0010705383806982605,0.10908425876598504,0.8117449009293667,0.6196578321437789,0.014529091286973994,0,0,0.0,0.0,0.0,0.0,0.0,0.0,0.0,0.0,20.6,981.8,0.4,2.0,64,0.0,0
2024-06-16 12:20:00,0,0.0,0.0,0.0,0,0,0.0,0,0,0.0,,0.0,0.0,0,0,0.0,0,0,0,0,0,0,0,0,0,0,0,0,0,0,0,0,0,0,0,0,0,0,0,0,0,0,0,0,0,0,0.4564221286261708,0.0019026509541272274,0.10908425876598504,0.8117449009293667,0.6196578321437789,0.014529091286973994,0,0,0.0,0.0,0.0,0.0,0.0,0.0,0.0,0.0,20.8,981.6,1.0,3.0,62,0.0,144
2024-06-16 12:25:00,0,0.0,0.0,0.0,0,0,0.0,0,0,0.0,,0.0,0.0,0,0,0.0,0,0,0,0,0,0,0,0,0,0,0,0,0,0,0,0,0,0,0,0,0,0,0,0,0,0,0,0,0,0,0.44556656257401805,0.0029718308888401768,0.10908425876598504,0.8117449009293667,0.6196578321437789,0.014529091286973994,0,0,0.0,0.0,0.0,0.0,0.0,0.0,0.0,0.0,20.8,981.6,1.0,3.0,62,0.0,144
2024-06-16 12:30:00,0,0.0,0.0,0.0,0,0,0.0,0,0,0.0,,0.0,0.0,0,0,0.0,0,0,0,0,0,0,0,0,0,0,0,0,0,0,0,0,0,0,0,0,0,0,0,0,0,0,0,0,0,0,0.4347369038899741,0.004277569313094809,0.10908425876598504,0.8117449009293667,0.6196578321437789,0.014529091286973994,0,0,0.0,0.0,0.0,0.0,0.0,0.0,0.0,0.0,21.0,981.6,0.6,2.7,62,0.0,600
2024-06-16 12:35:00,0,0.0,0.0,0.0,0,0,0.0,0,0,0.0,,0.0,0.0,0,0,0.0,0,0,0,0,0,0,0,0,0,0,0,0,0,0,0,0,0,0,0,0,0,0,0,0,0,0,0,0,0,0,0.4239383069050416,0.005819244766119669,0.10908425876598504,0.8117449009293667,0.6196578321437789,0.014529091286973994,0,0,0.0,0.0,0.0,0.0,0.0,0.0,0.0,0.0,21.0,981.6,0.6,2.7,62,0.0,600
2024-06-16 12:40:00,0,0.0,0.0,0.0,0,0,0.0,0,0,0.0,,0.0,0.0,0,0,0.0,0,0,0,0,0,0,0,0,0,0,0,0,0,0,0,0,0,0,0,0,0,0,0,0,0,0,0,0,0,0,0.41317591116653474,0.00759612349389599,0.10908425876598504,0.8117449009293667,0.6196578321437789,0.014529091286973994,0,0,0.0,0.0,0.0,0.0,0.0,0.0,0.0,0.0,21.1,981.5,0.5,3.1,62,0.0,600
2024-06-16 12:45:00,0,0.0,0.0,0.0,0,0,0.0,0,0,0.0,,0.0,0.0,0,0,0.0,0,0,0,0,0,0,0,0,0,0,0,0,0,0,0,0,0,0,0,0,0,0,0,0,0,0,0,0,0,0,0.4024548389919358,0.009607359798384785,0.10908425876598504,0.8117449009293667,0.6196578321437789,0.014529091286973994,0,0,0.0,0.0,0.0,0.0,0.0,0.0,0.0,0.0,21.1,981.5,0.5,3.1,62,0.0,600
2024-06-16 12:50:00,0,0.0,0.0,0.0,0,0,0.0,0,0,0.0,,0.0,0.0,0,0,0.0,0,0,0,0,0,0,0,0,0,0,0,0,0,0,0,0,0,0,0,0,0,0,0,0,0,0,0,0,0,0,0.39178019303094874,0.011851996440033263,0.10908425876598504,0.8117449009293667,0.6196578321437789,0.014529091286973994,0,0,0.0,0.0,0.0,0.0,0.0,0.0,0.0,0.0,20.9,981.5,0.9,3.5,63,0.0,166
2024-06-16 12:55:00,0,0.0,0.0,0.0,0,0,0.0,0,0,0.0,,0.0,0.0,0,0,0.0,0,0,0,0,0,0,0,0,0,0,0,0,0,0,0,0,0,0,0,0,0,0,0,0,0,0,0,0,0,0,0.3811570538369137,0.014328965093369228,0.10908425876598504,0.8117449009293667,0.6196578321437789,0.014529091286973994,0,0,0.0,0.0,0.0,0.0,0.0,0.0,0.0,0.0,20.9,981.5,0.9,3.5,63,0.0,166
2024-06-16 13:00:00,0,0.0,0.0,0.0,0,0,0.0,0,0,0.0,,0.0,0.0,0,0,0.0,0,0,0,0,0,0,0,0,0,0,0,0,0,0,0,0,0,0,0,0,0,0,0,0,0,0,0,0,0,0,0.37059047744873985,0.01703708685546579,0.10908425876598504,0.8117449009293667,0.6196578321437789,0.014529091286973994,0,0,0.0,0.0,0.0,0.0,0.0,0.0,0.0,0.0,21.4,981.4,0.7,3.0,61,0.0,600
2024-06-16 13:05:00,0,0.0,0.0,0.0,0,0,0.0,0,0,0.0,,0.0,0.0,0,0,0.0,0,0,0,0,0,0,0,0,0,0,0,0,0,0,0,0,0,0,0,0,0,0,0,0,0,0,0,0,0,0,0.36008549298450376,0.0199750728070357,0.10908425876598504,0.8117449009293667,0.6196578321437789,0.014529091286973994,0,0,0.0,0.0,0.0,0.0,0.0,0.0,0.0,0.0,21.4,981.4,0.7,3.0,61,0.0,600
2024-06-16 13:10:00,0,0.0,0.0,0.0,0,0,0.0,0,0,0.0,,0.0,0.0,0,0,0.0,0,0,0,0,0,0,0,0,0,0,0,0,0,0,0,0,0,0,0,0,0,0,0,0,0,0,0,0,0,0,0.34964710024786366,0.023141524625886478,0.10908425876598504,0.8117449009293667,0.6196578321437789,0.014529091286973994,0,0,0.0,0.0,0.0,0.0,0.0,0.0,0.0,0.0,21.8,981.4,0.7,3.1,60,0.0,570
2024-06-16 13:15:00,0,0.0,0.0,0.0,0,0,0.0,0,0,0.0,,0.0,0.0,0,0,0.0,0,0,0,0,0,0,0,0,0,0,0,0,0,0,0,0,0,0,0,0,0,0,0,0,0,0,0,0,0,0,0.3392802673484192,0.026534935252447156,0.10908425876598504,0.8117449009293667,0.6196578321437789,0.014529091286973994,0,0,0.0,0.0,0.0,0.0,0.0,0.0,0.0,0.0,21.8,981.4,0.7,3.1,60,0.0,570
2024-06-16 13:20:00,0,0.0,0.0,0.0,0,0,0.0,0,0,0.0,,0.0,0.0,0,0,0.0,0,0,0,0,0,0,0,0,0,0,0,0,0,0,0,0,0,0,0,0,0,0,0,0,0,0,0,0,0,0,0.32898992833716567,0.030153689607045786,0.10908425876598504,0.8117449009293667,0.6196578321437789,0.014529091286973994,0,0,0.0,0.0,0.0,0.0,0.0,0.0,0.0,0.0,21.5,981.3,1.6,3.4,56,0.0,585
2024-06-16 13:25:00,0,0.0,0.0,0.0,0,0,0.0,0,0,0.0,,0.0,0.0,0,0,0.0,0,0,0,0,0,0,0,0,0,0,0,0,0,0,0,0,0,0,0,0,0,0,0,0,0,0,0,0,0,0,0.3187809808581492,0.033996065358600724,0.10908425876598504,0.8117449009293667,0.6196578321437789,0.014529091286973994,0,0,0.0,0.0,0.0,0.0,0.0,0.0,0.0,0.0,21.5,981.3,1.6,3.4,56,0.0,585
2024-06-16 13:30:00,0,0.0,0.0,0.0,0,0,0.0,0,0,0.0,,0.0,0.0,0,0,0.0,0,0,0,0,0,0,0,0,0,0,0,0,0,0,0,0,0,0,0,0,0,0,0,0,0,0,0,0,0,0,0.3086582838174552,0.038060233744356575,0.10908425876598504,0.8117449009293667,0.6196578321437789,0.014529091286973994,0,0,0.0,0.0,0.0,0.0,0.0,0.0,0.0,0.0,21.8,981.3,1.1,4.3,57,0.0,600
2024-06-16 13:35:00,0,0.0,0.0,0.0,0,0,0.0,0,0,0.0,,0.0,0.0,0,0,0.0,0,0,0,0,0,0,0,0,0,0,0,0,0,0,0,0,0,0,0,0,0,0,0,0,0,0,0,0,0,0,0.29862665507063146,0.04234426044027639,0.10908425876598504,0.8117449009293667,0.6196578321437789,0.014529091286973994,0,0,0.0,0.0,0.0,0.0,0.0,0.0,0.0,0.0,21.8,981.3,1.1,4.3,57,0.0,600
2024-06-16 13:40:00,0,0.0,0.0,0.0,0,0,0.0,0,0,0.0,,0.0,0.0,0,0,0.0,0,0,0,0,0,0,0,0,0,0,0,0,0,0,0,0,0,0,0,0,0,0,0,0,0,0,0,0,0,0,0.28869086912965036,0.046846106481674976,0.10908425876598504,0.8117449009293667,0.6196578321437789,0.014529091286973994,0,0,0.0,0.0,0.0,0.0,0.0,0.0,0.0,0.0,21.9,981.1,1.1,3.2,55,0.0,588
2024-06-16 13:45:00,0,0.0,0.0,0.0,0,0,0.0,0,0,0.0,,0.0,0.0,0,0,0.0,0,0,0,0,0,0,0,0,0,0,0,0,0,0,0,0,0,0,0,0,0,0,0,0,0,0,0,0,0,0,0.27885565489049946,0.05156362923365582,0.10908425876598504,0.8117449009293667,0.6196578321437789,0.014529091286973994,0,0,0.0,0.0,0.0,0.0,0.0,0.0,0.0,0.0,21.9,981.1,1.1,3.2,55,0.0,588
2024-06-16 13:50:00,0,0.0,0.0,0.0,0,0,0.0,0,0,0.0,,0.0,0.0,0,0,0.0,0,0,0,0,0,0,0,0,0,0,0,0,0,0,0,0,0,0,0,0,0,0,0,0,0,0,0,0,0,0,0.26912569338248293,0.0564945834108892,0.10908425876598504,0.8117449009293667,0.6196578321437789,0.014529091286973994,0,0,0.0,0.0,0.0,0.0,0.0,0.0,0.0,0.0,21.8,981.0,1.1,3.5,53,0.0,600
2024-06-16 13:55:00,0,0.0,0.0,0.0,0,0,0.0,0,0,0.0,,0.0,0.0,0,0,0.0,0,0,0,0,0,0,0,0,0,0,0,0,0,0,0,0,0,0,0,0,0,0,0,0,0,0,0,0,0,0,0.2595056155403065,0.06163662214624599,0.10908425876598504,0.8117449009293667,0.6196578321437789,0.014529091286973994,0,0,0.0,0.0,0.0,0.0,0.0,0.0,0.0,0.0,21.8,981.0,1.1,3.5,53,0.0,600
2024-06-16 14:00:00,0,0.0,0.0,0.0,0,0,0.0,0,0,0.0,,0.0,0.0,0,0,0.0,0,0,0,0,0,0,0,0,0,0,0,0,0,0,0,0,0,0,0,0,0,0,0,0,0,0,0,0,0,0,0.24999999999999994,0.0669872981077807,0.10908425876598504,0.8117449009293667,0.6196578321437789,0.014529091286973994,0,0,0.0,0.0,0.0,0.0,0.0,0.0,0.0,0.0,21.9,980.9,0.2,3.2,54,0.0,395
2024-06-16 14:05:00,0,0.0,0.0,0.0,0,0,0.0,0,0,0.0,,0.0,0.0,0,0,0.0,0,0,0,0,0,0,0,0,0,0,0,0,0,0,0,0,0,0,0,0,0,0,0,0,0,0,0,0,0,0,0.24061337091973922,0.07254406466352675,0.10908425876598504,0.8117449009293667,0.6196578321437789,0.014529091286973994,0,0,0.0,0.0,0.0,0.0,0.0,0.0,0.0,0.0,21.9,980.9,0.2,3.2,54,0.0,395
2024-06-16 14:10:00,0,0.0,0.0,0.0,0,0,0.0,0,0,0.0,,0.0,0.0,0,0,0.0,0,0,0,0,0,0,0,0,0,0,0,0,0,0,0,0,0,0,0,0,0,0,0,0,0,0,0,0,0,0,0.23135019582658806,0.0783042770935572,0.10908425876598504,0.8117449009293667,0.6196578321437789,0.014529091286973994,0,0,0.0,0.0,0.0,0.0,0.0,0.0,0.0,0.0,21.9,980.9,0.3,2.2,55,0.0,600
2024-06-16 14:15:00,0,0.0,0.0,0.0,0,0,0.0,0,0,0.0,,0.0,0.0,0,0,0.0,0,0,0,0,0,0,0,0,0,0,0,0,0,0,0,0,0,0,0,0,0,0,0,0,0,0,0,0,0,0,0.22221488349019902,0.08426519384872727,0.10908425876598504,0.8117449009293667,0.6196578321437789,0.014529091286973994,0,0,0.0,0.0,0.0,0.0,0.0,0.0,0.0,0.0,21.9,980.9,0.3,2.2,55,0.0,600
2024-06-16 14:20:00,0,0.0,0.0,0.0,0,0,0.0,0,0,0.0,,0.0,0.0,0,0,0.0,0,0,0,0,0,0,0,0,0,0,0,0,0,0,0,0,0,0,0,0,0,0,0,0,0,0,0,0,0,0,0.2132117818244771,0.09042397785550399,0.10908425876598504,0.8117449009293667,0.6196578321437789,0.014529091286973994,0,0,0.0,0.0,0.0,0.0,0.0,0.0,0.0,0.0,22.3,980.8,0.7,3.9,54,0.0,600
2024-06-16 14:25:00,0,0.0,0.0,0.0,0,0,0.0,0,0,0.0,,0.0,0.0,0,0,0.0,0,0,0,0,0,0,0,0,0,0,0,0,0,0,0,0,0,0,0,0,0,0,0,0,0,0,0,0,0,0,0.204345175818209,0.09677769786625862,0.10908425876598504,0.8117449009293667,0.6196578321437789,0.014529091286973994,0,0,0.0,0.0,0.0,0.0,0.0,0.0,0.0,0.0,22.3,980.8,0.7,3.9,54,0.0,600
2024-06-16 14:30:00,0,0.0,0.0,0.0,0,0,0.0,0,0,0.0,,0.0,0.0,0,0,0.0,0,0,0,0,0,0,0,0,0,0,0,0,0,0,0,0,0,0,0,0,0,0,0,0,0,0,0,0,0,0,0.19561928549563984,0.1033233298543823,0.10908425876598504,0.8117449009293667,0.6196578321437789,0.014529091286973994,0,0,0.0,0.0,0.0,0.0,0.0,0.0,0.0,0.0,22.0,980.8,0.5,3.2,55,0.0,447
2024-06-16 14:35:00,0,0.0,0.0,0.0,0,0,0.0,0,0,0.0,,0.0,0.0,0,0,0.0,0,0,0,0,0,0,0,0,0,0,0,0,0,0,0,0,0,0,0,0,0,0,0,0,0,0,0,0,0,0,0.1870382639079703,0.11005775845355925,0.10908425876598504,0.8117449009293667,0.6196578321437789,0.014529091286973994,0,0,0.0,0.0,0.0,0.0,0.0,0.0,0.0,0.0,22.0,980.8,0.5,3.2,55,0.0,447
2024-06-16 14:40:00,0,0.0,0.0,0.0,0,0,0.0,0,0,0.0,,0.0,0.0,0,0,0.0,0,0,0,0,0,0,0,0,0,0,0,0,0,0,0,0,0,0,0,0,0,0,0,0,0,0,0,0,0,0,0.17860619515673054,0.11697777844051083,0.10908425876598504,0.8117449009293667,0.6196578321437789,0.014529091286973994,0,0,0.0,0.0,0.0,0.0,0.0,0.0,0.0,0.0,22.2,980.7,1.2,3.9,52,0.0,499
2024-06-16 14:45:00,0,0.0,0.0,0.0,0,0,0.0,0,0,0.0,,0.0,0.0,0,0,0.0,0,0,0,0,0,0,0,0,0,0,0,0,0,0,0,0,0,0,0,0,0,0,0,0,0,0,0,0,0,0,0.17032709244996558,0.12408009626051125,0.10908425876598504,0.8117449009293667,0.6196578321437789,0.014529091286973994,0,0,0.0,0.0,0.0,0.0,0.0,0.0,0.0,0.0,22.2,980.7,1.2,3.9,52,0.0,499
2024-06-16 14:50:00,0,0.0,0.0,0.0,0,0,0.0,0,0,0.0,,0.0,0.0,0,0,0.0,0,0,0,0,0,0,0,0,0,0,0,0,0,0,0,0,0,0,0,0,0,0,0,0,0,0,0,0,0,0,0.16220489619216993,0.13136133159493796,0.10908425876598504,0.8117449009293667,0.6196578321437789,0.014529091286973994,0,0,0.0,0.0,0.0,0.0,0.0,0.0,0.0,0.0,22.4,980.7,2.1,6.4,54,0.0,451
2024-06-16 14:55:00,0,0.0,0.0,0.0,0,0,0.0,0,0,0.0,,0.0,0.0,0,0,0.0,0,0,0,0,0,0,0,0,0,0,0,0,0,0,0,0,0,0,0,0,0,0,0,0,0,0,0,0,0,0,0.15424347210886535,0.1388180189701222,0.10908425876598504,0.8117449009293667,0.6196578321437789,0.014529091286973994,0,0,0.0,0.0,0.0,0.0,0.0,0.0,0.0,0.0,22.4,980.7,2.1,6.4,54,0.0,451
2024-06-16 15:00:00,0,0.0,0.0,0.0,0,0,0.0,0,0,0.0,,0.0,0.0,0,0,0.0,0,0,0,0,0,0,0,0,0,0,0,0,0,0,0,0,0,0,0,0,0,0,0,0,0,0,0,0,0,0,0.14644660940672627,0.14644660940672616,0.10908425876598504,0.8117449009293667,0.6196578321437789,0.014529091286973994,0,0,0.0,0.0,0.0,0.0,0.0,0.0,0.0,0.0,22.1,980.7,1.0,3.7,53,0.0,58
2024-06-16 15:05:00,0,0.0,0.0,0.0,0,0,0.0,0,0,0.0,,0.0,0.0,0,0,0.0,0,0,0,0,0,0,0,0,0,0,0,0,0,0,0,0,0,0,0,0,0,0,0,0,0,0,0,0,0,0,0.13881801897012225,0.15424347210886524,0.10908425876598504,0.8117449009293667,0.6196578321437789,0.014529091286973994,0,0,0.0,0.0,0.0,0.0,0.0,0.0,0.0,0.0,22.1,980.7,1.0,3.7,53,0.0,58
2024-06-16 15:10:00,0,0.0,0.0,0.0,0,0,0.0,0,0,0.0,,0.0,0.0,0,0,0.0,0,0,0,0,0,0,0,0,0,0,0,0,0,0,0,0,0,0,0,0,0,0,0,0,0,0,0,0,0,0,0.13136133159493807,0.16220489619216982,0.10908425876598504,0.8117449009293667,0.6196578321437789,0.014529091286973994,0,0,0.0,0.0,0.0,0.0,0.0,0.0,0.0,0.0,22.0,980.7,1.0,3.4,55,0.0,0
2024-06-16 15:15:00,0,0.0,0.0,0.0,0,0,0.0,0,0,0.0,,0.0,0.0,0,0,0.0,0,0,0,0,0,0,0,0,0,0,0,0,0,0,0,0,0,0,0,0,0,0,0,0,0,0,0,0,0,0,0.12408009626051136,0.17032709244996547,0.10908425876598504,0.8117449009293667,0.6196578321437789,0.014529091286973994,0,0,0.0,0.0,0.0,0.0,0.0,0.0,0.0,0.0,22.0,980.7,1.0,3.4,55,0.0,0
2024-06-16 15:20:00,0,0.0,0.0,0.0,0,0,0.0,0,0,0.0,,0.0,0.0,0,0,0.0,0,0,0,0,0,0,0,0,0,0,0,0,0,0,0,0,0,0,0,0,0,0,0,0,0,0,0,0,0,0,0.11697777844051077,0.1786061951567306,0.10908425876598504,0.8117449009293667,0.6196578321437789,0.014529091286973994,0,0,0.0,0.0,0.0,0.0,0.0,0.0,0.0,0.0,22.5,980.7,0.1,2.6,52,0.0,390
2024-06-16 15:25:00,0,0.0,0.0,0.0,0,0,0.0,0,0,0.0,,0.0,0.0,0,0,0.0,0,0,0,0,0,0,0,0,0,0,0,0,0,0,0,0,0,0,0,0,0,0,0,0,0,0,0,0,0,0,0.1100577584535593,0.18703826390797018,0.10908425876598504,0.8117449009293667,0.6196578321437789,0.014529091286973994,0,0,0.0,0.0,0.0,0.0,0.0,0.0,0.0,0.0,22.5,980.7,0.1,2.6,52,0.0,390
2024-06-16 15:30:00,0,0.0,0.0,0.0,0,0,0.0,0,0,0.0,,0.0,0.0,0,0,0.0,0,0,0,0,0,0,0,0,0,0,0,0,0,0,0,0,0,0,0,0,0,0,0,0,0,0,0,0,0,0,0.10332332985438253,0.19561928549563956,0.10908425876598504,0.8117449009293667,0.6196578321437789,0.014529091286973994,0,0,0.0,0.0,0.0,0.0,0.0,0.0,0.0,0.0,22.5,980.7,1.2,3.4,53,0.0,600
2024-06-16 15:35:00,0,0.0,0.0,0.0,0,0,0.0,0,0,0.0,,0.0,0.0,0,0,0.0,0,0,0,0,0,0,0,0,0,0,0,0,0,0,0,0,0,0,0,0,0,0,0,0,0,0,0,0,0,0,0.09677769786625867,0.20434517581820888,0.10908425876598504,0.8117449009293667,0.6196578321437789,0.014529091286973994,0,0,0.0,0.0,0.0,0.0,0.0,0.0,0.0,0.0,22.5,980.7,1.2,3.4,53,0.0,600
2024-06-16 15:40:00,0,0.0,0.0,0.0,0,0,0.0,0,0,0.0,,0.0,0.0,0,0,0.0,0,0,0,0,0,0,0,0,0,0,0,0,0,0,0,0,0,0,0,0,0,0,0,0,0,0,0,0,0,0,0.09042397785550421,0.2132117818244768,0.10908425876598504,0.8117449009293667,0.6196578321437789,0.014529091286973994,0,0,0.0,0.0,0.0,0.0,0.0,0.0,0.0,0.0,23.0,980.4,2.3,5.0,51,0.0,600
2024-06-16 15:45:00,0,0.0,0.0,0.0,0,0,0.0,0,0,0.0,,0.0,0.0,0,0,0.0,0,0,0,0,0,0,0,0,0,0,0,0,0,0,0,0,0,0,0,0,0,0,0,0,0,0,0,0,0,0,0.08426519384872738,0.2222148834901989,0.10908425876598504,0.8117449009293667,0.6196578321437789,0.014529091286973994,0,0,0.0,0.0,0.0,0.0,0.0,0.0,0.0,0.0,23.0,980.4,2.3,5.0,51,0.0,600
2024-06-16 15:50:00,0,0.0,0.0,0.0,0,0,0.0,0,0,0.0,,0.0,0.0,0,0,0.0,0,0,0,0,0,0,0,0,0,0,0,0,0,0,0,0,0,0,0,0,0,0,0,0,0,0,0,0,0,0,0.07830427709355725,0.2313501958265879,0.10908425876598504,0.8117449009293667,0.6196578321437789,0.014529091286973994,0,0,0.0,0.0,0.0,0.0,0.0,0.0,0.0,0.0,23.0,980.5,0.7,2.9,51,0.0,600
2024-06-16 15:55:00,0,0.0,0.0,0.0,0,0,0.0,0,0,0.0,,0.0,0.0,0,0,0.0,0,0,0,0,0,0,0,0,0,0,0,0,0,0,0,0,0,0,0,0,0,0,0,0,0,0,0,0,0,0,0.0725440646635267,0.24061337091973928,0.10908425876598504,0.8117449009293667,0.6196578321437789,0.014529091286973994,0,0,0.0,0.0,0.0,0.0,0.0,0.0,0.0,0.0,23.0,980.5,0.7,2.9,51,0.0,600
2024-06-16 16:00:00,0,0.0,0.0,0.0,0,0,0.0,0,0,0.0,,0.0,0.0,0,0,0.0,0,0,0,0,0,0,0,0,0,0,0,0,0,0,0,0,0,0,0,0,0,0,0,0,0,0,0,0,0,0,0.06698729810778081,0.24999999999999978,0.10908425876598504,0.8117449009293667,0.6196578321437789,0.014529091286973994,0,0,0.0,0.0,0.0,0.0,0.0,0.0,0.0,0.0,22.7,980.4,0.3,2.4,51,0.0,600
2024-06-16 16:05:00,0,0.0,0.0,0.0,0,0,0.0,0,0,0.0,,0.0,0.0,0,0,0.0,0,0,0,0,0,0,0,0,0,0,0,0,0,0,0,0,0,0,0,0,0,0,0,0,0,0,0,0,0,0,0.061636622146246156,0.25950561554030616,0.10908425876598504,0.8117449009293667,0.6196578321437789,0.014529091286973994,0,0,0.0,0.0,0.0,0.0,0.0,0.0,0.0,0.0,22.7,980.4,0.3,2.4,51,0.0,600
2024-06-16 16:10:00,0,0.0,0.0,0.0,0,0,0.0,0,0,0.0,,0.0,0.0,0,0,0.0,0,0,0,0,0,0,0,0,0,0,0,0,0,0,0,0,0,0,0,0,0,0,0,0,0,0,0,0,0,0,0.05649458341088909,0.2691256933824832,0.10908425876598504,0.8117449009293667,0.6196578321437789,0.014529091286973994,0,0,0.0,0.0,0.0,0.0,0.0,0.0,0.0,0.0,22.6,980.4,0.4,2.2,51,0.0,600
2024-06-16 16:15:00,0,0.0,0.0,0.0,0,0,0.0,0,0,0.0,,0.0,0.0,0,0,0.0,0,0,0,0,0,0,0,0,0,0,0,0,0,0,0,0,0,0,0,0,0,0,0,0,0,0,0,0,0,0,0.05156362923365587,0.27885565489049935,0.10908425876598504,0.8117449009293667,0.6196578321437789,0.014529091286973994,0,0,0.0,0.0,0.0,0.0,0.0,0.0,0.0,0.0,22.6,980.4,0.4,2.2,51,0.0,600
2024-06-16 16:20:00,0,0.0,0.0,0.0,0,0,0.0,0,0,0.0,,0.0,0.0,0,0,0.0,0,0,0,0,0,0,0,0,0,0,0,0,0,0,0,0,0,0,0,0,0,0,0,0,0,0,0,0,0,0,0.04684610648167514,0.28869086912965003,0.10908425876598504,0.8117449009293667,0.6196578321437789,0.014529091286973994,0,0,0.0,0.0,0.0,0.0,0.0,0.0,0.0,0.0,22.4,980.3,0.9,3.4,54,0.0,599
2024-06-16 16:25:00,0,0.0,0.0,0.0,0,0,0.0,0,0,0.0,,0.0,0.0,0,0,0.0,0,0,0,0,0,0,0,0,0,0,0,0,0,0,0,0,0,0,0,0,0,0,0,0,0,0,0,0,0,0,0.04234426044027645,0.29862665507063135,0.10908425876598504,0.8117449009293667,0.6196578321437789,0.014529091286973994,0,0,0.0,0.0,0.0,0.0,0.0,0.0,0.0,0.0,22.4,980.3,0.9,3.4,54,0.0,599
2024-06-16 16:30:00,0,0.0,0.0,0.0,0,0,0.0,0,0,0.0,,0.0,0.0,0,0,0.0,0,0,0,0,0,0,0,0,0,0,0,0,0,0,0,0,0,0,0,0,0,0,0,0,0,0,0,0,0,0,0.03806023374435674,0.30865828381745486,0.10908425876598504,0.8117449009293667,0.6196578321437789,0.014529091286973994,0,0,0.0,0.0,0.0,0.0,0.0,0.0,0.0,0.0,22.6,980.3,0.7,2.0,52,0.0,600
2024-06-16 16:35:00,0,0.0,0.0,0.0,0,0,0.0,0,0,0.0,,0.0,0.0,0,0,0.0,0,0,0,0,0,0,0,0,0,0,0,0,0,0,0,0,0,0,0,0,0,0,0,0,0,0,0,0,0,0,0.03399606535860078,0.3187809808581491,0.10908425876598504,0.8117449009293667,0.6196578321437789,0.014529091286973994,0,0,0.0,0.0,0.0,0.0,0.0,0.0,0.0,0.0,22.6,980.3,0.7,2.0,52,0.0,600
2024-06-16 16:40:00,0,0.0,0.0,0.0,0,0,0.0,0,0,0.0,,0.0,0.0,0,0,0.0,0,0,0,0,0,0,0,0,0,0,0,0,0,0,0,0,0,0,0,0,0,0,0,0,0,0,0,0,0,0,0.030153689607045786,0.3289899283371657,0.10908425876598504,0.8117449009293667,0.6196578321437789,0.014529091286973994,0,0,0.0,0.0,0.0,0.0,0.0,0.0,0.0,0.0,22.7,980.3,0.9,2.0,51,0.0,600
2024-06-16 16:45:00,0,0.0,0.0,0.0,0,0,0.0,0,0,0.0,,0.0,0.0,0,0,0.0,0,0,0,0,0,0,0,0,0,0,0,0,0,0,0,0,0,0,0,0,0,0,0,0,0,0,0,0,0,0,0.02653493525244721,0.3392802673484191,0.10908425876598504,0.8117449009293667,0.6196578321437789,0.014529091286973994,0,0,0.0,0.0,0.0,0.0,0.0,0.0,0.0,0.0,22.7,980.3,0.9,2.0,51,0.0,600
2024-06-16 16:50:00,0,0.0,0.0,0.0,0,0,0.0,0,0,0.0,,0.0,0.0,0,0,0.0,0,0,0,0,0,0,0,0,0,0,0,0,0,0,0,0,0,0,0,0,0,0,0,0,0,0,0,0,0,0,0.023141524625886645,0.3496471002478631,0.10908425876598504,0.8117449009293667,0.6196578321437789,0.014529091286973994,0,0,0.0,0.0,0.0,0.0,0.0,0.0,0.0,0.0,22.8,980.3,1.1,2.6,55,0.0,600
2024-06-16 16:55:00,0,0.0,0.0,0.0,0,0,0.0,0,0,0.0,,0.0,0.0,0,0,0.0,0,0,0,0,0,0,0,0,0,0,0,0,0,0,0,0,0,0,0,0,0,0,0,0,0,0,0,0,0,0,0.0199750728070357,0.3600854929845038,0.10908425876598504,0.8117449009293667,0.6196578321437789,0.014529091286973994,0,0,0.0,0.0,0.0,0.0,0.0,0.0,0.0,0.0,22.8,980.3,1.1,2.6,55,0.0,600
2024-06-16 17:00:00,0,0.0,0.0,0.0,0,0,0.0,0,0,0.0,,0.0,0.0,0,0,0.0,0,0,0,0,0,0,0,0,0,0,0,0,0,0,0,0,0,0,0,0,0,0,0,0,0,0,0,0,0,0,0.017037086855465844,0.3705904774487397,0.10908425876598504,0.8117449009293667,0.6196578321437789,0.014529091286973994,0,0,0.0,0.0,0.0,0.0,0.0,0.0,0.0,0.0,22.5,980.3,0.5,3.3,51,0.0,600
2024-06-16 17:05:00,0,0.0,0.0,0.0,0,0,0.0,0,0,0.0,,0.0,0.0,0,0,0.0,0,0,0,0,0,0,0,0,0,0,0,0,0,0,0,0,0,0,0,0,0,0,0,0,0,0,0,0,0,0,0.014328965093369339,0.3811570538369133,0.10908425876598504,0.8117449009293667,0.6196578321437789,0.014529091286973994,0,0,0.0,0.0,0.0,0.0,0.0,0.0,0.0,0.0,22.5,980.3,0.5,3.3,51,0.0,600
2024-06-16 17:10:00,0,0.0,0.0,0.0,0,0,0.0,0,0,0.0,,0.0,0.0,0,0,0.0,0,0,0,0,0,0,0,0,0,0,0,0,0,0,0,0,0,0,0,0,0,0,0,0,0,0,0,0,0,0,0.011851996440033319,0.3917801930309486,0.10908425876598504,0.8117449009293667,0.6196578321437789,0.014529091286973994,0,0,0.0,0.0,0.0,0.0,0.0,0.0,0.0,0.0,22.7,980.3,0.6,2.4,52,0.0,600
2024-06-16 17:15:00,0,0.0,0.0,0.0,0,0,0.0,0,0,0.0,,0.0,0.0,0,0,0.0,0,0,0,0,0,0,0,0,0,0,0,0,0,0,0,0,0,0,0,0,0,0,0,0,0,0,0,0,0,0,0.00960735979838484,0.4024548389919357,0.10908425876598504,0.8117449009293667,0.6196578321437789,0.014529091286973994,0,0,0.0,0.0,0.0,0.0,0.0,0.0,0.0,0.0,22.7,980.3,0.6,2.4,52,0.0,600
2024-06-16 17:20:00,0,0.0,0.0,0.0,0,0,0.0,0,0,0.0,,0.0,0.0,0,0,0.0,0,0,0,0,0,0,0,0,0,0,0,0,0,0,0,0,0,0,0,0,0,0,0,0,0,0,0,0,0,0,0.00759612349389599,0.41317591116653485,0.10908425876598504,0.8117449009293667,0.6196578321437789,0.014529091286973994,0,0,0.0,0.0,0.0,0.0,0.0,0.0,0.0,0.0,22.7,980.3,1.2,3.5,53,0.0,600
2024-06-16 17:25:00,0,0.0,0.0,0.0,0,0,0.0,0,0,0.0,,0.0,0.0,0,0,0.0,0,0,0,0,0,0,0,0,0,0,0,0,0,0,0,0,0,0,0,0,0,0,0,0,0,0,0,0,0,0,0.005819244766119613,0.42393830690504186,0.10908425876598504,0.8117449009293667,0.6196578321437789,0.014529091286973994,0,0,0.0,0.0,0.0,0.0,0.0,0.0,0.0,0.0,22.7,980.3,1.2,3.5,53,0.0,600
2024-06-16 17:30:00,0,0.0,0.0,0.0,0,0,0.0,0,0,0.0,,0.0,0.0,0,0,0.0,0,0,0,0,0,0,0,0,0,0,0,0,0,0,0,0,0,0,0,0,0,0,0,0,0,0,0,0,0,0,0.004277569313094809,0.4347369038899742,0.10908425876598504,0.8117449009293667,0.6196578321437789,0.014529091286973994,0,0,0.0,0.0,0.0,0.0,0.0,0.0,0.0,0.0,22.4,980.3,0.6,1.6,52,0.0,600
2024-06-16 17:35:00,0,0.0,0.0,0.0,0,0,0.0,0,0,0.0,,0.0,0.0,0,0,0.0,0,0,0,0,0,0,0,0,0,0,0,0,0,0,0,0,0,0,0,0,0,0,0,0,0,0,0,0,0,0,0.0029718308888402323,0.44556656257401744,0.10908425876598504,0.8117449009293667,0.6196578321437789,0.014529091286973994,0,0,0.0,0.0,0.0,0.0,0.0,0.0,0.0,0.0,22.4,980.3,0.6,1.6,52,0.0,600
2024-06-16 17:40:00,0,0.0,0.0,0.0,0,0,0.0,0,0,0.0,,0.0,0.0,0,0,0.0,0,0,0,0,0,0,0,0,0,0,0,0,0,0,0,0,0,0,0,0,0,0,0,0,0,0,0,0,0,0,0.0019026509541272274,0.4564221286261709,0.10908425876598504,0.8117449009293667,0.6196578321437789,0.014529091286973994,0,0,0.0,0.0,0.0,0.0,0.0,0.0,0.0,0.0,22.2,980.3,0.9,2.8,55,0.0,600
2024-06-16 17:45:00,0,0.0,0.0,0.0,0,0,0.0,0,0,0.0,,0.0,0.0,0,0,0.0,0,0,0,0,0,0,0,0,0,0,0,0,0,0,0,0,0,0,0,0,0,0,0,0,0,0,0,0,0,0,0.0010705383806982605,0.46729843538492866,0.10908425876598504,0.8117449009293667,0.6196578321437789,0.014529091286973994,0,0,0.0,0.0,0.0,0.0,0.0,0.0,0.0,0.0,22.2,980.3,0.9,2.8,55,0.0,600
2024-06-16 17:50:00,0,0.0,0.0,0.0,0,0,0.0,0,0,0.0,,0.0,0.0,0,0,0.0,0,0,0,0,0,0,0,0,0,0,0,0,0,0,0,0,0,0,0,0,0,0,0,0,0,0,0,0,0,0,0.0004758892090711564,0.4781903063173315,0.10908425876598504,0.8117449009293667,0.6196578321437789,0.014529091286973994,0,0,0.0,0.0,0.0,0.0,0.0,0.0,0.0,0.0,21.7,980.4,1.7,3.3,57,0.0,600
2024-06-16 17:55:00,0,0.0,0.0,0.0,0,0,0.0,0,0,0.0,,0.0,0.0,0,0,0.0,0,0,0,0,0,0,0,0,0,0,0,0,0,0,0,0,0,0,0,0,0,0,0,0,0,0,0,0,0,0,0.00011898646004543378,0.48909255748271957,0.10908425876598504,0.8117449009293667,0.6196578321437789,0.014529091286973994,0,0,0.0,0.0,0.0,0.0,0.0,0.0,0.0,0.0,21.7,980.4,1.7,3.3,57,0.0,600
2024-06-16 18:00:00,0,0.0,0.0,0.0,0,0,0.0,0,0,0.0,,0.0,0.0,0,0,0.0,0,0,0,0,0,0,0,0,0,0,0,0,0,0,0,0,0,0,0,0,0,0,0,0,0,0,0,0,0,0,0.0,0.4999999999999999,0.10908425876598504,0.8117449009293667,0.6196578321437789,0.014529091286973994,0,0,0.0,0.0,0.0,0.0,0.0,0.0,0.0,0.0,21.3,980.7,0.4,2.1,58,0.0,600
2024-06-16 18:05:00,0,0.0,0.0,0.0,0,0,0.0,0,0,0.0,,0.0,0.0,0,0,0.0,0,0,0,0,0,0,0,0,0,0,0,0,0,0,0,0,0,0,0,0,0,0,0,0,0,0,0,0,0,0,0.00011898646004543378,0.5109074425172803,0.10908425876598504,0.8117449009293667,0.6196578321437789,0.014529091286973994,0,0,0.0,0.0,0.0,0.0,0.0,0.0,0.0,0.0,21.3,980.7,0.4,2.1,58,0.0,600
2024-06-16 18:10:00,0,0.0,0.0,0.0,0,0,0.0,0,0,0.0,,0.0,0.0,0,0,0.0,0,0,0,0,0,0,0,0,0,0,0,0,0,0,0,0,0,0,0,0,0,0,0,0,0,0,0,0,0,0,0.0004758892090711564,0.5218096936826683,0.10908425876598504,0.8117449009293667,0.6196578321437789,0.014529091286973994,0,0,0.0,0.0,0.0,0.0,0.0,0.0,0.0,0.0,20.8,980.7,0.3,1.2,61,0.0,125
2024-06-16 18:15:00,0,0.0,0.0,0.0,0,0,0.0,0,0,0.0,,0.0,0.0,0,0,0.0,0,0,0,0,0,0,0,0,0,0,0,0,0,0,0,0,0,0,0,0,0,0,0,0,0,0,0,0,0,0,0.001070538380698205,0.5327015646150712,0.10908425876598504,0.8117449009293667,0.6196578321437789,0.014529091286973994,0,0,0.0,0.0,0.0,0.0,0.0,0.0,0.0,0.0,20.8,980.7,0.3,1.2,61,0.0,125
2024-06-16 18:20:00,0,0.0,0.0,0.0,0,0,0.0,0,0,0.0,,0.0,0.0,0,0,0.0,0,0,0,0,0,0,0,0,0,0,0,0,0,0,0,0,0,0,0,0,0,0,0,0,0,0,0,0,0,0,0.0019026509541272274,0.543577871373829,0.10908425876598504,0.8117449009293667,0.6196578321437789,0.014529091286973994,0,0,0.0,0.0,0.0,0.0,0.0,0.0,0.0,0.0,20.3,980.8,0.7,1.2,64,0.0,0
2024-06-16 18:25:00,0,0.0,0.0,0.0,0,0,0.0,0,0,0.0,,0.0,0.0,0,0,0.0,0,0,0,0,0,0,0,0,0,0,0,0,0,0,0,0,0,0,0,0,0,0,0,0,0,0,0,0,0,0,0.0029718308888401768,0.5544334374259824,0.10908425876598504,0.8117449009293667,0.6196578321437789,0.014529091286973994,0,0,0.0,0.0,0.0,0.0,0.0,0.0,0.0,0.0,20.3,980.8,0.7,1.2,64,0.0,0
2024-06-16 18:30:00,0,0.0,0.0,0.0,0,0,0.0,0,0,0.0,,0.0,0.0,0,0,0.0,0,0,0,0,0,0,0,0,0,0,0,0,0,0,0,0,0,0,0,0,0,0,0,0,0,0,0,0,0,0,0.004277569313094753,0.5652630961100257,0.10908425876598504,0.8117449009293667,0.6196578321437789,0.014529091286973994,0,0,0.0,0.0,0.0,0.0,0.0,0.0,0.0,0.0,19.9,980.9,0.8,1.2,67,0.0,0
2024-06-16 18:35:00,0,0.0,0.0,0.0,0,0,0.0,0,0,0.0,,0.0,0.0,0,0,0.0,0,0,0,0,0,0,0,0,0,0,0,0,0,0,0,0,0,0,0,0,0,0,0,0,0,0,0,0,0,0,0.005819244766119558,0.5760616930949579,0.10908425876598504,0.8117449009293667,0.6196578321437789,0.014529091286973994,0,0,0.0,0.0,0.0,0.0,0.0,0.0,0.0,0.0,19.9,980.9,0.8,1.2,67,0.0,0
2024-06-16 18:40:00,0,0.0,0.0,0.0,0,0,0.0,0,0,0.0,,0.0,0.0,0,0,0.0,0,0,0,0,0,0,0,0,0,0,0,0,0,0,0,0,0,0,0,0,0,0,0,0,0,0,0,0,0,0,0.007596123493895934,0.586824088833465,0.10908425876598504,0.8117449009293667,0.6196578321437789,0.014529091286973994,0,0,0.0,0.0,0.0,0.0,0.0,0.0,0.0,0.0,19.5,981.0,0.8,1.3,68,0.0,0
2024-06-16 18:45:00,0,0.0,0.0,0.0,0,0,0.0,0,0,0.0,,0.0,0.0,0,0,0.0,0,0,0,0,0,0,0,0,0,0,0,0,0,0,0,0,0,0,0,0,0,0,0,0,0,0,0,0,0,0,0.009607359798384785,0.5975451610080642,0.10908425876598504,0.8117449009293667,0.6196578321437789,0.014529091286973994,0,0,0.0,0.0,0.0,0.0,0.0,0.0,0.0,0.0,19.5,981.0,0.8,1.3,68,0.0,0
2024-06-16 18:50:00,0,0.0,0.0,0.0,0,0,0.0,0,0,0.0,,0.0,0.0,0,0,0.0,0,0,0,0,0,0,0,0,0,0,0,0,0,0,0,0,0,0,0,0,0,0,0,0,0,0,0,0,0,0,0.011851996440033263,0.6082198069690512,0.10908425876598504,0.8117449009293667,0.6196578321437789,0.014529091286973994,0,0,0.0,0.0,0.0,0.0,0.0,0.0,0.0,0.0,19.1,981.1,0.9,1.4,71,0.0,0
2024-06-16 18:55:00,0,0.0,0.0,0.0,0,0,0.0,0,0,0.0,,0.0,0.0,0,0,0.0,0,0,0,0,0,0,0,0,0,0,0,0,0,0,0,0,0,0,0,0,0,0,0,0,0,0,0,0,0,0,0.014328965093369284,0.6188429461630865,0.10908425876598504,0.8117449009293667,0.6196578321437789,0.014529091286973994,0,0,0.0,0.0,0.0,0.0,0.0,0.0,0.0,0.0,19.1,981.1,0.9,1.4,71,0.0,0
2024-06-16 19:00:00,0,0.0,0.0,0.0,0,0,0.0,0,0,0.0,,0.0,0.0,0,0,0.0,0,0,0,0,0,0,0,0,0,0,0,0,0,0,0,0,0,0,0,0,0,0,0,0,0,0,0,0,0,0,0.01703708685546579,0.6294095225512601,0.10908425876598504,0.8117449009293667,0.6196578321437789,0.014529091286973994,0,0,0.0,0.0,0.0,0.0,0.0,0.0,0.0,0.0,18.8,981.2,0.6,1.3,72,0.0,0
2024-06-16 19:05:00,0,0.0,0.0,0.0,0,0,0.0,0,0,0.0,,0.0,0.0,0,0,0.0,0,0,0,0,0,0,0,0,0,0,0,0,0,0,0,0,0,0,0,0,0,0,0,0,0,0,0,0,0,0,0.019975072807035643,0.639914507015496,0.10908425876598504,0.8117449009293667,0.6196578321437789,0.014529091286973994,0,0,0.0,0.0,0.0,0.0,0.0,0.0,0.0,0.0,18.8,981.2,0.6,1.3,72,0.0,0
2024-06-16 19:10:00,0,0.0,0.0,0.0,0,0,0.0,0,0,0.0,,0.0,0.0,0,0,0.0,0,0,0,0,0,0,0,0,0,0,0,0,0,0,0,0,0,0,0,0,0,0,0,0,0,0,0,0,0,0,0.02314152462588659,0.6503528997521367,0.10908425876598504,0.8117449009293667,0.6196578321437789,0.014529091286973994,0,0,0.0,0.0,0.0,0.0,0.0,0.0,0.0,0.0,18.6,981.3,0.4,0.8,73,0.0,0
2024-06-16 19:15:00,0,0.0,0.0,0.0,0,0,0.0,0,0,0.0,,0.0,0.0,0,0,0.0,0,0,0,0,0,0,0,0,0,0,0,0,0,0,0,0,0,0,0,0,0,0,0,0,0,0,0,0,0,0,0.026534935252447156,0.6607197326515808,0.10908425876598504,0.8117449009293667,0.6196578321437789,0.014529091286973994,0,0,0.0,0.0,0.0,0.0,0.0,0.0,0.0,0.0,18.6,981.3,0.4,0.8,73,0.0,0
2024-06-16 19:20:00,0,0.0,0.0,0.0,0,0,0.0,0,0,0.0,,0.0,0.0,0,0,0.0,0,0,0,0,0,0,0,0,0,0,0,0,0,0,0,0,0,0,0,0,0,0,0,0,0,0,0,0,0,0,0.03015368960704573,0.6710100716628341,0.10908425876598504,0.8117449009293667,0.6196578321437789,0.014529091286973994,0,0,0.0,0.0,0.0,0.0,0.0,0.0,0.0,0.0,18.2,981.3,0.6,1.4,75,0.0,0
2024-06-16 19:25:00,0,0.0,0.0,0.0,0,0,0.0,0,0,0.0,,0.0,0.0,0,0,0.0,0,0,0,0,0,0,0,0,0,0,0,0,0,0,0,0,0,0,0,0,0,0,0,0,0,0,0,0,0,0,0.033996065358600724,0.6812190191418508,0.10908425876598504,0.8117449009293667,0.6196578321437789,0.014529091286973994,0,0,0.0,0.0,0.0,0.0,0.0,0.0,0.0,0.0,18.2,981.3,0.6,1.4,75,0.0,0
2024-06-16 19:30:00,0,0.0,0.0,0.0,0,0,0.0,0,0,0.0,,0.0,0.0,0,0,0.0,0,0,0,0,0,0,0,0,0,0,0,0,0,0,0,0,0,0,0,0,0,0,0,0,0,0,0,0,0,0,0.038060233744356686,0.691341716182545,0.10908425876598504,0.8117449009293667,0.6196578321437789,0.014529091286973994,0,0,0.0,0.0,0.0,0.0,0.0,0.0,0.0,0.0,18.1,981.4,1.5,2.0,75,0.0,0
2024-06-16 19:35:00,0,0.0,0.0,0.0,0,0,0.0,0,0,0.0,,0.0,0.0,0,0,0.0,0,0,0,0,0,0,0,0,0,0,0,0,0,0,0,0,0,0,0,0,0,0,0,0,0,0,0,0,0,0,0.04234426044027639,0.7013733449293685,0.10908425876598504,0.8117449009293667,0.6196578321437789,0.014529091286973994,0,0,0.0,0.0,0.0,0.0,0.0,0.0,0.0,0.0,18.1,981.4,1.5,2.0,75,0.0,0
2024-06-16 19:40:00,0,0.0,0.0,0.0,0,0,0.0,0,0,0.0,,0.0,0.0,0,0,0.0,0,0,0,0,0,0,0,0,0,0,0,0,0,0,0,0,0,0,0,0,0,0,0,0,0,0,0,0,0,0,0.04684610648167503,0.7113091308703499,0.10908425876598504,0.8117449009293667,0.6196578321437789,0.014529091286973994,0,0,0.0,0.0,0.0,0.0,0.0,0.0,0.0,0.0,17.7,981.5,1.1,1.9,77,0.0,0
2024-06-16 19:45:00,0,0.0,0.0,0.0,0,0,0.0,0,0,0.0,,0.0,0.0,0,0,0.0,0,0,0,0,0,0,0,0,0,0,0,0,0,0,0,0,0,0,0,0,0,0,0,0,0,0,0,0,0,0,0.05156362923365576,0.7211443451095005,0.10908425876598504,0.8117449009293667,0.6196578321437789,0.014529091286973994,0,0,0.0,0.0,0.0,0.0,0.0,0.0,0.0,0.0,17.7,981.5,1.1,1.9,77,0.0,0
2024-06-16 19:50:00,0,0.0,0.0,0.0,0,0,0.0,0,0,0.0,,0.0,0.0,0,0,0.0,0,0,0,0,0,0,0,0,0,0,0,0,0,0,0,0,0,0,0,0,0,0,0,0,0,0,0,0,0,0,0.05649458341088898,0.7308743066175166,0.10908425876598504,0.8117449009293667,0.6196578321437789,0.014529091286973994,0,0,0.0,0.0,0.0,0.0,0.0,0.0,0.0,0.0,17.5,981.6,0.7,1.5,78,0.0,0
2024-06-16 19:55:00,0,0.0,0.0,0.0,0,0,0.0,0,0,0.0,,0.0,0.0,0,0,0.0,0,0,0,0,0,0,0,0,0,0,0,0,0,0,0,0,0,0,0,0,0,0,0,0,0,0,0,0,0,0,0.061636622146246045,0.7404943844596936,0.10908425876598504,0.8117449009293667,0.6196578321437789,0.014529091286973994,0,0,0.0,0.0,0.0,0.0,0.0,0.0,0.0,0.0,17.5,981.6,0.7,1.5,78,0.0,0
2024-06-16 20:00:00,0,0.0,0.0,0.0,0,0,0.0,0,0,0.0,,0.0,0.0,0,0,0.0,0,0,0,0,0,0,0,0,0,0,0,0,0,0,0,0,0,0,0,0,0,0,0,0,0,0,0,0,0,0,0.0669872981077807,0.75,0.10908425876598504,0.8117449009293667,0.6196578321437789,0.014529091286973994,0,0,0.0,0.0,0.0,0.0,0.0,0.0,0.0,0.0,17.2,981.6,0.6,1.2,80,0.0,0
2024-06-16 20:05:00,0,0.0,0.0,0.0,0,0,0.0,0,0,0.0,,0.0,0.0,0,0,0.0,0,0,0,0,0,0,0,0,0,0,0,0,0,0,0,0,0,0,0,0,0,0,0,0,0,0,0,0,0,0,0.07254406466352659,0.7593866290802606,0.10908425876598504,0.8117449009293667,0.6196578321437789,0.014529091286973994,0,0,0.0,0.0,0.0,0.0,0.0,0.0,0.0,0.0,17.2,981.6,0.6,1.2,80,0.0,0
2024-06-16 20:10:00,0,0.0,0.0,0.0,0,0,0.0,0,0,0.0,,0.0,0.0,0,0,0.0,0,0,0,0,0,0,0,0,0,0,0,0,0,0,0,0,0,0,0,0,0,0,0,0,0,0,0,0,0,0,0.07830427709355714,0.768649804173412,0.10908425876598504,0.8117449009293667,0.6196578321437789,0.014529091286973994,0,0,0.0,0.0,0.0,0.0,0.0,0.0,0.0,0.0,17.0,981.8,1.0,1.7,81,0.0,0
2024-06-16 20:15:00,0,0.0,0.0,0.0,0,0,0.0,0,0,0.0,,0.0,0.0,0,0,0.0,0,0,0,0,0,0,0,0,0,0,0,0,0,0,0,0,0,0,0,0,0,0,0,0,0,0,0,0,0,0,0.08426519384872727,0.7777851165098009,0.10908425876598504,0.8117449009293667,0.6196578321437789,0.014529091286973994,0,0,0.0,0.0,0.0,0.0,0.0,0.0,0.0,0.0,17.0,981.8,1.0,1.7,81,0.0,0
2024-06-16 20:20:00,0,0.0,0.0,0.0,0,0,0.0,0,0,0.0,,0.0,0.0,0,0,0.0,0,0,0,0,0,0,0,0,0,0,0,0,0,0,0,0,0,0,0,0,0,0,0,0,0,0,0,0,0,0,0.0904239778555041,0.786788218175523,0.10908425876598504,0.8117449009293667,0.6196578321437789,0.014529091286973994,0,0,0.0,0.0,0.0,0.0,0.0,0.0,0.0,0.0,16.7,982.0,0.8,1.6,81,0.0,0
2024-06-16 20:25:00,0,0.0,0.0,0.0,0,0,0.0,0,0,0.0,,0.0,0.0,0,0,0.0,0,0,0,0,0,0,0,0,0,0,0,0,0,0,0,0,0,0,0,0,0,0,0,0,0,0,0,0,0,0,0.09677769786625884,0.7956548241817913,0.10908425876598504,0.8117449009293667,0.6196578321437789,0.014529091286973994,0,0,0.0,0.0,0.0,0.0,0.0,0.0,0.0,0.0,16.7,982.0,0.8,1.6,81,0.0,0
2024-06-16 20:30:00,0,0.0,0.0,0.0,0,0,0.0,0,0,0.0,,0.0,0.0,0,0,0.0,0,0,0,0,0,0,0,0,0,0,0,0,0,0,0,0,0,0,0,0,0,0,0,0,0,0,0,0,0,0,0.10332332985438242,0.8043807145043602,0.10908425876598504,0.8117449009293667,0.6196578321437789,0.014529091286973994,0,0,0.0,0.0,0.0,0.0,0.0,0.0,0.0,0.0,16.5,982.0,0.7,1.1,81,0.0,0
2024-06-16 20:35:00,0,0.0,0.0,0.0,0,0,0.0,0,0,0.0,,0.0,0.0,0,0,0.0,0,0,0,0,0,0,0,0,0,0,0,0,0,0,0,0,0,0,0,0,0,0,0,0,0,0,0,0,0,0,0.11005775845355892,0.8129617360920294,0.10908425876598504,0.8117449009293667,0.6196578321437789,0.014529091286973994,0,0,0.0,0.0,0.0,0.0,0.0,0.0,0.0,0.0,16.5,982.0,0.7,1.1,81,0.0,0
2024-06-16 20:40:00,0,0.0,0.0,0.0,0,0,0.0,0,0,0.0,,0.0,0.0,0,0,0.0,0,0,0,0,0,0,0,0,0,0,0,0,0,0,0,0,0,0,0,0,0,0,0,0,0,0,0,0,0,0,0.11697777844051094,0.8213938048432696,0.10908425876598504,0.8117449009293667,0.6196578321437789,0.014529091286973994,0,0,0.0,0.0,0.0,0.0,0.0,0.0,0.0,0.0,16.4,982.0,0.7,1.3,82,0.0,0
2024-06-16 20:45:00,0,0.0,0.0,0.0,0,0,0.0,0,0,0.0,,0.0,0.0,0,0,0.0,0,0,0,0,0,0,0,0,0,0,0,0,0,0,0,0,0,0,0,0,0,0,0,0,0,0,0,0,0,0,0.12408009626051142,0.8296729075500345,0.10908425876598504,0.8117449009293667,0.6196578321437789,0.014529091286973994,0,0,0.0,0.0,0.0,0.0,0.0,0.0,0.0,0.0,16.4,982.0,0.7,1.3,82,0.0,0
2024-06-16 20:50:00,0,0.0,0.0,0.0,0,0,0.0,0,0,0.0,,0.0,0.0,0,0,0.0,0,0,0,0,0,0,0,0,0,0,0,0,0,0,0,0,0,0,0,0,0,0,0,0,0,0,0,0,0,0,0.13136133159493762,0.8377951038078297,0.10908425876598504,0.8117449009293667,0.6196578321437789,0.014529091286973994,0,0,0.0,0.0,0.0,0.0,0.0,0.0,0.0,0.0,16.1,982.1,0.5,1.0,83,0.0,0
2024-06-16 20:55:00,0,0.0,0.0,0.0,0,0,0.0,0,0,0.0,,0.0,0.0,0,0,0.0,0,0,0,0,0,0,0,0,0,0,0,0,0,0,0,0,0,0,0,0,0,0,0,0,0,0,0,0,0,0,0.1388180189701223,0.8457565278911348,0.10908425876598504,0.8117449009293667,0.6196578321437789,0.014529091286973994,0,0,0.0,0.0,0.0,0.0,0.0,0.0,0.0,0.0,16.1,982.1,0.5,1.0,83,0.0,0
2024-06-16 21:00:00,0,0.0,0.0,0.0,0,0,0.0,0,0,0.0,,0.0,0.0,0,0,0.0,0,0,0,0,0,0,0,0,0,0,0,0,0,0,0,0,0,0,0,0,0,0,0,0,0,0,0,0,0,0,0.14644660940672616,0.8535533905932737,0.10908425876598504,0.8117449009293667,0.6196578321437789,0.014529091286973994,0,0,0.0,0.0,0.0,0.0,0.0,0.0,0.0,0.0,15.9,982.1,0.9,1.4,83,0.0,0
2024-06-16 21:05:00,0,0.0,0.0,0.0,0,0,0.0,0,0,0.0,,0.0,0.0,0,0,0.0,0,0,0,0,0,0,0,0,0,0,0,0,0,0,0,0,0,0,0,0,0,0,0,0,0,0,0,0,0,0,0.15424347210886508,0.8611819810298775,0.10908425876598504,0.8117449009293667,0.6196578321437789,0.014529091286973994,0,0,0.0,0.0,0.0,0.0,0.0,0.0,0.0,0.0,15.9,982.1,0.9,1.4,83,0.0,0
2024-06-16 21:10:00,0,0.0,0.0,0.0,0,0,0.0,0,0,0.0,,0.0,0.0,0,0,0.0,0,0,0,0,0,0,0,0,0,0,0,0,0,0,0,0,0,0,0,0,0,0,0,0,0,0,0,0,0,0,0.1622048961921701,0.8686386684050622,0.10908425876598504,0.8117449009293667,0.6196578321437789,0.014529091286973994,0,0,0.0,0.0,0.0,0.0,0.0,0.0,0.0,0.0,15.8,982.2,1.0,1.4,84,0.0,0
2024-06-16 21:15:00,0,0.0,0.0,0.0,0,0,0.0,0,0,0.0,,0.0,0.0,0,0,0.0,0,0,0,0,0,0,0,0,0,0,0,0,0,0,0,0,0,0,0,0,0,0,0,0,0,0,0,0,0,0,0.1703270924499653,0.8759199037394885,0.10908425876598504,0.8117449009293667,0.6196578321437789,0.014529091286973994,0,0,0.0,0.0,0.0,0.0,0.0,0.0,0.0,0.0,15.8,982.2,1.0,1.4,84,0.0,0
2024-06-16 21:20:00,0,0.0,0.0,0.0,0,0,0.0,0,0,0.0,,0.0,0.0,0,0,0.0,0,0,0,0,0,0,0,0,0,0,0,0,0,0,0,0,0,0,0,0,0,0,0,0,0,0,0,0,0,0,0.1786061951567302,0.883022221559489,0.10908425876598504,0.8117449009293667,0.6196578321437789,0.014529091286973994,0,0,0.0,0.0,0.0,0.0,0.0,0.0,0.0,0.0,15.7,982.2,0.5,0.9,84,0.0,0
2024-06-16 21:25:00,0,0.0,0.0,0.0,0,0,0.0,0,0,0.0,,0.0,0.0,0,0,0.0,0,0,0,0,0,0,0,0,0,0,0,0,0,0,0,0,0,0,0,0,0,0,0,0,0,0,0,0,0,0,0.18703826390797051,0.8899422415464409,0.10908425876598504,0.8117449009293667,0.6196578321437789,0.014529091286973994,0,0,0.0,0.0,0.0,0.0,0.0,0.0,0.0,0.0,15.7,982.2,0.5,0.9,84,0.0,0
2024-06-16 21:30:00,0,0.0,0.0,0.0,0,0,0.0,0,0,0.0,,0.0,0.0,0,0,0.0,0,0,0,0,0,0,0,0,0,0,0,0,0,0,0,0,0,0,0,0,0,0,0,0,0,0,0,0,0,0,0.19561928549563956,0.8966766701456175,0.10908425876598504,0.8117449009293667,0.6196578321437789,0.014529091286973994,0,0,0.0,0.0,0.0,0.0,0.0,0.0,0.0,0.0,15.5,982.2,0.7,1.2,85,0.0,0
2024-06-16 21:35:00,0,0.0,0.0,0.0,0,0,0.0,0,0,0.0,,0.0,0.0,0,0,0.0,0,0,0,0,0,0,0,0,0,0,0,0,0,0,0,0,0,0,0,0,0,0,0,0,0,0,0,0,0,0,0.2043451758182085,0.9032223021337411,0.10908425876598504,0.8117449009293667,0.6196578321437789,0.014529091286973994,0,0,0.0,0.0,0.0,0.0,0.0,0.0,0.0,0.0,15.5,982.2,0.7,1.2,85,0.0,0
2024-06-16 21:40:00,0,0.0,0.0,0.0,0,0,0.0,0,0,0.0,,0.0,0.0,0,0,0.0,0,0,0,0,0,0,0,0,0,0,0,0,0,0,0,0,0,0,0,0,0,0,0,0,0,0,0,0,0,0,0.21321178182447675,0.9095760221444957,0.10908425876598504,0.8117449009293667,0.6196578321437789,0.014529091286973994,0,0,0.0,0.0,0.0,0.0,0.0,0.0,0.0,0.0,15.5,982.3,0.7,1.4,84,0.0,0
2024-06-16 21:45:00,0,0.0,0.0,0.0,0,0,0.0,0,0,0.0,,0.0,0.0,0,0,0.0,0,0,0,0,0,0,0,0,0,0,0,0,0,0,0,0,0,0,0,0,0,0,0,0,0,0,0,0,0,0,0.2222148834901989,0.9157348061512727,0.10908425876598504,0.8117449009293667,0.6196578321437789,0.014529091286973994,0,0,0.0,0.0,0.0,0.0,0.0,0.0,0.0,0.0,15.5,982.3,0.7,1.4,84,0.0,0
2024-06-16 21:50:00,0,0.0,0.0,0.0,0,0,0.0,0,0,0.0,,0.0,0.0,0,0,0.0,0,0,0,0,0,0,0,0,0,0,0,0,0,0,0,0,0,0,0,0,0,0,0,0,0,0,0,0,0,0,0.2313501958265879,0.9216957229064427,0.10908425876598504,0.8117449009293667,0.6196578321437789,0.014529091286973994,0,0,0.0,0.0,0.0,0.0,0.0,0.0,0.0,0.0,15.4,982.3,0.5,1.4,85,0.0,0
2024-06-16 21:55:00,0,0.0,0.0,0.0,0,0,0.0,0,0,0.0,,0.0,0.0,0,0,0.0,0,0,0,0,0,0,0,0,0,0,0,0,0,0,0,0,0,0,0,0,0,0,0,0,0,0,0,0,0,0,0.24061337091973928,0.9274559353364733,0.10908425876598504,0.8117449009293667,0.6196578321437789,0.014529091286973994,0,0,0.0,0.0,0.0,0.0,0.0,0.0,0.0,0.0,15.4,982.3,0.5,1.4,85,0.0,0
2024-06-16 22:00:00,0,0.0,0.0,0.0,0,0,0.0,0,0,0.0,,0.0,0.0,0,0,0.0,0,0,0,0,0,0,0,0,0,0,0,0,0,0,0,0,0,0,0,0,0,0,0,0,0,0,0,0,0,0,0.24999999999999978,0.9330127018922192,0.10908425876598504,0.8117449009293667,0.6196578321437789,0.014529091286973994,0,0,0.0,0.0,0.0,0.0,0.0,0.0,0.0,0.0,15.3,982.3,1.1,1.9,85,0.0,0
2024-06-16 22:05:00,0,0.0,0.0,0.0,0,0,0.0,0,0,0.0,,0.0,0.0,0,0,0.0,0,0,0,0,0,0,0,0,0,0,0,0,0,0,0,0,0,0,0,0,0,0,0,0,0,0,0,0,0,0,0.25950561554030616,0.9383633778537539,0.10908425876598504,0.8117449009293667,0.6196578321437789,0.014529091286973994,0,0,0.0,0.0,0.0,0.0,0.0,0.0,0.0,0.0,15.3,982.3,1.1,1.9,85,0.0,0
2024-06-16 22:10:00,0,0.0,0.0,0.0,0,0,0.0,0,0,0.0,,0.0,0.0,0,0,0.0,0,0,0,0,0,0,0,0,0,0,0,0,0,0,0,0,0,0,0,0,0,0,0,0,0,0,0,0,0,0,0.26912569338248316,0.9435054165891109,0.10908425876598504,0.8117449009293667,0.6196578321437789,0.014529091286973994,0,0,0.0,0.0,0.0,0.0,0.0,0.0,0.0,0.0,15.2,982.4,0.7,1.2,86,0.0,0
2024-06-16 22:15:00,0,0.0,0.0,0.0,0,0,0.0,0,0,0.0,,0.0,0.0,0,0,0.0,0,0,0,0,0,0,0,0,0,0,0,0,0,0,0,0,0,0,0,0,0,0,0,0,0,0,0,0,0,0,0.2788556548904993,0.9484363707663441,0.10908425876598504,0.8117449009293667,0.6196578321437789,0.014529091286973994,0,0,0.0,0.0,0.0,0.0,0.0,0.0,0.0,0.0,15.2,982.4,0.7,1.2,86,0.0,0
2024-06-16 22:20:00,0,0.0,0.0,0.0,0,0,0.0,0,0,0.0,,0.0,0.0,0,0,0.0,0,0,0,0,0,0,0,0,0,0,0,0,0,0,0,0,0,0,0,0,0,0,0,0,0,0,0,0,0,0,0.28869086912965003,0.9531538935183248,0.10908425876598504,0.8117449009293667,0.6196578321437789,0.014529091286973994,0,0,0.0,0.0,0.0,0.0,0.0,0.0,0.0,0.0,15.2,982.4,1.0,1.9,85,0.0,0
2024-06-16 22:25:00,0,0.0,0.0,0.0,0,0,0.0,0,0,0.0,,0.0,0.0,0,0,0.0,0,0,0,0,0,0,0,0,0,0,0,0,0,0,0,0,0,0,0,0,0,0,0,0,0,0,0,0,0,0,0.2986266550706313,0.9576557395597236,0.10908425876598504,0.8117449009293667,0.6196578321437789,0.014529091286973994,0,0,0.0,0.0,0.0,0.0,0.0,0.0,0.0,0.0,15.2,982.4,1.0,1.9,85,0.0,0
2024-06-16 22:30:00,0,0.0,0.0,0.0,0,0,0.0,0,0,0.0,,0.0,0.0,0,0,0.0,0,0,0,0,0,0,0,0,0,0,0,0,0,0,0,0,0,0,0,0,0,0,0,0,0,0,0,0,0,0,0.3086582838174548,0.9619397662556433,0.10908425876598504,0.8117449009293667,0.6196578321437789,0.014529091286973994,0,0,0.0,0.0,0.0,0.0,0.0,0.0,0.0,0.0,15.1,982.5,0.9,1.9,86,0.0,0
2024-06-16 22:35:00,0,0.0,0.0,0.0,0,0,0.0,0,0,0.0,,0.0,0.0,0,0,0.0,0,0,0,0,0,0,0,0,0,0,0,0,0,0,0,0,0,0,0,0,0,0,0,0,0,0,0,0,0,0,0.3187809808581491,0.9660039346413992,0.10908425876598504,0.8117449009293667,0.6196578321437789,0.014529091286973994,0,0,0.0,0.0,0.0,0.0,0.0,0.0,0.0,0.0,15.1,982.5,0.9,1.9,86,0.0,0
2024-06-16 22:40:00,0,0.0,0.0,0.0,0,0,0.0,0,0,0.0,,0.0,0.0,0,0,0.0,0,0,0,0,0,0,0,0,0,0,0,0,0,0,0,0,0,0,0,0,0,0,0,0,0,0,0,0,0,0,0.32898992833716567,0.9698463103929542,0.10908425876598504,0.8117449009293667,0.6196578321437789,0.014529091286973994,0,0,0.0,0.0,0.0,0.0,0.0,0.0,0.0,0.0,15.0,982.6,0.3,0.9,86,0.0,0
2024-06-16 22:45:00,0,0.0,0.0,0.0,0,0,0.0,0,0,0.0,,0.0,0.0,0,0,0.0,0,0,0,0,0,0,0,0,0,0,0,0,0,0,0,0,0,0,0,0,0,0,0,0,0,0,0,0,0,0,0.3392802673484191,0.9734650647475528,0.10908425876598504,0.8117449009293667,0.6196578321437789,0.014529091286973994,0,0,0.0,0.0,0.0,0.0,0.0,0.0,0.0,0.0,15.0,982.6,0.3,0.9,86,0.0,0
2024-06-16 22:50:00,0,0.0,0.0,0.0,0,0,0.0,0,0,0.0,,0.0,0.0,0,0,0.0,0,0,0,0,0,0,0,0,0,0,0,0,0,0,0,0,0,0,0,0,0,0,0,0,0,0,0,0,0,0,0.34964710024786305,0.9768584753741134,0.10908425876598504,0.8117449009293667,0.6196578321437789,0.014529091286973994,0,0,0.0,0.0,0.0,0.0,0.0,0.0,0.0,0.0,15.0,982.6,0.5,1.0,86,0.0,0
2024-06-16 22:55:00,0,0.0,0.0,0.0,0,0,0.0,0,0,0.0,,0.0,0.0,0,0,0.0,0,0,0,0,0,0,0,0,0,0,0,0,0,0,0,0,0,0,0,0,0,0,0,0,0,0,0,0,0,0,0.36008549298450376,0.9800249271929643,0.10908425876598504,0.8117449009293667,0.6196578321437789,0.014529091286973994,0,0,0.0,0.0,0.0,0.0,0.0,0.0,0.0,0.0,15.0,982.6,0.5,1.0,86,0.0,0
2024-06-16 23:00:00,0,0.0,0.0,0.0,0,0,0.0,0,0,0.0,,0.0,0.0,0,0,0.0,0,0,0,0,0,0,0,0,0,0,0,0,0,0,0,0,0,0,0,0,0,0,0,0,0,0,0,0,0,0,0.37059047744873963,0.9829629131445341,0.10908425876598504,0.8117449009293667,0.6196578321437789,0.014529091286973994,0,0,0.0,0.0,0.0,0.0,0.0,0.0,0.0,0.0,14.8,982.7,0.6,0.9,87,0.0,0
2024-06-16 23:05:00,0,0.0,0.0,0.0,0,0,0.0,0,0,0.0,,0.0,0.0,0,0,0.0,0,0,0,0,0,0,0,0,0,0,0,0,0,0,0,0,0,0,0,0,0,0,0,0,0,0,0,0,0,0,0.38115705383691323,0.9856710349066307,0.10908425876598504,0.8117449009293667,0.6196578321437789,0.014529091286973994,0,0,0.0,0.0,0.0,0.0,0.0,0.0,0.0,0.0,14.8,982.7,0.6,0.9,87,0.0,0
2024-06-16 23:10:00,0,0.0,0.0,0.0,0,0,0.0,0,0,0.0,,0.0,0.0,0,0,0.0,0,0,0,0,0,0,0,0,0,0,0,0,0,0,0,0,0,0,0,0,0,0,0,0,0,0,0,0,0,0,0.3917801930309486,0.9881480035599667,0.10908425876598504,0.8117449009293667,0.6196578321437789,0.014529091286973994,0,0,0.0,0.0,0.0,0.0,0.0,0.0,0.0,0.0,14.7,983.0,0.4,0.8,87,0.0,0
2024-06-16 23:15:00,0,0.0,0.0,0.0,0,0,0.0,0,0,0.0,,0.0,0.0,0,0,0.0,0,0,0,0,0,0,0,0,0,0,0,0,0,0,0,0,0,0,0,0,0,0,0,0,0,0,0,0,0,0,0.4024548389919356,0.9903926402016152,0.10908425876598504,0.8117449009293667,0.6196578321437789,0.014529091286973994,0,0,0.0,0.0,0.0,0.0,0.0,0.0,0.0,0.0,14.7,983.0,0.4,0.8,87,0.0,0
2024-06-16 23:20:00,0,0.0,0.0,0.0,0,0,0.0,0,0,0.0,,0.0,0.0,0,0,0.0,0,0,0,0,0,0,0,0,0,0,0,0,0,0,0,0,0,0,0,0,0,0,0,0,0,0,0,0,0,0,0.4131759111665348,0.9924038765061041,0.10908425876598504,0.8117449009293667,0.6196578321437789,0.014529091286973994,0,0,0.0,0.0,0.0,0.0,0.0,0.0,0.0,0.0,14.6,983.1,0.5,0.9,88,0.0,0
2024-06-16 23:25:00,0,0.0,0.0,0.0,0,0,0.0,0,0,0.0,,0.0,0.0,0,0,0.0,0,0,0,0,0,0,0,0,0,0,0,0,0,0,0,0,0,0,0,0,0,0,0,0,0,0,0,0,0,0,0.42393830690504186,0.9941807552338804,0.10908425876598504,0.8117449009293667,0.6196578321437789,0.014529091286973994,0,0,0.0,0.0,0.0,0.0,0.0,0.0,0.0,0.0,14.6,983.1,0.5,0.9,88,0.0,0
2024-06-16 23:30:00,0,0.0,0.0,0.0,0,0,0.0,0,0,0.0,,0.0,0.0,0,0,0.0,0,0,0,0,0,0,0,0,0,0,0,0,0,0,0,0,0,0,0,0,0,0,0,0,0,0,0,0,0,0,0.43473690388997416,0.9957224306869052,0.10908425876598504,0.8117449009293667,0.6196578321437789,0.014529091286973994,0,0,0.0,0.0,0.0,0.0,0.0,0.0,0.0,0.0,14.5,983.1,0.4,0.9,88,0.0,0
2024-06-16 23:35:00,0,0.0,0.0,0.0,0,0,0.0,0,0,0.0,,0.0,0.0,0,0,0.0,0,0,0,0,0,0,0,0,0,0,0,0,0,0,0,0,0,0,0,0,0,0,0,0,0,0,0,0,0,0,0.44556656257401744,0.9970281691111598,0.10908425876598504,0.8117449009293667,0.6196578321437789,0.014529091286973994,0,0,0.0,0.0,0.0,0.0,0.0,0.0,0.0,0.0,14.5,983.1,0.4,0.9,88,0.0,0
2024-06-16 23:40:00,0,0.0,0.0,0.0,0,0,0.0,0,0,0.0,,0.0,0.0,0,0,0.0,0,0,0,0,0,0,0,0,0,0,0,0,0,0,0,0,0,0,0,0,0,0,0,0,0,0,0,0,0,0,0.4564221286261708,0.9980973490458728,0.10908425876598504,0.8117449009293667,0.6196578321437789,0.014529091286973994,0,0,0.0,0.0,0.0,0.0,0.0,0.0,0.0,0.0,14.5,983.1,0.3,1.5,88,0.0,0
2024-06-16 23:45:00,0,0.0,0.0,0.0,0,0,0.0,0,0,0.0,,0.0,0.0,0,0,0.0,0,0,0,0,0,0,0,0,0,0,0,0,0,0,0,0,0,0,0,0,0,0,0,0,0,0,0,0,0,0,0.4672984353849286,0.9989294616193017,0.10908425876598504,0.8117449009293667,0.6196578321437789,0.014529091286973994,0,0,0.0,0.0,0.0,0.0,0.0,0.0,0.0,0.0,14.5,983.1,0.3,1.5,88,0.0,0
2024-06-16 23:50:00,0,0.0,0.0,0.0,0,0,0.0,0,0,0.0,,0.0,0.0,0,0,0.0,0,0,0,0,0,0,0,0,0,0,0,0,0,0,0,0,0,0,0,0,0,0,0,0,0,0,0,0,0,0,0.47819030631733145,0.9995241107909288,0.10908425876598504,0.8117449009293667,0.6196578321437789,0.014529091286973994,0,0,0.0,0.0,0.0,0.0,0.0,0.0,0.0,0.0,14.3,983.1,0.5,1.0,89,0.0,0
2024-06-16 23:55:00,0,0.0,0.0,0.0,0,0,0.0,0,0,0.0,,0.0,0.0,0,0,0.0,0,0,0,0,0,0,0,0,0,0,0,0,0,0,0,0,0,0,0,0,0,0,0,0,0,0,0,0,0,0,0.48909255748271957,0.9998810135399545,0.10908425876598504,0.8117449009293667,0.6196578321437789,0.014529091286973994,0,0,0.0,0.0,0.0,0.0,0.0,0.0,0.0,0.0,14.3,983.1,0.5,1.0,89,0.0,0
2024-06-17 00:00:00,0,0.0,0.0,0.0,0,0,0.0,0,0,0.0,,0.0,0.0,0,0,0.0,0,0,0,0,0,0,0,0,0,0,0,0,0,0,0,0,0,0,0,0,0,0,0,0,0,0,0,0,0,0,0.5,1.0,0.5,1.0,0.5602683401276616,0.0036455629509730136,0,0,0.0,0.0,0.0,0.0,0.0,0.0,0.0,0.0,14.2,983.2,0.3,0.9,90,0.0,0
2024-06-17 00:05:00,0,0.0,0.0,0.0,0,0,0.0,0,0,0.0,,0.0,0.0,0,0,0.0,0,0,0,0,0,0,0,0,0,0,0,0,0,0,0,0,0,0,0,0,0,0,0,0,0,0,0,0,0,0,0.5109074425172806,0.9998810135399545,0.5,1.0,0.5602683401276616,0.0036455629509730136,0,0,0.0,0.0,0.0,0.0,0.0,0.0,0.0,0.0,14.2,983.2,0.3,0.9,90,0.0,0
2024-06-17 00:10:00,0,0.0,0.0,0.0,0,0,0.0,0,0,0.0,,0.0,0.0,0,0,0.0,0,0,0,0,0,0,0,0,0,0,0,0,0,0,0,0,0,0,0,0,0,0,0,0,0,0,0,0,0,0,0.521809693682668,0.999524110790929,0.5,1.0,0.5602683401276616,0.0036455629509730136,0,0,0.0,0.0,0.0,0.0,0.0,0.0,0.0,0.0,14.2,983.2,0.4,0.8,89,0.0,0
2024-06-17 00:15:00,0,0.0,0.0,0.0,0,0,0.0,0,0,0.0,,0.0,0.0,0,0,0.0,0,0,0,0,0,0,0,0,0,0,0,0,0,0,0,0,0,0,0,0,0,0,0,0,0,0,0,0,0,0,0.5327015646150716,0.9989294616193017,0.5,1.0,0.5602683401276616,0.0036455629509730136,0,0,0.0,0.0,0.0,0.0,0.0,0.0,0.0,0.0,14.2,983.2,0.4,0.8,89,0.0,0
2024-06-17 00:20:00,0,0.0,0.0,0.0,0,0,0.0,0,0,0.0,,0.0,0.0,0,0,0.0,0,0,0,0,0,0,0,0,0,0,0,0,0,0,0,0,0,0,0,0,0,0,0,0,0,0,0,0,0,0,0.5435778713738291,0.9980973490458728,0.5,1.0,0.5602683401276616,0.0036455629509730136,0,0,0.0,0.0,0.0,0.0,0.0,0.0,0.0,0.0,14.0,983.3,0.2,0.8,90,0.0,0
2024-06-17 00:25:00,0,0.0,0.0,0.0,0,0,0.0,0,0,0.0,,0.0,0.0,0,0,0.0,0,0,0,0,0,0,0,0,0,0,0,0,0,0,0,0,0,0,0,0,0,0,0,0,0,0,0,0,0,0,0.5544334374259823,0.9970281691111598,0.5,1.0,0.5602683401276616,0.0036455629509730136,0,0,0.0,0.0,0.0,0.0,0.0,0.0,0.0,0.0,14.0,983.3,0.2,0.8,90,0.0,0
2024-06-17 00:30:00,0,0.0,0.0,0.0,0,0,0.0,0,0,0.0,,0.0,0.0,0,0,0.0,0,0,0,0,0,0,0,0,0,0,0,0,0,0,0,0,0,0,0,0,0,0,0,0,0,0,0,0,0,0,0.5652630961100258,0.9957224306869052,0.5,1.0,0.5602683401276616,0.0036455629509730136,0,0,0.0,0.0,0.0,0.0,0.0,0.0,0.0,0.0,14.1,983.5,1.1,1.4,90,0.0,0
2024-06-17 00:35:00,0,0.0,0.0,0.0,0,0,0.0,0,0,0.0,,0.0,0.0,0,0,0.0,0,0,0,0,0,0,0,0,0,0,0,0,0,0,0,0,0,0,0,0,0,0,0,0,0,0,0,0,0,0,0.5760616930949584,0.9941807552338804,0.5,1.0,0.5602683401276616,0.0036455629509730136,0,0,0.0,0.0,0.0,0.0,0.0,0.0,0.0,0.0,14.1,983.5,1.1,1.4,90,0.0,0
2024-06-17 00:40:00,0,0.0,0.0,0.0,0,0,0.0,0,0,0.0,,0.0,0.0,0,0,0.0,0,0,0,0,0,0,0,0,0,0,0,0,0,0,0,0,0,0,0,0,0,0,0,0,0,0,0,0,0,0,0.5868240888334652,0.9924038765061041,0.5,1.0,0.5602683401276616,0.0036455629509730136,0,0,0.0,0.0,0.0,0.0,0.0,0.0,0.0,0.0,14.0,983.5,0.5,1.1,91,0.0,0
2024-06-17 00:45:00,0,0.0,0.0,0.0,0,0,0.0,0,0,0.0,,0.0,0.0,0,0,0.0,0,0,0,0,0,0,0,0,0,0,0,0,0,0,0,0,0,0,0,0,0,0,0,0,0,0,0,0,0,0,0.5975451610080641,0.9903926402016152,0.5,1.0,0.5602683401276616,0.0036455629509730136,0,0,0.0,0.0,0.0,0.0,0.0,0.0,0.0,0.0,14.0,983.5,0.5,1.1,91,0.0,0
2024-06-17 00:50:00,0,0.0,0.0,0.0,0,0,0.0,0,0,0.0,,0.0,0.0,0,0,0.0,0,0,0,0,0,0,0,0,0,0,0,0,0,0,0,0,0,0,0,0,0,0,0,0,0,0,0,0,0,0,0.6082198069690514,0.9881480035599667,0.5,1.0,0.5602683401276616,0.0036455629509730136,0,0,0.0,0.0,0.0,0.0,0.0,0.0,0.0,0.0,13.9,983.6,0.3,0.7,91,0.0,0
2024-06-17 00:55:00,0,0.0,0.0,0.0,0,0,0.0,0,0,0.0,,0.0,0.0,0,0,0.0,0,0,0,0,0,0,0,0,0,0,0,0,0,0,0,0,0,0,0,0,0,0,0,0,0,0,0,0,0,0,0.6188429461630865,0.9856710349066307,0.5,1.0,0.5602683401276616,0.0036455629509730136,0,0,0.0,0.0,0.0,0.0,0.0,0.0,0.0,0.0,13.9,983.6,0.3,0.7,91,0.0,0
2024-06-17 01:00:00,0,0.0,0.0,0.0,0,0,0.0,0,0,0.0,,0.0,0.0,0,0,0.0,0,0,0,0,0,0,0,0,0,0,0,0,0,0,0,0,0,0,0,0,0,0,0,0,0,0,0,0,0,0,0.6294095225512604,0.9829629131445341,0.5,1.0,0.5602683401276616,0.0036455629509730136,0,0,0.0,0.0,0.0,0.0,0.0,0.0,0.0,0.0,13.8,983.7,0.4,0.9,91,0.0,0
2024-06-17 01:05:00,0,0.0,0.0,0.0,0,0,0.0,0,0,0.0,,0.0,0.0,0,0,0.0,0,0,0,0,0,0,0,0,0,0,0,0,0,0,0,0,0,0,0,0,0,0,0,0,0,0,0,0,0,0,0.639914507015496,0.9800249271929644,0.5,1.0,0.5602683401276616,0.0036455629509730136,0,0,0.0,0.0,0.0,0.0,0.0,0.0,0.0,0.0,13.8,983.7,0.4,0.9,91,0.0,0
2024-06-17 01:10:00,0,0.0,0.0,0.0,0,0,0.0,0,0,0.0,,0.0,0.0,0,0,0.0,0,0,0,0,0,0,0,0,0,0,0,0,0,0,0,0,0,0,0,0,0,0,0,0,0,0,0,0,0,0,0.6503528997521366,0.9768584753741134,0.5,1.0,0.5602683401276616,0.0036455629509730136,0,0,0.0,0.0,0.0,0.0,0.0,0.0,0.0,0.0,13.8,983.6,0.6,1.4,91,0.0,0
2024-06-17 01:15:00,0,0.0,0.0,0.0,0,0,0.0,0,0,0.0,,0.0,0.0,0,0,0.0,0,0,0,0,0,0,0,0,0,0,0,0,0,0,0,0,0,0,0,0,0,0,0,0,0,0,0,0,0,0,0.6607197326515808,0.9734650647475529,0.5,1.0,0.5602683401276616,0.0036455629509730136,0,0,0.0,0.0,0.0,0.0,0.0,0.0,0.0,0.0,13.8,983.6,0.6,1.4,91,0.0,0
2024-06-17 01:20:00,0,0.0,0.0,0.0,0,0,0.0,0,0,0.0,,0.0,0.0,0,0,0.0,0,0,0,0,0,0,0,0,0,0,0,0,0,0,0,0,0,0,0,0,0,0,0,0,0,0,0,0,0,0,0.6710100716628343,0.9698463103929542,0.5,1.0,0.5602683401276616,0.0036455629509730136,0,0,0.0,0.0,0.0,0.0,0.0,0.0,0.0,0.0,13.7,983.6,0.4,1.2,92,0.0,0
2024-06-17 01:25:00,0,0.0,0.0,0.0,0,0,0.0,0,0,0.0,,0.0,0.0,0,0,0.0,0,0,0,0,0,0,0,0,0,0,0,0,0,0,0,0,0,0,0,0,0,0,0,0,0,0,0,0,0,0,0.6812190191418508,0.9660039346413993,0.5,1.0,0.5602683401276616,0.0036455629509730136,0,0,0.0,0.0,0.0,0.0,0.0,0.0,0.0,0.0,13.7,983.6,0.4,1.2,92,0.0,0
2024-06-17 01:30:00,0,0.0,0.0,0.0,0,0,0.0,0,0,0.0,,0.0,0.0,0,0,0.0,0,0,0,0,0,0,0,0,0,0,0,0,0,0,0,0,0,0,0,0,0,0,0,0,0,0,0,0,0,0,0.6913417161825449,0.9619397662556434,0.5,1.0,0.5602683401276616,0.0036455629509730136,0,0,0.0,0.0,0.0,0.0,0.0,0.0,0.0,0.0,13.8,983.7,0.9,2.0,91,0.0,0
2024-06-17 01:35:00,0,0.0,0.0,0.0,0,0,0.0,0,0,0.0,,0.0,0.0,0,0,0.0,0,0,0,0,0,0,0,0,0,0,0,0,0,0,0,0,0,0,0,0,0,0,0,0,0,0,0,0,0,0,0.7013733449293686,0.9576557395597236,0.5,1.0,0.5602683401276616,0.0036455629509730136,0,0,0.0,0.0,0.0,0.0,0.0,0.0,0.0,0.0,13.8,983.7,0.9,2.0,91,0.0,0
2024-06-17 01:40:00,0,0.0,0.0,0.0,0,0,0.0,0,0,0.0,,0.0,0.0,0,0,0.0,0,0,0,0,0,0,0,0,0,0,0,0,0,0,0,0,0,0,0,0,0,0,0,0,0,0,0,0,0,0,0.7113091308703496,0.953153893518325,0.5,1.0,0.5602683401276616,0.0036455629509730136,0,0,0.0,0.0,0.0,0.0,0.0,0.0,0.0,0.0,13.6,983.7,0.2,0.9,92,0.0,0
2024-06-17 01:45:00,0,0.0,0.0,0.0,0,0,0.0,0,0,0.0,,0.0,0.0,0,0,0.0,0,0,0,0,0,0,0,0,0,0,0,0,0,0,0,0,0,0,0,0,0,0,0,0,0,0,0,0,0,0,0.7211443451095007,0.9484363707663441,0.5,1.0,0.5602683401276616,0.0036455629509730136,0,0,0.0,0.0,0.0,0.0,0.0,0.0,0.0,0.0,13.6,983.7,0.2,0.9,92,0.0,0
2024-06-17 01:50:00,0,0.0,0.0,0.0,0,0,0.0,0,0,0.0,,0.0,0.0,0,0,0.0,0,0,0,0,0,0,0,0,0,0,0,0,0,0,0,0,0,0,0,0,0,0,0,0,0,0,0,0,0,0,0.730874306617517,0.9435054165891108,0.5,1.0,0.5602683401276616,0.0036455629509730136,0,0,0.0,0.0,0.0,0.0,0.0,0.0,0.0,0.0,13.6,983.6,0.4,0.9,92,0.0,0
2024-06-17 01:55:00,0,0.0,0.0,0.0,0,0,0.0,0,0,0.0,,0.0,0.0,0,0,0.0,0,0,0,0,0,0,0,0,0,0,0,0,0,0,0,0,0,0,0,0,0,0,0,0,0,0,0,0,0,0,0.7404943844596938,0.9383633778537539,0.5,1.0,0.5602683401276616,0.0036455629509730136,0,0,0.0,0.0,0.0,0.0,0.0,0.0,0.0,0.0,13.6,983.6,0.4,0.9,92,0.0,0
2024-06-17 02:00:00,0,0.0,0.0,0.0,0,0,0.0,0,0,0.0,,0.0,0.0,0,0,0.0,0,0,0,0,0,0,0,0,0,0,0,0,0,0,0,0,0,0,0,0,0,0,0,0,0,0,0,0,0,0,0.75,0.9330127018922194,0.5,1.0,0.5602683401276616,0.0036455629509730136,0,0,0.0,0.0,0.0,0.0,0.0,0.0,0.0,0.0,13.4,983.7,0.5,1.0,92,0.0,0
2024-06-17 02:05:00,0,0.0,0.0,0.0,0,0,0.0,0,0,0.0,,0.0,0.0,0,0,0.0,0,0,0,0,0,0,0,0,0,0,0,0,0,0,0,0,0,0,0,0,0,0,0,0,0,0,0,0,0,0,0.7593866290802607,0.9274559353364733,0.5,1.0,0.5602683401276616,0.0036455629509730136,0,0,0.0,0.0,0.0,0.0,0.0,0.0,0.0,0.0,13.4,983.7,0.5,1.0,92,0.0,0
2024-06-17 02:10:00,0,0.0,0.0,0.0,0,0,0.0,0,0,0.0,,0.0,0.0,0,0,0.0,0,0,0,0,0,0,0,0,0,0,0,0,0,0,0,0,0,0,0,0,0,0,0,0,0,0,0,0,0,0,0.768649804173412,0.9216957229064429,0.5,1.0,0.5602683401276616,0.0036455629509730136,0,0,0.0,0.0,0.0,0.0,0.0,0.0,0.0,0.0,13.3,983.7,0.5,1.0,92,0.0,0
2024-06-17 02:15:00,0,0.0,0.0,0.0,0,0,0.0,0,0,0.0,,0.0,0.0,0,0,0.0,0,0,0,0,0,0,0,0,0,0,0,0,0,0,0,0,0,0,0,0,0,0,0,0,0,0,0,0,0,0,0.7777851165098011,0.9157348061512727,0.5,1.0,0.5602683401276616,0.0036455629509730136,0,0,0.0,0.0,0.0,0.0,0.0,0.0,0.0,0.0,13.3,983.7,0.5,1.0,92,0.0,0
2024-06-17 02:20:00,0,0.0,0.0,0.0,0,0,0.0,0,0,0.0,,0.0,0.0,0,0,0.0,0,0,0,0,0,0,0,0,0,0,0,0,0,0,0,0,0,0,0,0,0,0,0,0,0,0,0,0,0,0,0.786788218175523,0.909576022144496,0.5,1.0,0.5602683401276616,0.0036455629509730136,0,0,0.0,0.0,0.0,0.0,0.0,0.0,0.0,0.0,13.3,983.8,0.5,0.9,93,0.0,0
2024-06-17 02:25:00,0,0.0,0.0,0.0,0,0,0.0,0,0,0.0,,0.0,0.0,0,0,0.0,0,0,0,0,0,0,0,0,0,0,0,0,0,0,0,0,0,0,0,0,0,0,0,0,0,0,0,0,0,0,0.7956548241817911,0.9032223021337413,0.5,1.0,0.5602683401276616,0.0036455629509730136,0,0,0.0,0.0,0.0,0.0,0.0,0.0,0.0,0.0,13.3,983.8,0.5,0.9,93,0.0,0
2024-06-17 02:30:00,0,0.0,0.0,0.0,0,0,0.0,0,0,0.0,,0.0,0.0,0,0,0.0,0,0,0,0,0,0,0,0,0,0,0,0,0,0,0,0,0,0,0,0,0,0,0,0,0,0,0,0,0,0,0.8043807145043603,0.8966766701456176,0.5,1.0,0.5602683401276616,0.0036455629509730136,0,0,0.0,0.0,0.0,0.0,0.0,0.0,0.0,0.0,13.3,984.1,0.3,0.8,93,0.0,0
2024-06-17 02:35:00,0,0.0,0.0,0.0,0,0,0.0,0,0,0.0,,0.0,0.0,0,0,0.0,0,0,0,0,0,0,0,0,0,0,0,0,0,0,0,0,0,0,0,0,0,0,0,0,0,0,0,0,0,0,0.8129617360920296,0.8899422415464409,0.5,1.0,0.5602683401276616,0.0036455629509730136,0,0,0.0,0.0,0.0,0.0,0.0,0.0,0.0,0.0,13.3,984.1,0.3,0.8,93,0.0,0
2024-06-17 02:40:00,0,0.0,0.0,0.0,0,0,0.0,0,0,0.0,,0.0,0.0,0,0,0.0,0,0,0,0,0,0,0,0,0,0,0,0,0,0,0,0,0,0,0,0,0,0,0,0,0,0,0,0,0,0,0.8213938048432696,0.883022221559489,0.5,1.0,0.5602683401276616,0.0036455629509730136,0,0,0.0,0.0,0.0,0.0,0.0,0.0,0.0,0.0,13.2,984.1,0.3,0.8,93,0.0,0
2024-06-17 02:45:00,0,0.0,0.0,0.0,0,0,0.0,0,0,0.0,,0.0,0.0,0,0,0.0,0,0,0,0,0,0,0,0,0,0,0,0,0,0,0,0,0,0,0,0,0,0,0,0,0,0,0,0,0,0,0.8296729075500344,0.8759199037394887,0.5,1.0,0.5602683401276616,0.0036455629509730136,0,0,0.0,0.0,0.0,0.0,0.0,0.0,0.0,0.0,13.2,984.1,0.3,0.8,93,0.0,0
2024-06-17 02:50:00,0,0.0,0.0,0.0,0,0,0.0,0,0,0.0,,0.0,0.0,0,0,0.0,0,0,0,0,0,0,0,0,0,0,0,0,0,0,0,0,0,0,0,0,0,0,0,0,0,0,0,0,0,0,0.8377951038078302,0.868638668405062,0.5,1.0,0.5602683401276616,0.0036455629509730136,0,0,0.0,0.0,0.0,0.0,0.0,0.0,0.0,0.0,13.2,984.1,0.5,0.9,93,0.0,0
2024-06-17 02:55:00,0,0.0,0.0,0.0,0,0,0.0,0,0,0.0,,0.0,0.0,0,0,0.0,0,0,0,0,0,0,0,0,0,0,0,0,0,0,0,0,0,0,0,0,0,0,0,0,0,0,0,0,0,0,0.8457565278911348,0.8611819810298778,0.5,1.0,0.5602683401276616,0.0036455629509730136,0,0,0.0,0.0,0.0,0.0,0.0,0.0,0.0,0.0,13.2,984.1,0.5,0.9,93,0.0,0
2024-06-17 03:00:00,0,0.0,0.0,0.0,0,0,0.0,0,0,0.0,,0.0,0.0,0,0,0.0,0,0,0,0,0,0,0,0,0,0,0,0,0,0,0,0,0,0,0,0,0,0,0,0,0,0,0,0,0,0,0.8535533905932737,0.8535533905932737,0.5,1.0,0.5602683401276616,0.0036455629509730136,0,0,0.0,0.0,0.0,0.0,0.0,0.0,0.0,0.0,13.1,984.3,0.6,1.0,93,0.0,0
2024-06-17 03:05:00,0,0.0,0.0,0.0,0,0,0.0,0,0,0.0,,0.0,0.0,0,0,0.0,0,0,0,0,0,0,0,0,0,0,0,0,0,0,0,0,0,0,0,0,0,0,0,0,0,0,0,0,0,0,0.8611819810298778,0.8457565278911346,0.5,1.0,0.5602683401276616,0.0036455629509730136,0,0,0.0,0.0,0.0,0.0,0.0,0.0,0.0,0.0,13.1,984.3,0.6,1.0,93,0.0,0
2024-06-17 03:10:00,0,0.0,0.0,0.0,0,0,0.0,0,0,0.0,,0.0,0.0,0,0,0.0,0,0,0,0,0,0,0,0,0,0,0,0,0,0,0,0,0,0,0,0,0,0,0,0,0,0,0,0,0,0,0.868638668405062,0.8377951038078302,0.5,1.0,0.5602683401276616,0.0036455629509730136,0,0,0.0,0.0,0.0,0.0,0.0,0.0,0.0,0.0,13.2,984.4,0.8,1.5,93,0.0,0
2024-06-17 03:15:00,0,0.0,0.0,0.0,0,0,0.0,0,0,0.0,,0.0,0.0,0,0,0.0,0,0,0,0,0,0,0,0,0,0,0,0,0,0,0,0,0,0,0,0,0,0,0,0,0,0,0,0,0,0,0.8759199037394887,0.8296729075500344,0.5,1.0,0.5602683401276616,0.0036455629509730136,0,0,0.0,0.0,0.0,0.0,0.0,0.0,0.0,0.0,13.2,984.4,0.8,1.5,93,0.0,0
2024-06-17 03:20:00,0,0.0,0.0,0.0,0,0,0.0,0,0,0.0,,0.0,0.0,0,0,0.0,0,0,0,0,0,0,0,0,0,0,0,0,0,0,0,0,0,0,0,0,0,0,0,0,0,0,0,0,0,0,0.883022221559489,0.8213938048432696,0.5,1.0,0.5602683401276616,0.0036455629509730136,0,0,0.0,0.0,0.0,0.0,0.0,0.0,0.0,0.0,13.3,984.6,0.6,1.1,93,0.0,0
2024-06-17 03:25:00,0,0.0,0.0,0.0,0,0,0.0,0,0,0.0,,0.0,0.0,0,0,0.0,0,0,0,0,0,0,0,0,0,0,0,0,0,0,0,0,0,0,0,0,0,0,0,0,0,0,0,0,0,0,0.8899422415464409,0.8129617360920296,0.5,1.0,0.5602683401276616,0.0036455629509730136,0,0,0.0,0.0,0.0,0.0,0.0,0.0,0.0,0.0,13.3,984.6,0.6,1.1,93,0.0,0
2024-06-17 03:30:00,0,0.0,0.0,0.0,0,0,0.0,0,0,0.0,,0.0,0.0,0,0,0.0,0,0,0,0,0,0,0,0,0,0,0,0,0,0,0,0,0,0,0,0,0,0,0,0,0,0,0,0,0,0,0.8966766701456176,0.8043807145043603,0.5,1.0,0.5602683401276616,0.0036455629509730136,0,0,0.0,0.0,0.0,0.0,0.0,0.0,0.0,0.0,13.4,984.4,0.2,1.0,93,0.0,0
2024-06-17 03:35:00,0,0.0,0.0,0.0,0,0,0.0,0,0,0.0,,0.0,0.0,0,0,0.0,0,0,0,0,0,0,0,0,0,0,0,0,0,0,0,0,0,0,0,0,0,0,0,0,0,0,0,0,0,0,0.9032223021337413,0.7956548241817912,0.5,1.0,0.5602683401276616,0.0036455629509730136,0,0,0.0,0.0,0.0,0.0,0.0,0.0,0.0,0.0,13.4,984.4,0.2,1.0,93,0.0,0
2024-06-17 03:40:00,0,0.0,0.0,0.0,0,0,0.0,0,0,0.0,,0.0,0.0,0,0,0.0,0,0,0,0,0,0,0,0,0,0,0,0,0,0,0,0,0,0,0,0,0,0,0,0,0,0,0,0,0,0,0.9095760221444958,0.786788218175523,0.5,1.0,0.5602683401276616,0.0036455629509730136,0,0,0.0,0.0,0.0,0.0,0.0,0.0,0.0,0.0,13.6,984.4,0.2,0.9,92,0.0,597
2024-06-17 03:45:00,0,0.0,0.0,0.0,0,0,0.0,0,0,0.0,,0.0,0.0,0,0,0.0,0,0,0,0,0,0,0,0,0,0,0,0,0,0,0,0,0,0,0,0,0,0,0,0,0,0,0,0,0,0,0.9157348061512727,0.7777851165098011,0.5,1.0,0.5602683401276616,0.0036455629509730136,0,0,0.0,0.0,0.0,0.0,0.0,0.0,0.0,0.0,13.6,984.4,0.2,0.9,92,0.0,597
2024-06-17 03:50:00,0,0.0,0.0,0.0,0,0,0.0,0,0,0.0,,0.0,0.0,0,0,0.0,0,0,0,0,0,0,0,0,0,0,0,0,0,0,0,0,0,0,0,0,0,0,0,0,0,0,0,0,0,0,0.9216957229064429,0.7686498041734118,0.5,1.0,0.5602683401276616,0.0036455629509730136,0,0,0.0,0.0,0.0,0.0,0.0,0.0,0.0,0.0,13.8,984.6,0.2,0.7,92,0.0,600
2024-06-17 03:55:00,0,0.0,0.0,0.0,0,0,0.0,0,0,0.0,,0.0,0.0,0,0,0.0,0,0,0,0,0,0,0,0,0,0,0,0,0,0,0,0,0,0,0,0,0,0,0,0,0,0,0,0,0,0,0.9274559353364733,0.7593866290802608,0.5,1.0,0.5602683401276616,0.0036455629509730136,0,0,0.0,0.0,0.0,0.0,0.0,0.0,0.0,0.0,13.8,984.6,0.2,0.7,92,0.0,600
2024-06-17 04:00:00,0,0.0,0.0,0.0,0,0,0.0,0,0,0.0,,0.0,0.0,0,0,0.0,0,0,0,0,0,0,0,0,0,0,0,0,0,0,0,0,0,0,0,0,0,0,0,0,0,0,0,0,0,0,0.9330127018922193,0.75,0.5,1.0,0.5602683401276616,0.0036455629509730136,0,0,0.0,0.0,0.0,0.0,0.0,0.0,0.0,0.0,14.2,984.6,0.3,1.3,90,0.0,600
2024-06-17 04:05:00,0,0.0,0.0,0.0,0,0,0.0,0,0,0.0,,0.0,0.0,0,0,0.0,0,0,0,0,0,0,0,0,0,0,0,0,0,0,0,0,0,0,0,0,0,0,0,0,0,0,0,0,0,0,0.9383633778537539,0.7404943844596938,0.5,1.0,0.5602683401276616,0.0036455629509730136,0,0,0.0,0.0,0.0,0.0,0.0,0.0,0.0,0.0,14.2,984.6,0.3,1.3,90,0.0,600
2024-06-17 04:10:00,0,0.0,0.0,0.0,0,0,0.0,0,0,0.0,,0.0,0.0,0,0,0.0,0,0,0,0,0,0,0,0,0,0,0,0,0,0,0,0,0,0,0,0,0,0,0,0,0,0,0,0,0,0,0.9435054165891108,0.730874306617517,0.5,1.0,0.5602683401276616,0.0036455629509730136,0,0,0.0,0.0,0.0,0.0,0.0,0.0,0.0,0.0,14.5,984.8,0.4,1.1,88,0.0,600
2024-06-17 04:15:00,0,0.0,0.0,0.0,0,0,0.0,0,0,0.0,,0.0,0.0,0,0,0.0,0,0,0,0,0,0,0,0,0,0,0,0,0,0,0,0,0,0,0,0,0,0,0,0,0,0,0,0,0,0,0.9484363707663441,0.7211443451095007,0.5,1.0,0.5602683401276616,0.0036455629509730136,0,0,0.0,0.0,0.0,0.0,0.0,0.0,0.0,0.0,14.5,984.8,0.4,1.1,88,0.0,600
2024-06-17 04:20:00,0,0.0,0.0,0.0,0,0,0.0,0,0,0.0,,0.0,0.0,0,0,0.0,0,0,0,0,0,0,0,0,0,0,0,0,0,0,0,0,0,0,0,0,0,0,0,0,0,0,0,0,0,0,0.953153893518325,0.7113091308703497,0.5,1.0,0.5602683401276616,0.0036455629509730136,0,0,0.0,0.0,0.0,0.0,0.0,0.0,0.0,0.0,14.8,984.7,0.0,1.5,87,0.0,600
2024-06-17 04:25:00,0,0.0,0.0,0.0,0,0,0.0,0,0,0.0,,0.0,0.0,0,0,0.0,0,0,0,0,0,0,0,0,0,0,0,0,0,0,0,0,0,0,0,0,0,0,0,0,0,0,0,0,0,0,0.9576557395597236,0.7013733449293686,0.5,1.0,0.5602683401276616,0.0036455629509730136,0,0,0.0,0.0,0.0,0.0,0.0,0.0,0.0,0.0,14.8,984.7,0.0,1.5,87,0.0,600
2024-06-17 04:30:00,0,0.0,0.0,0.0,0,0,0.0,0,0,0.0,,0.0,0.0,0,0,0.0,0,0,0,0,0,0,0,0,0,0,0,0,0,0,0,0,0,0,0,0,0,0,0,0,0,0,0,0,0,0,0.9619397662556434,0.6913417161825449,0.5,1.0,0.5602683401276616,0.0036455629509730136,0,0,0.0,0.0,0.0,0.0,0.0,0.0,0.0,0.0,15.0,984.8,0.4,1.6,86,0.0,239
2024-06-17 04:35:00,0,0.0,0.0,0.0,0,0,0.0,0,0,0.0,,0.0,0.0,0,0,0.0,0,0,0,0,0,0,0,0,0,0,0,0,0,0,0,0,0,0,0,0,0,0,0,0,0,0,0,0,0,0,0.9660039346413992,0.6812190191418508,0.5,1.0,0.5602683401276616,0.0036455629509730136,0,0,0.0,0.0,0.0,0.0,0.0,0.0,0.0,0.0,15.0,984.8,0.4,1.6,86,0.0,239
2024-06-17 04:40:00,0,0.0,0.0,0.0,0,0,0.0,0,0,0.0,,0.0,0.0,0,0,0.0,0,0,0,0,0,0,0,0,0,0,0,0,0,0,0,0,0,0,0,0,0,0,0,0,0,0,0,0,0,0,0.9698463103929542,0.6710100716628344,0.5,1.0,0.5602683401276616,0.0036455629509730136,0,0,0.0,0.0,0.0,0.0,0.0,0.0,0.0,0.0,15.2,984.9,0.2,0.7,86,0.0,0
2024-06-17 04:45:00,0,0.0,0.0,0.0,0,0,0.0,0,0,0.0,,0.0,0.0,0,0,0.0,0,0,0,0,0,0,0,0,0,0,0,0,0,0,0,0,0,0,0,0,0,0,0,0,0,0,0,0,0,0,0.9734650647475528,0.6607197326515808,0.5,1.0,0.5602683401276616,0.0036455629509730136,0,0,0.0,0.0,0.0,0.0,0.0,0.0,0.0,0.0,15.2,984.9,0.2,0.7,86,0.0,0
2024-06-17 04:50:00,0,0.0,0.0,0.0,0,0,0.0,0,0,0.0,,0.0,0.0,0,0,0.0,0,0,0,0,0,0,0,0,0,0,0,0,0,0,0,0,0,0,0,0,0,0,0,0,0,0,0,0,0,0,0.9768584753741134,0.6503528997521366,0.5,1.0,0.5602683401276616,0.0036455629509730136,0,0,0.0,0.0,0.0,0.0,0.0,0.0,0.0,0.0,15.4,985.1,0.2,0.8,84,0.0,155
2024-06-17 04:55:00,0,0.0,0.0,0.0,0,0,0.0,0,0,0.0,,0.0,0.0,0,0,0.0,0,0,0,0,0,0,0,0,0,0,0,0,0,0,0,0,0,0,0,0,0,0,0,0,0,0,0,0,0,0,0.9800249271929644,0.639914507015496,0.5,1.0,0.5602683401276616,0.0036455629509730136,0,0,0.0,0.0,0.0,0.0,0.0,0.0,0.0,0.0,15.4,985.1,0.2,0.8,84,0.0,155
2024-06-17 05:00:00,0,0.0,0.0,0.0,0,0,0.0,0,0,0.0,,0.0,0.0,0,0,0.0,0,0,0,0,0,0,0,0,0,0,0,0,0,0,0,0,0,0,0,0,0,0,0,0,0,0,0,0,0,0,0.9829629131445341,0.6294095225512604,0.5,1.0,0.5602683401276616,0.0036455629509730136,0,0,0.0,0.0,0.0,0.0,0.0,0.0,0.0,0.0,15.8,985.1,0.6,1.6,83,0.0,328
2024-06-17 05:05:00,0,0.0,0.0,0.0,0,0,0.0,0,0,0.0,,0.0,0.0,0,0,0.0,0,0,0,0,0,0,0,0,0,0,0,0,0,0,0,0,0,0,0,0,0,0,0,0,0,0,0,0,0,0,0.9856710349066307,0.6188429461630865,0.5,1.0,0.5602683401276616,0.0036455629509730136,0,0,0.0,0.0,0.0,0.0,0.0,0.0,0.0,0.0,15.8,985.1,0.6,1.6,83,0.0,328
2024-06-17 05:10:00,0,0.0,0.0,0.0,0,0,0.0,0,0,0.0,,0.0,0.0,0,0,0.0,0,0,0,0,0,0,0,0,0,0,0,0,0,0,0,0,0,0,0,0,0,0,0,0,0,0,0,0,0,0,0.9881480035599667,0.6082198069690514,0.5,1.0,0.5602683401276616,0.0036455629509730136,0,0,0.0,0.0,0.0,0.0,0.0,0.0,0.0,0.0,16.0,985.1,0.5,1.7,83,0.0,351
2024-06-17 05:15:00,0,0.0,0.0,0.0,0,0,0.0,0,0,0.0,,0.0,0.0,0,0,0.0,0,0,0,0,0,0,0,0,0,0,0,0,0,0,0,0,0,0,0,0,0,0,0,0,0,0,0,0,0,0,0.9903926402016152,0.5975451610080642,0.5,1.0,0.5602683401276616,0.0036455629509730136,0,0,0.0,0.0,0.0,0.0,0.0,0.0,0.0,0.0,16.0,985.1,0.5,1.7,83,0.0,351
2024-06-17 05:20:00,0,0.0,0.0,0.0,0,0,0.0,0,0,0.0,,0.0,0.0,0,0,0.0,0,0,0,0,0,0,0,0,0,0,0,0,0,0,0,0,0,0,0,0,0,0,0,0,0,0,0,0,0,0,0.9924038765061041,0.5868240888334653,0.5,1.0,0.5602683401276616,0.0036455629509730136,0,0,0.0,0.0,0.0,0.0,0.0,0.0,0.0,0.0,16.1,985.2,0.5,1.7,83,0.0,291
2024-06-17 05:25:00,0,0.0,0.0,0.0,0,0,0.0,0,0,0.0,,0.0,0.0,0,0,0.0,0,0,0,0,0,0,0,0,0,0,0,0,0,0,0,0,0,0,0,0,0,0,0,0,0,0,0,0,0,0,0.9941807552338804,0.5760616930949584,0.5,1.0,0.5602683401276616,0.0036455629509730136,0,0,0.0,0.0,0.0,0.0,0.0,0.0,0.0,0.0,16.1,985.2,0.5,1.7,83,0.0,291
2024-06-17 05:30:00,0,0.0,0.0,0.0,0,0,0.0,0,0,0.0,,0.0,0.0,0,0,0.0,0,0,0,0,0,0,0,0,0,0,0,0,0,0,0,0,0,0,0,0,0,0,0,0,0,0,0,0,0,0,0.9957224306869052,0.5652630961100259,0.5,1.0,0.5602683401276616,0.0036455629509730136,0,0,0.0,0.0,0.0,0.0,0.0,0.0,0.0,0.0,16.4,985.2,1.1,2.1,82,0.0,600
2024-06-17 05:35:00,0,0.0,0.0,0.0,0,0,0.0,0,0,0.0,,0.0,0.0,0,0,0.0,0,0,0,0,0,0,0,0,0,0,0,0,0,0,0,0,0,0,0,0,0,0,0,0,0,0,0,0,0,0,0.9970281691111598,0.5544334374259824,0.5,1.0,0.5602683401276616,0.0036455629509730136,0,0,0.0,0.0,0.0,0.0,0.0,0.0,0.0,0.0,16.4,985.2,1.1,2.1,82,0.0,600
2024-06-17 05:40:00,0,0.0,0.0,0.0,0,0,0.0,0,0,0.0,,0.0,0.0,0,0,0.0,0,0,0,0,0,0,0,0,0,0,0,0,0,0,0,0,0,0,0,0,0,0,0,0,0,0,0,0,0,0,0.9980973490458728,0.5435778713738291,0.5,1.0,0.5602683401276616,0.0036455629509730136,0,0,0.0,0.0,0.0,0.0,0.0,0.0,0.0,0.0,16.7,985.2,0.8,2.2,80,0.0,600
2024-06-17 05:45:00,0,0.0,0.0,0.0,0,0,0.0,0,0,0.0,,0.0,0.0,0,0,0.0,0,0,0,0,0,0,0,0,0,0,0,0,0,0,0,0,0,0,0,0,0,0,0,0,0,0,0,0,0,0,0.9989294616193017,0.5327015646150716,0.5,1.0,0.5602683401276616,0.0036455629509730136,0,0,0.0,0.0,0.0,0.0,0.0,0.0,0.0,0.0,16.7,985.2,0.8,2.2,80,0.0,600
2024-06-17 05:50:00,0,0.0,0.0,0.0,0,0,0.0,0,0,0.0,,0.0,0.0,0,0,0.0,0,0,0,0,0,0,0,0,0,0,0,0,0,0,0,0,0,0,0,0,0,0,0,0,0,0,0,0,0,0,0.999524110790929,0.521809693682668,0.5,1.0,0.5602683401276616,0.0036455629509730136,0,0,0.0,0.0,0.0,0.0,0.0,0.0,0.0,0.0,17.4,985.2,1.5,2.4,79,0.0,600
2024-06-17 05:55:00,0,0.0,0.0,0.0,0,0,0.0,0,0,0.0,,0.0,0.0,0,0,0.0,0,0,0,0,0,0,0,0,0,0,0,0,0,0,0,0,0,0,0,0,0,0,0,0,0,0,0,0,0,0,0.9998810135399545,0.5109074425172806,0.5,1.0,0.5602683401276616,0.0036455629509730136,0,0,0.0,0.0,0.0,0.0,0.0,0.0,0.0,0.0,17.4,985.2,1.5,2.4,79,0.0,600
2024-06-17 06:00:00,0,0.0,0.0,0.0,0,0,0.0,0,0,0.0,,0.0,0.0,0,0,0.0,0,0,0,0,0,0,0,0,0,0,0,0,0,0,0,0,0,0,0,0,0,0,0,0,0,0,0,0,0,0,1.0,0.5,0.5,1.0,0.5602683401276616,0.0036455629509730136,0,0,0.0,0.0,0.0,0.0,0.0,0.0,0.0,0.0,17.7,985.2,0.6,1.7,76,0.0,600
2024-06-17 06:05:00,0,0.0,0.0,0.0,0,0,0.0,0,0,0.0,,0.0,0.0,0,0,0.0,0,0,0,0,0,0,0,0,0,0,0,0,0,0,0,0,0,0,0,0,0,0,0,0,0,0,0,0,0,0,0.9998810135399545,0.48909255748271946,0.5,1.0,0.5602683401276616,0.0036455629509730136,0,0,0.0,0.0,0.0,0.0,0.0,0.0,0.0,0.0,17.7,985.2,0.6,1.7,76,0.0,600
2024-06-17 06:10:00,0,0.0,0.0,0.0,0,0,0.0,0,0,0.0,,0.0,0.0,0,0,0.0,0,0,0,0,0,0,0,0,0,0,0,0,0,0,0,0,0,0,0,0,0,0,0,0,0,0,0,0,0,0,0.999524110790929,0.47819030631733195,0.5,1.0,0.5602683401276616,0.0036455629509730136,0,0,0.0,0.0,0.0,0.0,0.0,0.0,0.0,0.0,18.0,985.3,0.4,2.1,74,0.0,194
2024-06-17 06:15:00,0,0.0,0.0,0.0,0,0,0.0,0,0,0.0,,0.0,0.0,0,0,0.0,0,0,0,0,0,0,0,0,0,0,0,0,0,0,0,0,0,0,0,0,0,0,0,0,0,0,0,0,0,0,0.9989294616193017,0.46729843538492843,0.5,1.0,0.5602683401276616,0.0036455629509730136,0,0,0.0,0.0,0.0,0.0,0.0,0.0,0.0,0.0,18.0,985.3,0.4,2.1,74,0.0,194
2024-06-17 06:20:00,0,0.0,0.0,0.0,0,0,0.0,0,0,0.0,,0.0,0.0,0,0,0.0,0,0,0,0,0,0,0,0,0,0,0,0,0,0,0,0,0,0,0,0,0,0,0,0,0,0,0,0,0,0,0.9980973490458728,0.4564221286261709,0.5,1.0,0.5602683401276616,0.0036455629509730136,0,0,0.0,0.0,0.0,0.0,0.0,0.0,0.0,0.0,18.4,985.2,0.5,2.0,74,0.0,312
2024-06-17 06:25:00,0,0.0,0.0,0.0,0,0,0.0,0,0,0.0,,0.0,0.0,0,0,0.0,0,0,0,0,0,0,0,0,0,0,0,0,0,0,0,0,0,0,0,0,0,0,0,0,0,0,0,0,0,0,0.9970281691111598,0.44556656257401783,0.5,1.0,0.5602683401276616,0.0036455629509730136,0,0,0.0,0.0,0.0,0.0,0.0,0.0,0.0,0.0,18.4,985.2,0.5,2.0,74,0.0,312
2024-06-17 06:30:00,0,0.0,0.0,0.0,0,0,0.0,0,0,0.0,,0.0,0.0,0,0,0.0,0,0,0,0,0,0,0,0,0,0,0,0,0,0,0,0,0,0,0,0,0,0,0,0,0,0,0,0,0,0,0.9957224306869052,0.4347369038899743,0.5,1.0,0.5602683401276616,0.0036455629509730136,0,0,0.0,0.0,0.0,0.0,0.0,0.0,0.0,0.0,19.0,985.2,0.1,1.2,73,0.0,414
2024-06-17 06:35:00,0,0.0,0.0,0.0,0,0,0.0,0,0,0.0,,0.0,0.0,0,0,0.0,0,0,0,0,0,0,0,0,0,0,0,0,0,0,0,0,0,0,0,0,0,0,0,0,0,0,0,0,0,0,0.9941807552338804,0.42393830690504175,0.5,1.0,0.5602683401276616,0.0036455629509730136,0,0,0.0,0.0,0.0,0.0,0.0,0.0,0.0,0.0,19.0,985.2,0.1,1.2,73,0.0,414
2024-06-17 06:40:00,0,0.0,0.0,0.0,0,0,0.0,0,0,0.0,,0.0,0.0,0,0,0.0,0,0,0,0,0,0,0,0,0,0,0,0,0,0,0,0,0,0,0,0,0,0,0,0,0,0,0,0,0,0,0.9924038765061041,0.41317591116653485,0.5,1.0,0.5602683401276616,0.0036455629509730136,0,0,0.0,0.0,0.0,0.0,0.0,0.0,0.0,0.0,19.4,985.2,0.8,1.7,72,0.0,600
2024-06-17 06:45:00,0,0.0,0.0,0.0,0,0,0.0,0,0,0.0,,0.0,0.0,0,0,0.0,0,0,0,0,0,0,0,0,0,0,0,0,0,0,0,0,0,0,0,0,0,0,0,0,0,0,0,0,0,0,0.9903926402016152,0.4024548389919359,0.5,1.0,0.5602683401276616,0.0036455629509730136,0,0,0.0,0.0,0.0,0.0,0.0,0.0,0.0,0.0,19.4,985.2,0.8,1.7,72,0.0,600
2024-06-17 06:50:00,0,0.0,0.0,0.0,0,0,0.0,0,0,0.0,,0.0,0.0,0,0,0.0,0,0,0,0,0,0,0,0,0,0,0,0,0,0,0,0,0,0,0,0,0,0,0,0,0,0,0,0,0,0,0.9881480035599667,0.3917801930309486,0.5,1.0,0.5602683401276616,0.0036455629509730136,0,0,0.0,0.0,0.0,0.0,0.0,0.0,0.0,0.0,19.9,985.2,0.3,1.4,71,0.0,600
2024-06-17 06:55:00,0,0.0,0.0,0.0,0,0,0.0,0,0,0.0,,0.0,0.0,0,0,0.0,0,0,0,0,0,0,0,0,0,0,0,0,0,0,0,0,0,0,0,0,0,0,0,0,0,0,0,0,0,0,0.9856710349066307,0.3811570538369134,0.5,1.0,0.5602683401276616,0.0036455629509730136,0,0,0.0,0.0,0.0,0.0,0.0,0.0,0.0,0.0,19.9,985.2,0.3,1.4,71,0.0,600
2024-06-17 07:00:00,0,0.0,0.0,0.0,0,0,0.0,0,0,0.0,,0.0,0.0,0,0,0.0,0,0,0,0,0,0,0,0,0,0,0,0,0,0,0,0,0,0,0,0,0,0,0,0,0,0,0,0,0,0,0.9829629131445341,0.3705904774487396,0.5,1.0,0.5602683401276616,0.0036455629509730136,0,0,0.0,0.0,0.0,0.0,0.0,0.0,0.0,0.0,20.0,985.2,1.0,2.1,67,0.0,600
2024-06-17 07:05:00,0,0.0,0.0,0.0,0,0,0.0,0,0,0.0,,0.0,0.0,0,0,0.0,0,0,0,0,0,0,0,0,0,0,0,0,0,0,0,0,0,0,0,0,0,0,0,0,0,0,0,0,0,0,0.9800249271929644,0.360085492984504,0.5,1.0,0.5602683401276616,0.0036455629509730136,0,0,0.0,0.0,0.0,0.0,0.0,0.0,0.0,0.0,20.0,985.2,1.0,2.1,67,0.0,600
2024-06-17 07:10:00,0,0.0,0.0,0.0,0,0,0.0,0,0,0.0,,0.0,0.0,0,0,0.0,0,0,0,0,0,0,0,0,0,0,0,0,0,0,0,0,0,0,0,0,0,0,0,0,0,0,0,0,0,0,0.9768584753741134,0.3496471002478635,0.5,1.0,0.5602683401276616,0.0036455629509730136,0,0,0.0,0.0,0.0,0.0,0.0,0.0,0.0,0.0,21.0,985.2,0.2,2.0,66,0.0,600
2024-06-17 07:15:00,0,0.0,0.0,0.0,0,0,0.0,0,0,0.0,,0.0,0.0,0,0,0.0,0,0,0,0,0,0,0,0,0,0,0,0,0,0,0,0,0,0,0,0,0,0,0,0,0,0,0,0,0,0,0.9734650647475529,0.3392802673484193,0.5,1.0,0.5602683401276616,0.0036455629509730136,0,0,0.0,0.0,0.0,0.0,0.0,0.0,0.0,0.0,21.0,985.2,0.2,2.0,66,0.0,600
2024-06-17 07:20:00,0,0.0,0.0,0.0,0,0,0.0,0,0,0.0,,0.0,0.0,0,0,0.0,0,0,0,0,0,0,0,0,0,0,0,0,0,0,0,0,0,0,0,0,0,0,0,0,0,0,0,0,0,0,0.9698463103929542,0.3289899283371658,0.5,1.0,0.5602683401276616,0.0036455629509730136,0,0,0.0,0.0,0.0,0.0,0.0,0.0,0.0,0.0,21.7,985.1,0.8,1.9,66,0.0,600
2024-06-17 07:25:00,0,0.0,0.0,0.0,0,0,0.0,0,0,0.0,,0.0,0.0,0,0,0.0,0,0,0,0,0,0,0,0,0,0,0,0,0,0,0,0,0,0,0,0,0,0,0,0,0,0,0,0,0,0,0.9660039346413993,0.3187809808581492,0.5,1.0,0.5602683401276616,0.0036455629509730136,0,0,0.0,0.0,0.0,0.0,0.0,0.0,0.0,0.0,21.7,985.1,0.8,1.9,66,0.0,600
2024-06-17 07:30:00,0,0.0,0.0,0.0,0,0,0.0,0,0,0.0,,0.0,0.0,0,0,0.0,0,0,0,0,0,0,0,0,0,0,0,0,0,0,0,0,0,0,0,0,0,0,0,0,0,0,0,0,0,0,0.9619397662556434,0.30865828381745514,0.5,1.0,0.5602683401276616,0.0036455629509730136,0,0,0.0,0.0,0.0,0.0,0.0,0.0,0.0,0.0,21.7,985.1,0.3,2.1,63,0.0,600
2024-06-17 07:35:00,0,0.0,0.0,0.0,0,0,0.0,0,0,0.0,,0.0,0.0,0,0,0.0,0,0,0,0,0,0,0,0,0,0,0,0,0,0,0,0,0,0,0,0,0,0,0,0,0,0,0,0,0,0,0.9576557395597236,0.29862665507063146,0.5,1.0,0.5602683401276616,0.0036455629509730136,0,0,0.0,0.0,0.0,0.0,0.0,0.0,0.0,0.0,21.7,985.1,0.3,2.1,63,0.0,600
2024-06-17 07:40:00,0,0.0,0.0,0.0,0,0,0.0,0,0,0.0,,0.0,0.0,0,0,0.0,0,0,0,0,0,0,0,0,0,0,0,0,0,0,0,0,0,0,0,0,0,0,0,0,0,0,0,0,0,0,0.9531538935183249,0.28869086912965014,0.5,1.0,0.5602683401276616,0.0036455629509730136,0,0,0.0,0.0,0.0,0.0,0.0,0.0,0.0,0.0,21.9,985.1,0.6,2.3,63,0.0,600
2024-06-17 07:45:00,0,0.0,0.0,0.0,0,0,0.0,0,0,0.0,,0.0,0.0,0,0,0.0,0,0,0,0,0,0,0,0,0,0,0,0,0,0,0,0,0,0,0,0,0,0,0,0,0,0,0,0,0,0,0.9484363707663441,0.27885565489049946,0.5,1.0,0.5602683401276616,0.0036455629509730136,0,0,0.0,0.0,0.0,0.0,0.0,0.0,0.0,0.0,21.9,985.1,0.6,2.3,63,0.0,600
2024-06-17 07:50:00,0,0.0,0.0,0.0,0,0,0.0,0,0,0.0,,0.0,0.0,0,0,0.0,0,0,0,0,0,0,0,0,0,0,0,0,0,0,0,0,0,0,0,0,0,0,0,0,0,0,0,0,0,0,0.9435054165891109,0.26912569338248316,0.5,1.0,0.5602683401276616,0.0036455629509730136,0,0,0.0,0.0,0.0,0.0,0.0,0.0,0.0,0.0,22.0,985.1,1.2,3.3,60,0.0,600
2024-06-17 07:55:00,0,0.0,0.0,0.0,0,0,0.0,0,0,0.0,,0.0,0.0,0,0,0.0,0,0,0,0,0,0,0,0,0,0,0,0,0,0,0,0,0,0,0,0,0,0,0,0,0,0,0,0,0,0,0.9383633778537539,0.25950561554030627,0.5,1.0,0.5602683401276616,0.0036455629509730136,0,0,0.0,0.0,0.0,0.0,0.0,0.0,0.0,0.0,22.0,985.1,1.2,3.3,60,0.0,600
2024-06-17 08:00:00,0,0.0,0.0,0.0,0,0,0.0,0,0,0.0,,0.0,0.0,0,0,0.0,0,0,0,0,0,0,0,0,0,0,0,0,0,0,0,0,0,0,0,0,0,0,0,0,0,0,0,0,0,0,0.9330127018922194,0.2500000000000001,0.5,1.0,0.5602683401276616,0.0036455629509730136,0,0,0.0,0.006578947368421052,1.0,0.0,1.0,0.0,0.006578947368421052,0.0,22.9,984.9,0.4,2.1,61,0.0,600
2024-06-17 08:05:00,0,0.0,0.0,0.0,0,0,0.0,0,0,0.0,,0.0,0.0,0,0,0.0,0,0,0,0,0,0,0,0,0,0,0,0,0,0,0,0,0,0,0,0,0,0,0,0,0,0,0,0,0,0,0.9274559353364733,0.24061337091973917,0.5,1.0,0.5602683401276616,0.0036455629509730136,0,0,0.0,0.006578947368421052,1.0,0.0,0.0,0.0,0.0,0.0,22.9,984.9,0.4,2.1,61,0.0,600
2024-06-17 08:10:00,0,0.0,0.0,0.0,0,0,0.0,0,0,0.0,,0.0,0.0,0,0,0.0,0,0,0,0,0,0,0,0,0,0,0,0,0,0,0,0,0,0,0,0,0,0,0,0,0,0,0,0,0,0,0.9216957229064429,0.23135019582658822,0.5,1.0,0.5602683401276616,0.0036455629509730136,0,0,0.0,0.013157894736842105,2.0,0.0,1.0,0.0,0.006578947368421052,0.0,22.8,984.8,0.6,2.7,59,0.0,600
2024-06-17 08:15:00,0,0.0,0.0,0.0,0,0,0.0,0,0,0.0,,0.0,0.0,0,0,0.0,0,0,0,0,0,0,0,0,0,0,0,0,0,0,0,0,0,0,0,0,0,0,0,0,0,0,0,0,0,0,0.9157348061512727,0.22221488349019902,0.5,1.0,0.5602683401276616,0.0036455629509730136,0,0,0.0,0.039473684210526314,6.0,0.0,4.0,0.0,0.02631578947368421,0.0,22.8,984.8,0.6,2.7,59,0.0,600
2024-06-17 08:20:00,0,0.0,0.0,0.0,0,0,0.0,0,0,0.0,,0.0,0.0,0,0,0.0,0,0,0,0,0,0,0,0,0,0,0,0,0,0,0,0,0,0,0,0,0,0,0,0,0,0,0,0,0,0,0.9095760221444958,0.21321178182447692,0.5,1.0,0.5602683401276616,0.0036455629509730136,0,0,0.0,0.05921052631578947,9.0,0.0,3.0,0.0,0.019736842105263157,0.0,22.2,984.9,0.4,1.8,58,0.0,600
2024-06-17 08:25:00,0,0.0,0.0,0.0,0,0,0.0,0,0,0.0,,0.0,0.0,0,0,0.0,0,0,0,0,0,0,0,0,0,0,0,0,0,0,0,0,0,0,0,0,0,0,0,0,0,0,0,0,0,0,0.9032223021337413,0.20434517581820894,0.5,1.0,0.5602683401276616,0.0036455629509730136,0,0,0.0,0.13815789473684212,21.0,0.0,12.0,0.0,0.07894736842105265,0.0,22.2,984.9,0.4,1.8,58,0.0,600
2024-06-17 08:30:00,0,0.0,0.0,0.0,0,0,0.0,0,0,0.0,,0.0,0.0,0,0,0.0,0,0,0,0,0,0,0,0,0,0,0,0,0,0,0,0,0,0,0,0,0,0,0,0,0,0,0,0,0,0,0.8966766701456176,0.19561928549563967,0.5,1.0,0.5602683401276616,0.0036455629509730136,0,0,0.0,0.15789473684210525,24.0,0.0,3.0,0.0,0.019736842105263136,0.0,23.3,984.9,0.4,2.6,57,0.0,600
2024-06-17 08:35:00,0,0.0,0.0,0.0,0,0,0.0,0,0,0.0,,0.0,0.0,0,0,0.0,0,0,0,0,0,0,0,0,0,0,0,0,0,0,0,0,0,0,0,0,0,0,0,0,0,0,0,0,0,0,0.8899422415464409,0.18703826390797046,0.5,1.0,0.5602683401276616,0.0036455629509730136,0,0,0.0,0.17105263157894737,26.0,0.0,2.0,0.0,0.013157894736842118,0.0,23.3,984.9,0.4,2.6,57,0.0,600
2024-06-17 08:40:00,0,0.0,0.0,0.0,0,0,0.0,0,0,0.0,,0.0,0.0,0,0,0.0,0,0,0,0,0,0,0,0,0,0,0,0,0,0,0,0,0,0,0,0,0,0,0,0,0,0,0,0,0,0,0.883022221559489,0.17860619515673032,0.5,1.0,0.5602683401276616,0.0036455629509730136,0,0,0.0,0.17105263157894737,26.0,0.0,0.0,0.0,0.0,0.0,23.7,984.8,0.6,2.9,55,0.0,600
2024-06-17 08:45:00,0,0.0,0.0,0.0,0,0,0.0,0,0,0.0,,0.0,0.0,0,0,0.0,0,0,0,0,0,0,0,0,0,0,0,0,0,0,0,0,0,0,0,0,0,0,0,0,0,0,0,0,0,0,0.8759199037394887,0.17032709244996558,0.5,1.0,0.5602683401276616,0.0036455629509730136,0,0,0.0,0.20394736842105263,31.0,0.0,5.0,0.0,0.032894736842105254,0.0,23.7,984.8,0.6,2.9,55,0.0,600
2024-06-17 08:50:00,0,0.0,0.0,0.0,0,0,0.0,0,0,0.0,,0.0,0.0,0,0,0.0,0,0,0,0,0,0,0,0,0,0,0,0,0,0,0,0,0,0,0,0,0,0,0,0,0,0,0,0,0,0,0.868638668405062,0.16220489619216988,0.5,1.0,0.5602683401276616,0.0036455629509730136,0,0,0.0,0.21052631578947367,32.0,0.0,1.0,0.0,0.006578947368421045,0.0,24.0,984.8,0.8,3.0,56,0.0,600
2024-06-17 08:55:00,0,0.0,0.0,0.0,0,0,0.0,0,0,0.0,,0.0,0.0,0,0,0.0,0,0,0,0,0,0,0,0,0,0,0,0,0,0,0,0,0,0,0,0,0,0,0,0,0,0,0,0,0,0,0.861181981029878,0.15424347210886552,0.5,1.0,0.5602683401276616,0.0036455629509730136,0,0,0.0,0.21052631578947367,32.0,0.0,0.0,0.0,0.0,0.0,24.0,984.8,0.8,3.0,56,0.0,600
2024-06-17 09:00:00,0,0.0,0.0,0.0,0,0,0.0,0,0,0.0,,0.0,0.0,0,0,0.0,0,0,0,0,0,0,0,0,0,0,0,0,0,0,0,0,0,0,0,0,0,0,0,0,0,0,0,0,0,0,0.8535533905932737,0.14644660940672627,0.5,1.0,0.5602683401276616,0.0036455629509730136,0,0,0.0,0.21052631578947367,32.0,0.0,0.0,0.0,0.0,0.0,24.4,984.8,1.2,3.2,54,0.0,600
2024-06-17 09:05:00,0,0.0,0.0,0.0,0,0,0.0,0,0,0.0,,0.0,0.0,0,0,0.0,0,0,0,0,0,0,0,0,0,0,0,0,0,0,0,0,0,0,0,0,0,0,0,0,0,0,0,0,0,0,0.8457565278911345,0.13881801897012208,0.5,1.0,0.5602683401276616,0.0036455629509730136,0,0,0.0,0.21052631578947367,32.0,0.0,0.0,0.0,0.0,0.0,24.4,984.8,1.2,3.2,54,0.0,600
2024-06-17 09:10:00,0,0.0,0.0,0.0,0,0,0.0,0,0,0.0,,0.0,0.0,0,0,0.0,0,0,0,0,0,0,0,0,0,0,0,0,0,0,0,0,0,0,0,0,0,0,0,0,0,0,0,0,0,0,0.8377951038078302,0.131361331594938,0.5,1.0,0.5602683401276616,0.0036455629509730136,0,0,0.0,0.20394736842105263,31.0,0.0,-1.0,0.0,-0.006578947368421045,0.0,24.1,984.8,1.2,3.2,52,0.0,600
2024-06-17 09:15:00,0,0.0,0.0,0.0,0,0,0.0,0,0,0.0,,0.0,0.0,0,0,0.0,0,0,0,0,0,0,0,0,0,0,0,0,0,0,0,0,0,0,0,0,0,0,0,0,0,0,0,0,0,0,0.8296729075500344,0.12408009626051136,0.5,1.0,0.5602683401276616,0.0036455629509730136,0,0,0.0,0.20394736842105263,31.0,0.0,0.0,0.0,0.0,0.0,24.1,984.8,1.2,3.2,52,0.0,600
2024-06-17 09:20:00,0,0.0,0.0,0.0,0,0,0.0,0,0,0.0,,0.0,0.0,0,0,0.0,0,0,0,0,0,0,0,0,0,0,0,0,0,0,0,0,0,0,0,0,0,0,0,0,0,0,0,0,0,0,0.8213938048432697,0.11697777844051105,0.5,1.0,0.5602683401276616,0.0036455629509730136,0,0,0.0,0.21052631578947367,32.0,0.0,1.0,0.0,0.006578947368421045,0.0,24.7,984.8,0.6,2.5,50,0.0,600
2024-06-17 09:25:00,0,0.0,0.0,0.0,0,0,0.0,0,0,0.0,,0.0,0.0,0,0,0.0,0,0,0,0,0,0,0,0,0,0,0,0,0,0,0,0,0,0,0,0,0,0,0,0,0,0,0,0,0,0,0.8129617360920296,0.1100577584535592,0.5,1.0,0.5602683401276616,0.0036455629509730136,0,0,0.0,0.21052631578947367,32.0,0.0,0.0,0.0,0.0,0.0,24.7,984.8,0.6,2.5,50,0.0,600
2024-06-17 09:30:00,0,0.0,0.0,0.0,0,0,0.0,0,0,0.0,,0.0,0.0,0,0,0.0,0,0,0,0,0,0,0,0,0,0,0,0,0,0,0,0,0,0,0,0,0,0,0,0,0,0,0,0,0,0,0.8043807145043604,0.10332332985438247,0.5,1.0,0.5602683401276616,0.0036455629509730136,0,0,0.0,0.21052631578947367,32.0,0.0,0.0,0.0,0.0,0.0,25.2,984.8,0.6,2.7,51,0.0,600
2024-06-17 09:35:00,2,0.013157894736842105,2.0,0.013157894736842105,0,0,0.0,0,0,0.0,,0.0,0.0,0,0,0.0,0,0,0,0,0,0,0,0,0,0,0,0,0,0,0,0,0,0,0,0,0,0,0,0,0,0,0,0,0,0,0.7956548241817911,0.09677769786625867,0.5,1.0,0.5602683401276616,0.0036455629509730136,0,0,0.0,0.20394736842105263,31.0,0.0,-1.0,0.0,-0.006578947368421045,0.0,25.2,984.8,0.6,2.7,51,0.0,600
2024-06-17 09:40:00,3,0.019736842105263157,1.0,0.006578947368421052,0,0,0.0,0,0,0.0,,0.0,0.0,0,0,0.0,0,0,0,0,0,0,0,0,0,0,0,0,0,0,0,0,0,0,0,0,0,0,0,0,0,0,0,0,0,0,0.7867882181755232,0.09042397785550421,0.5,1.0,0.5602683401276616,0.0036455629509730136,0,0,0.0,0.20394736842105263,31.0,0.0,0.0,0.0,0.0,0.0,24.8,984.7,1.1,2.7,48,0.0,600
2024-06-17 09:45:00,3,0.019736842105263157,0.0,0.0,0,0,0.0,0,0,0.0,,0.0,0.0,0,0,0.0,0,0,0,0,0,0,0,0,0,0,0,0,0,0,0,0,0,0,0,0,0,0,0,0,0,0,0,0,0,0,0.7777851165098011,0.08426519384872733,0.5,1.0,0.5602683401276616,0.0036455629509730136,0,0,0.0,0.20394736842105263,31.0,0.0,0.0,0.0,0.0,0.0,24.8,984.7,1.1,2.7,48,0.0,600
2024-06-17 09:50:00,3,0.019736842105263157,0.0,0.0,0,0,0.0,0,0,0.0,,0.0,0.0,0,0,0.0,0,0,0,0,0,0,0,0,0,0,0,0,0,0,0,0,0,0,0,0,0,0,0,0,0,0,0,0,0,0,0.7686498041734119,0.07830427709355714,0.5,1.0,0.5602683401276616,0.0036455629509730136,0,0,0.0,0.21052631578947367,32.0,0.0,1.0,0.0,0.006578947368421045,0.0,24.9,984.7,2.0,3.9,47,0.0,600
2024-06-17 09:55:00,7,0.046052631578947366,4.0,0.02631578947368421,0,0,0.0,0,0,0.0,,0.0,0.0,0,0,0.0,0,0,0,0,0,0,0,0,0,0,0,0,0,0,0,0,0,0,0,0,0,0,0,0,0,0,0,0,0,0,0.7593866290802609,0.07254406466352681,0.5,1.0,0.5602683401276616,0.0036455629509730136,0,0,0.0,0.13157894736842105,20.0,0.0,-12.0,0.0,-0.07894736842105263,0.0,24.9,984.7,2.0,3.9,47,0.0,600
2024-06-17 10:00:00,11,0.07236842105263158,4.0,0.026315789473684216,0,0,0.0,0,0,0.0,,0.0,0.0,0,0,0.0,0,0,0,0,0,0,0,0,0,0,0,0,0,0,0,0,0,0,0,0,0,0,0,0,0,0,0,0,0,0,0.75,0.06698729810778065,0.5,1.0,0.5602683401276616,0.0036455629509730136,0,0,0.0,0.0,0.0,0.0,-20.0,0.0,-0.13157894736842105,0.0,25.2,984.7,1.9,3.7,46,0.0,600
2024-06-17 10:05:00,17,0.1118421052631579,6.0,0.039473684210526314,0,0,0.0,0,0,0.0,,0.3333333333333333,0.0,0,0,0.0,0,0,0,0,0,0,0,0,0,0,0,0,0,0,0,0,0,0,0,0,0,0,0,0,0,0,0,0,0,0,0.7404943844596938,0.061636622146246156,0.5,1.0,0.5602683401276616,0.0036455629509730136,0,0,0.0,0.013157894736842105,2.0,0.0,2.0,0.0,0.013157894736842105,0.0,25.2,984.7,1.9,3.7,46,0.0,600
2024-06-17 10:10:00,23,0.1513157894736842,6.0,0.039473684210526314,0,0,0.0,0,0,0.0,,0.6666666666666666,0.0,0,0,0.0,0,0,0,0,0,0,0,0,0,0,0,0,0,0,0,0,0,0,0,0,0,0,0,0,0,0,0,0,0,0,0.730874306617517,0.05649458341088914,0.5,1.0,0.5602683401276616,0.0036455629509730136,0,0,0.0,0.03289473684210526,5.0,0.0,3.0,0.0,0.019736842105263157,0.0,25.2,984.7,1.3,4.7,43,0.0,600
2024-06-17 10:15:00,29,0.19078947368421054,6.0,0.03947368421052633,0,0,0.0,31,0,-1.0,266.002,0.0,0.20394736842105263,1,102,3.0,0,0,0,0,1,0,0,0,0,0,0,1,0,0,0,0,0,0,0,0,0,0,0,1,0,0,0,0,0,0,0.7211443451095007,0.05156362923365587,0.5,1.0,0.5602683401276616,0.0036455629509730136,0,0,0.0,0.05921052631578947,9.0,0.0,4.0,0.0,0.02631578947368421,0.0,25.2,984.7,1.3,4.7,43,0.0,600
2024-06-17 10:20:00,31,0.20394736842105263,2.0,0.01315789473684209,0,0,0.0,31,0,-1.0,266.002,0.0,0.20394736842105263,1,102,3.0,0,0,0,0,1,0,0,0,0,0,0,1,0,0,0,0,0,0,0,0,0,0,0,1,0,0,0,0,0,0,0.7113091308703497,0.04684610648167503,0.5,1.0,0.5602683401276616,0.0036455629509730136,0,0,0.0,0.07236842105263158,11.0,0.0,2.0,0.0,0.013157894736842111,0.0,25.0,984.7,0.6,3.3,44,0.0,600
2024-06-17 10:25:00,26,0.17105263157894737,-5.0,-0.032894736842105254,0,0,0.0,31,0,-1.0,266.002,0.0,0.20394736842105263,1,102,3.0,0,0,0,0,1,0,0,0,0,0,0,1,0,0,0,0,0,0,0,0,0,0,0,1,0,0,0,0,0,0,0.7013733449293689,0.04234426044027656,0.5,1.0,0.5602683401276616,0.0036455629509730136,0,0,0.0,0.08552631578947369,13.0,0.0,2.0,0.0,0.013157894736842105,0.0,25.0,984.7,0.6,3.3,44,0.0,600
2024-06-17 10:30:00,25,0.16447368421052633,-1.0,-0.006578947368421045,0,0,0.0,31,0,-1.0,266.002,0.0,0.20394736842105263,1,102,3.0,0,0,0,0,1,0,0,0,0,0,0,1,0,0,0,0,0,0,0,0,0,0,0,1,0,0,0,0,0,0,0.6913417161825449,0.03806023374435663,0.5,1.0,0.5602683401276616,0.0036455629509730136,0,0,0.0,0.08552631578947369,13.0,0.0,0.0,0.0,0.0,0.0,25.6,984.6,0.2,2.9,42,0.0,600
2024-06-17 10:35:00,25,0.16447368421052633,0.0,0.0,0,0,0.0,31,0,-1.0,266.002,0.0,0.20394736842105263,1,102,3.0,0,0,0,0,1,0,0,0,0,0,0,1,0,0,0,0,0,0,0,0,0,0,0,1,0,0,0,0,0,0,0.6812190191418507,0.03399606535860067,0.5,1.0,0.5602683401276616,0.0036455629509730136,0,0,0.0,0.09210526315789473,14.0,0.0,1.0,0.0,0.006578947368421045,0.0,25.6,984.6,0.2,2.9,42,0.0,600
2024-06-17 10:40:00,25,0.16447368421052633,0.0,0.0,0,0,0.0,31,0,-1.0,266.002,0.0,0.20394736842105263,1,102,3.0,0,0,0,0,1,0,0,0,0,0,0,1,0,0,0,0,0,0,0,0,0,0,0,1,0,0,0,0,0,0,0.6710100716628344,0.03015368960704584,0.5,1.0,0.5602683401276616,0.0036455629509730136,0,0,0.0,0.09210526315789473,14.0,0.0,0.0,0.0,0.0,0.0,26.0,984.6,0.7,2.5,43,0.0,600
2024-06-17 10:45:00,24,0.15789473684210525,-1.0,-0.006578947368421073,0,0,0.0,31,0,-1.0,266.002,0.0,0.20394736842105263,1,102,3.0,0,0,0,0,1,0,0,0,0,0,0,1,0,0,0,0,0,0,0,0,0,0,0,1,0,0,0,0,0,0,0.6607197326515809,0.02653493525244721,0.5,1.0,0.5602683401276616,0.0036455629509730136,0,0,0.0,0.09210526315789473,14.0,0.0,0.0,0.0,0.0,0.0,26.0,984.6,0.7,2.5,43,0.0,600
2024-06-17 10:50:00,23,0.1513157894736842,-1.0,-0.006578947368421045,0,0,0.0,31,0,-1.0,266.002,0.0,0.20394736842105263,1,102,3.0,0,0,0,0,1,0,0,0,0,0,0,1,0,0,0,0,0,0,0,0,0,0,0,1,0,0,0,0,0,0,0.6503528997521366,0.02314152462588659,0.5,1.0,0.5602683401276616,0.0036455629509730136,0,0,0.0,0.09210526315789473,14.0,0.0,0.0,0.0,0.0,0.0,25.8,984.5,1.2,3.3,38,0.0,600
2024-06-17 10:55:00,23,0.1513157894736842,0.0,0.0,0,0,0.0,31,0,-1.0,266.002,0.0,0.20394736842105263,1,102,3.0,0,0,0,0,1,0,0,0,0,0,0,1,0,0,0,0,0,0,0,0,0,0,0,1,0,0,0,0,0,0,0.6399145070154961,0.0199750728070357,0.5,1.0,0.5602683401276616,0.0036455629509730136,0,0,0.0,0.09210526315789473,14.0,0.0,0.0,0.0,0.0,0.0,25.8,984.5,1.2,3.3,38,0.0,600
2024-06-17 11:00:00,22,0.14473684210526316,-1.0,-0.006578947368421045,0,0,0.0,31,0,-1.0,266.002,0.0,0.20394736842105263,1,102,3.0,0,0,0,0,1,0,0,0,0,0,0,1,0,0,0,0,0,0,0,0,0,0,0,1,0,0,0,0,0,0,0.6294095225512605,0.0170370868554659,0.5,1.0,0.5602683401276616,0.0036455629509730136,0,0,0.0,0.08552631578947369,13.0,0.0,-1.0,0.0,-0.006578947368421045,0.0,26.0,984.4,1.2,3.1,40,0.0,600
2024-06-17 11:05:00,22,0.14473684210526316,0.0,0.0,0,0,0.0,31,0,-1.0,266.002,0.0,0.20394736842105263,1,102,3.0,0,0,0,0,1,0,0,0,0,0,0,1,0,0,0,0,0,0,0,0,0,0,0,1,0,0,0,0,0,0,0.6188429461630864,0.014328965093369284,0.5,1.0,0.5602683401276616,0.0036455629509730136,0,0,0.0,0.09210526315789473,14.0,0.0,1.0,0.0,0.006578947368421045,0.0,26.0,984.4,1.2,3.1,40,0.0,600
2024-06-17 11:10:00,19,0.125,-3.0,-0.019736842105263164,0,0,0.0,31,0,-1.0,266.002,0.0,0.20394736842105263,1,102,3.0,0,0,0,0,1,0,0,0,0,0,0,1,0,0,0,0,0,0,0,0,0,0,0,1,0,0,0,0,0,0,0.6082198069690516,0.011851996440033374,0.5,1.0,0.5602683401276616,0.0036455629509730136,0,0,0.0,0.09210526315789473,14.0,0.0,0.0,0.0,0.0,0.0,26.5,984.3,1.3,3.7,41,0.0,600
2024-06-17 11:15:00,11,0.07236842105263158,-8.0,-0.05263157894736842,0,0,0.0,31,0,-1.0,266.002,0.0,0.20394736842105263,1,102,3.0,0,0,0,0,1,0,0,0,0,0,0,1,0,0,0,0,0,0,0,0,0,0,0,1,0,0,0,0,0,0,0.5975451610080643,0.009607359798384785,0.5,1.0,0.5602683401276616,0.0036455629509730136,0,0,0.0,0.09210526315789473,14.0,0.0,0.0,0.0,0.0,0.0,26.5,984.3,1.3,3.7,41,0.0,600
2024-06-17 11:20:00,3,0.019736842105263157,-8.0,-0.052631578947368425,0,0,0.0,31,0,-1.0,266.002,0.0,0.20394736842105263,1,102,3.0,0,0,0,0,1,0,0,0,0,0,0,1,0,0,0,0,0,0,0,0,0,0,0,1,0,0,0,0,0,0,0.5868240888334652,0.00759612349389599,0.5,1.0,0.5602683401276616,0.0036455629509730136,0,0,0.0,0.09210526315789473,14.0,0.0,0.0,0.0,0.0,0.0,27.1,984.2,0.5,2.5,41,0.0,600
2024-06-17 11:25:00,2,0.013157894736842105,-1.0,-0.006578947368421052,0,0,0.0,31,0,-1.0,266.002,0.0,0.20394736842105263,1,102,3.0,0,0,0,0,1,0,0,0,0,0,0,1,0,0,0,0,0,0,0,0,0,0,0,1,0,0,0,0,0,0,0.5760616930949586,0.005819244766119669,0.5,1.0,0.5602683401276616,0.0036455629509730136,0,0,0.0,0.09210526315789473,14.0,0.0,0.0,0.0,0.0,0.0,27.1,984.2,0.5,2.5,41,0.0,600
2024-06-17 11:30:00,0,0.0,-2.0,-0.013157894736842105,0,0,0.0,31,0,-1.0,266.002,0.0,0.20394736842105263,1,102,3.0,0,0,0,0,1,0,0,0,0,0,0,1,0,0,0,0,0,0,0,0,0,0,0,1,0,0,0,0,0,0,0.5652630961100258,0.004277569313094809,0.5,1.0,0.5602683401276616,0.0036455629509730136,0,0,0.0,0.08552631578947369,13.0,0.0,-1.0,0.0,-0.006578947368421045,0.0,27.1,984.1,1.0,3.1,38,0.0,600
2024-06-17 11:35:00,2,0.013157894736842105,2.0,0.013157894736842105,0,0,0.0,31,0,-1.0,266.002,0.0,0.20394736842105263,1,102,3.0,0,0,0,0,1,0,0,0,0,0,0,1,0,0,0,0,0,0,0,0,0,0,0,1,0,0,0,0,0,0,0.5544334374259823,0.0029718308888401768,0.5,1.0,0.5602683401276616,0.0036455629509730136,0,0,0.0,0.06578947368421052,10.0,0.0,-3.0,0.0,-0.019736842105263164,0.0,27.1,984.1,1.0,3.1,38,0.0,600
2024-06-17 11:40:00,3,0.019736842105263157,1.0,0.006578947368421052,0,0,0.0,31,0,-1.0,266.002,0.0,0.20394736842105263,1,102,3.0,0,0,0,0,1,0,0,0,0,0,0,1,0,0,0,0,0,0,0,0,0,0,0,1,0,0,0,0,0,0,0.5435778713738291,0.0019026509541272274,0.5,1.0,0.5602683401276616,0.0036455629509730136,0,0,0.0,0.03289473684210526,5.0,0.0,-5.0,0.0,-0.03289473684210526,0.0,27.3,984.0,1.0,3.5,37,0.0,600
2024-06-17 11:45:00,4,0.02631578947368421,1.0,0.006578947368421052,0,0,0.0,31,0,-1.0,266.002,0.0,0.20394736842105263,1,102,3.0,0,0,0,0,1,0,0,0,0,0,0,1,0,0,0,0,0,0,0,0,0,0,0,1,0,0,0,0,0,0,0.5327015646150716,0.0010705383806982605,0.5,1.0,0.5602683401276616,0.0036455629509730136,0,0,0.0,0.05263157894736842,8.0,0.0,3.0,0.0,0.019736842105263157,0.0,27.3,984.0,1.0,3.5,37,0.0,600
2024-06-17 11:50:00,5,0.03289473684210526,1.0,0.006578947368421052,0,0,0.6666666666666666,0,0,0.0,,0.3333333333333333,0.0,0,0,0.0,0,0,0,0,0,0,0,0,0,0,0,0,0,0,0,0,0,0,0,0,0,0,0,0,0,0,0,0,0,0,0.521809693682668,0.0004758892090711009,0.5,1.0,0.5602683401276616,0.0036455629509730136,0,0,0.0,0.05921052631578947,9.0,0.0,1.0,0.0,0.006578947368421052,0.0,27.1,984.0,1.7,4.1,38,0.0,600
2024-06-17 11:55:00,6,0.039473684210526314,1.0,0.006578947368421052,0,0,0.3333333333333333,0,0,0.0,,0.6666666666666666,0.0,0,0,0.0,0,0,0,0,0,0,0,0,0,0,0,0,0,0,0,0,0,0,0,0,0,0,0,0,0,0,0,0,0,0,0.5109074425172808,0.00011898646004543378,0.5,1.0,0.5602683401276616,0.0036455629509730136,0,0,0.0,0.07894736842105263,12.0,0.0,3.0,0.0,0.019736842105263157,0.0,27.1,984.0,1.7,4.1,38,0.0,600
2024-06-17 12:00:00,8,0.05263157894736842,2.0,0.013157894736842105,0,0,0.0,8,0,0.27648264169692993,231.115,0.0,0.05263157894736842,1,72,3.0,0,0,0,0,1,0,0,0,0,0,0,0,0,0,0,0,0,1,0,0,0,0,0,1,0,0,0,0,0,0,0.5000000000000001,0.0,0.5,1.0,0.5602683401276616,0.0036455629509730136,0,0,0.0,0.09210526315789473,14.0,0.0,2.0,0.0,0.013157894736842105,0.0,27.1,983.8,0.8,3.0,38,0.0,600
2024-06-17 12:05:00,8,0.05263157894736842,0.0,0.0,0,0,0.0,8,0,0.27648264169692993,231.115,0.0,0.05263157894736842,1,72,3.0,0,0,0,0,1,0,0,0,0,0,0,0,0,0,0,0,0,1,0,0,0,0,0,1,0,0,0,0,0,0,0.4890925574827195,0.00011898646004543378,0.5,1.0,0.5602683401276616,0.0036455629509730136,0,0,0.0,0.09868421052631579,15.0,0.0,1.0,0.0,0.006578947368421059,0.0,27.1,983.8,0.8,3.0,38,0.0,600
2024-06-17 12:10:00,7,0.046052631578947366,-1.0,-0.006578947368421052,0,0,0.0,8,0,0.27648264169692993,231.115,0.0,0.05263157894736842,1,72,3.0,0,0,0,0,1,0,0,0,0,0,0,0,0,0,0,0,0,1,0,0,0,0,0,1,0,0,0,0,0,0,0.47819030631733206,0.0004758892090711009,0.5,1.0,0.5602683401276616,0.0036455629509730136,0,0,0.0,0.09868421052631579,15.0,0.0,0.0,0.0,0.0,0.0,26.9,983.7,1.1,3.5,39,0.0,600
2024-06-17 12:15:00,7,0.046052631578947366,0.0,0.0,0,0,0.0,8,0,0.27648264169692993,231.115,0.0,0.05263157894736842,1,72,3.0,0,0,0,0,1,0,0,0,0,0,0,0,0,0,0,0,0,1,0,0,0,0,0,1,0,0,0,0,0,0,0.46729843538492855,0.0010705383806982605,0.5,1.0,0.5602683401276616,0.0036455629509730136,0,0,0.0,0.10526315789473684,16.0,0.0,1.0,0.0,0.006578947368421045,0.0,26.9,983.7,1.1,3.5,39,0.0,600
2024-06-17 12:20:00,7,0.046052631578947366,0.0,0.0,0,0,0.0,8,0,0.27648264169692993,231.115,0.0,0.05263157894736842,1,72,3.0,0,0,0,0,1,0,0,0,0,0,0,0,0,0,0,0,0,1,0,0,0,0,0,1,0,0,0,0,0,0,0.4564221286261708,0.0019026509541272274,0.5,1.0,0.5602683401276616,0.0036455629509730136,0,0,0.0,0.10526315789473684,16.0,0.0,0.0,0.0,0.0,0.0,26.9,983.7,0.4,3.2,38,0.0,600
2024-06-17 12:25:00,7,0.046052631578947366,0.0,0.0,0,0,0.0,8,0,0.27648264169692993,231.115,0.0,0.05263157894736842,1,72,3.0,0,0,0,0,1,0,0,0,0,0,0,0,0,0,0,0,0,1,0,0,0,0,0,1,0,0,0,0,0,0,0.44556656257401805,0.0029718308888401768,0.5,1.0,0.5602683401276616,0.0036455629509730136,0,0,0.0,0.10526315789473684,16.0,0.0,0.0,0.0,0.0,0.0,26.9,983.7,0.4,3.2,38,0.0,600
2024-06-17 12:30:00,7,0.046052631578947366,0.0,0.0,0,0,0.0,8,0,0.27648264169692993,231.115,0.0,0.05263157894736842,1,72,3.0,0,0,0,0,1,0,0,0,0,0,0,0,0,0,0,0,0,1,0,0,0,0,0,1,0,0,0,0,0,0,0.4347369038899741,0.004277569313094809,0.5,1.0,0.5602683401276616,0.0036455629509730136,0,0,0.0,0.10526315789473684,16.0,0.0,0.0,0.0,0.0,0.0,26.8,983.6,0.5,3.2,39,0.0,600
2024-06-17 12:35:00,7,0.046052631578947366,0.0,0.0,0,0,0.0,8,0,0.27648264169692993,231.115,0.0,0.05263157894736842,1,72,3.0,0,0,0,0,1,0,0,0,0,0,0,0,0,0,0,0,0,1,0,0,0,0,0,1,0,0,0,0,0,0,0.4239383069050416,0.005819244766119669,0.5,1.0,0.5602683401276616,0.0036455629509730136,0,0,0.0,0.10526315789473684,16.0,0.0,0.0,0.0,0.0,0.0,26.8,983.6,0.5,3.2,39,0.0,600
2024-06-17 12:40:00,7,0.046052631578947366,0.0,0.0,0,0,0.0,8,0,0.27648264169692993,231.115,0.0,0.05263157894736842,1,72,3.0,0,0,0,0,1,0,0,0,0,0,0,0,0,0,0,0,0,1,0,0,0,0,0,1,0,0,0,0,0,0,0.41317591116653474,0.00759612349389599,0.5,1.0,0.5602683401276616,0.0036455629509730136,0,0,0.0,0.09868421052631579,15.0,0.0,-1.0,0.0,-0.006578947368421045,0.0,27.5,983.6,0.9,2.8,38,0.0,600
2024-06-17 12:45:00,7,0.046052631578947366,0.0,0.0,0,0,0.0,8,0,0.27648264169692993,231.115,0.0,0.05263157894736842,1,72,3.0,0,0,0,0,1,0,0,0,0,0,0,0,0,0,0,0,0,1,0,0,0,0,0,1,0,0,0,0,0,0,0.4024548389919358,0.009607359798384785,0.5,1.0,0.5602683401276616,0.0036455629509730136,0,0,0.0,0.09868421052631579,15.0,0.0,0.0,0.0,0.0,0.0,27.5,983.6,0.9,2.8,38,0.0,600
2024-06-17 12:50:00,7,0.046052631578947366,0.0,0.0,0,0,0.0,8,0,0.27648264169692993,231.115,0.0,0.05263157894736842,1,72,3.0,0,0,0,0,1,0,0,0,0,0,0,0,0,0,0,0,0,1,0,0,0,0,0,1,0,0,0,0,0,0,0.39178019303094874,0.011851996440033263,0.5,1.0,0.5602683401276616,0.0036455629509730136,0,0,0.0,0.09210526315789473,14.0,0.0,-1.0,0.0,-0.006578947368421059,0.0,27.1,983.4,1.3,3.7,40,0.0,600
2024-06-17 12:55:00,7,0.046052631578947366,0.0,0.0,0,0,0.0,8,0,0.27648264169692993,231.115,0.0,0.05263157894736842,1,72,3.0,0,0,0,0,1,0,0,0,0,0,0,0,0,0,0,0,0,1,0,0,0,0,0,1,0,0,0,0,0,0,0.3811570538369137,0.014328965093369228,0.5,1.0,0.5602683401276616,0.0036455629509730136,0,0,0.0,0.09210526315789473,14.0,0.0,0.0,0.0,0.0,0.0,27.1,983.4,1.3,3.7,40,0.0,600
2024-06-17 13:00:00,7,0.046052631578947366,0.0,0.0,0,0,0.0,8,0,0.27648264169692993,231.115,0.0,0.05263157894736842,1,72,3.0,0,0,0,0,1,0,0,0,0,0,0,0,0,0,0,0,0,1,0,0,0,0,0,1,0,0,0,0,0,0,0.37059047744873985,0.01703708685546579,0.5,1.0,0.5602683401276616,0.0036455629509730136,0,0,0.0,0.09210526315789473,14.0,0.0,0.0,0.0,0.0,0.0,27.7,983.4,1.9,4.3,42,0.0,600
2024-06-17 13:05:00,7,0.046052631578947366,0.0,0.0,0,0,0.0,8,0,0.27648264169692993,231.115,0.0,0.05263157894736842,1,72,3.0,0,0,0,0,1,0,0,0,0,0,0,0,0,0,0,0,0,1,0,0,0,0,0,1,0,0,0,0,0,0,0.36008549298450376,0.0199750728070357,0.5,1.0,0.5602683401276616,0.0036455629509730136,0,0,0.0,0.09210526315789473,14.0,0.0,0.0,0.0,0.0,0.0,27.7,983.4,1.9,4.3,42,0.0,600
2024-06-17 13:10:00,7,0.046052631578947366,0.0,0.0,0,0,0.0,8,0,0.27648264169692993,231.115,0.0,0.05263157894736842,1,72,3.0,0,0,0,0,1,0,0,0,0,0,0,0,0,0,0,0,0,1,0,0,0,0,0,1,0,0,0,0,0,0,0.34964710024786366,0.023141524625886478,0.5,1.0,0.5602683401276616,0.0036455629509730136,0,0,0.0,0.09210526315789473,14.0,0.0,0.0,0.0,0.0,0.0,27.8,983.4,1.9,3.4,37,0.0,600
2024-06-17 13:15:00,8,0.05263157894736842,1.0,0.006578947368421052,0,0,0.0,8,0,0.27648264169692993,231.115,0.0,0.05263157894736842,1,72,3.0,0,0,0,0,1,0,0,0,0,0,0,0,0,0,0,0,0,1,0,0,0,0,0,1,0,0,0,0,0,0,0.3392802673484192,0.026534935252447156,0.5,1.0,0.5602683401276616,0.0036455629509730136,0,0,0.0,0.09210526315789473,14.0,0.0,0.0,0.0,0.0,0.0,27.8,983.4,1.9,3.4,37,0.0,600
2024-06-17 13:20:00,8,0.05263157894736842,0.0,0.0,0,0,0.0,8,0,0.27648264169692993,231.115,0.0,0.05263157894736842,1,72,3.0,0,0,0,0,1,0,0,0,0,0,0,0,0,0,0,0,0,1,0,0,0,0,0,1,0,0,0,0,0,0,0.32898992833716567,0.030153689607045786,0.5,1.0,0.5602683401276616,0.0036455629509730136,0,0,0.0,0.09210526315789473,14.0,0.0,0.0,0.0,0.0,0.0,27.7,983.4,0.9,3.1,36,0.0,600
2024-06-17 13:25:00,8,0.05263157894736842,0.0,0.0,0,0,0.0,8,0,0.27648264169692993,231.115,0.0,0.05263157894736842,1,72,3.0,0,0,0,0,1,0,0,0,0,0,0,0,0,0,0,0,0,1,0,0,0,0,0,1,0,0,0,0,0,0,0.3187809808581492,0.033996065358600724,0.5,1.0,0.5602683401276616,0.0036455629509730136,0,0,0.0,0.09210526315789473,14.0,0.0,0.0,0.0,0.0,0.0,27.7,983.4,0.9,3.1,36,0.0,600
2024-06-17 13:30:00,7,0.046052631578947366,-1.0,-0.006578947368421052,0,0,0.0,8,0,0.27648264169692993,231.115,0.0,0.05263157894736842,1,72,3.0,0,0,0,0,1,0,0,0,0,0,0,0,0,0,0,0,0,1,0,0,0,0,0,1,0,0,0,0,0,0,0.3086582838174552,0.038060233744356575,0.5,1.0,0.5602683401276616,0.0036455629509730136,0,0,0.0,0.05263157894736842,8.0,0.0,-6.0,0.0,-0.039473684210526314,0.0,28.2,983.3,0.7,3.5,36,0.0,600
2024-06-17 13:35:00,0,0.0,-7.0,-0.046052631578947366,0,0,0.6666666666666666,0,0,0.0,,0.0,0.0,0,0,0.0,0,0,0,0,0,0,0,0,0,0,0,0,0,0,0,0,0,0,0,0,0,0,0,0,0,0,0,0,0,0,0.29862665507063146,0.04234426044027639,0.5,1.0,0.5602683401276616,0.0036455629509730136,0,0,0.0,0.0,0.0,0.0,-8.0,0.0,-0.05263157894736842,0.0,28.2,983.3,0.7,3.5,36,0.0,600
2024-06-17 13:40:00,0,0.0,0.0,0.0,0,0,0.3333333333333333,0,0,0.0,,0.0,0.0,0,0,0.0,0,0,0,0,0,0,0,0,0,0,0,0,0,0,0,0,0,0,0,0,0,0,0,0,0,0,0,0,0,0,0.28869086912965036,0.046846106481674976,0.5,1.0,0.5602683401276616,0.0036455629509730136,0,0,0.0,0.0,0.0,0.0,0.0,0.0,0.0,0.0,28.0,983.3,1.2,3.6,36,0.0,600
2024-06-17 13:45:00,0,0.0,0.0,0.0,0,0,0.0,0,0,0.0,,0.0,0.0,0,0,0.0,0,0,0,0,0,0,0,0,0,0,0,0,0,0,0,0,0,0,0,0,0,0,0,0,0,0,0,0,0,0,0.27885565489049946,0.05156362923365582,0.5,1.0,0.5602683401276616,0.0036455629509730136,0,0,0.0,0.0,0.0,0.0,0.0,0.0,0.0,0.0,28.0,983.3,1.2,3.6,36,0.0,600
2024-06-17 13:50:00,0,0.0,0.0,0.0,0,0,0.0,0,0,0.0,,0.0,0.0,0,0,0.0,0,0,0,0,0,0,0,0,0,0,0,0,0,0,0,0,0,0,0,0,0,0,0,0,0,0,0,0,0,0,0.26912569338248293,0.0564945834108892,0.5,1.0,0.5602683401276616,0.0036455629509730136,0,0,0.0,0.0,0.0,0.0,0.0,0.0,0.0,0.0,27.8,983.4,0.4,2.8,38,0.0,386
2024-06-17 13:55:00,0,0.0,0.0,0.0,0,0,0.0,0,0,0.0,,0.0,0.0,0,0,0.0,0,0,0,0,0,0,0,0,0,0,0,0,0,0,0,0,0,0,0,0,0,0,0,0,0,0,0,0,0,0,0.2595056155403065,0.06163662214624599,0.5,1.0,0.5602683401276616,0.0036455629509730136,0,0,0.0,0.0,0.0,0.0,0.0,0.0,0.0,0.0,27.8,983.4,0.4,2.8,38,0.0,386
2024-06-17 14:00:00,0,0.0,0.0,0.0,0,0,0.0,0,0,0.0,,0.0,0.0,0,0,0.0,0,0,0,0,0,0,0,0,0,0,0,0,0,0,0,0,0,0,0,0,0,0,0,0,0,0,0,0,0,0,0.24999999999999994,0.0669872981077807,0.5,1.0,0.5602683401276616,0.0036455629509730136,0,0,0.0,0.0,0.0,0.0,0.0,0.0,0.0,0.0,27.5,983.4,1.4,3.6,40,0.0,344
2024-06-17 14:05:00,0,0.0,0.0,0.0,0,0,0.0,0,0,0.0,,0.0,0.0,0,0,0.0,0,0,0,0,0,0,0,0,0,0,0,0,0,0,0,0,0,0,0,0,0,0,0,0,0,0,0,0,0,0,0.24061337091973922,0.07254406466352675,0.5,1.0,0.5602683401276616,0.0036455629509730136,0,0,0.0,0.0,0.0,0.0,0.0,0.0,0.0,0.0,27.5,983.4,1.4,3.6,40,0.0,344
2024-06-17 14:10:00,0,0.0,0.0,0.0,0,0,0.0,0,0,0.0,,0.0,0.0,0,0,0.0,0,0,0,0,0,0,0,0,0,0,0,0,0,0,0,0,0,0,0,0,0,0,0,0,0,0,0,0,0,0,0.23135019582658806,0.0783042770935572,0.5,1.0,0.5602683401276616,0.0036455629509730136,0,0,0.0,0.0,0.0,0.0,0.0,0.0,0.0,0.0,27.9,983.3,1.2,3.5,39,0.0,600
2024-06-17 14:15:00,0,0.0,0.0,0.0,0,0,0.0,0,0,0.0,,0.0,0.0,0,0,0.0,0,0,0,0,0,0,0,0,0,0,0,0,0,0,0,0,0,0,0,0,0,0,0,0,0,0,0,0,0,0,0.22221488349019902,0.08426519384872727,0.5,1.0,0.5602683401276616,0.0036455629509730136,0,0,0.0,0.0,0.0,0.0,0.0,0.0,0.0,0.0,27.9,983.3,1.2,3.5,39,0.0,600
2024-06-17 14:20:00,0,0.0,0.0,0.0,0,0,0.0,0,0,0.0,,0.0,0.0,0,0,0.0,0,0,0,0,0,0,0,0,0,0,0,0,0,0,0,0,0,0,0,0,0,0,0,0,0,0,0,0,0,0,0.2132117818244771,0.09042397785550399,0.5,1.0,0.5602683401276616,0.0036455629509730136,0,0,0.0,0.0,0.0,0.0,0.0,0.0,0.0,0.0,27.7,983.3,1.7,3.9,39,0.0,600
2024-06-17 14:25:00,0,0.0,0.0,0.0,0,0,0.0,0,0,0.0,,0.0,0.0,0,0,0.0,0,0,0,0,0,0,0,0,0,0,0,0,0,0,0,0,0,0,0,0,0,0,0,0,0,0,0,0,0,0,0.204345175818209,0.09677769786625862,0.5,1.0,0.5602683401276616,0.0036455629509730136,0,0,0.0,0.0,0.0,0.0,0.0,0.0,0.0,0.0,27.7,983.3,1.7,3.9,39,0.0,600
2024-06-17 14:30:00,0,0.0,0.0,0.0,0,0,0.0,0,0,0.0,,0.0,0.0,0,0,0.0,0,0,0,0,0,0,0,0,0,0,0,0,0,0,0,0,0,0,0,0,0,0,0,0,0,0,0,0,0,0,0.19561928549563984,0.1033233298543823,0.5,1.0,0.5602683401276616,0.0036455629509730136,0,0,0.0,0.0,0.0,0.0,0.0,0.0,0.0,0.0,27.7,983.2,0.8,3.1,38,0.0,600
2024-06-17 14:35:00,0,0.0,0.0,0.0,0,0,0.0,0,0,0.0,,0.0,0.0,0,0,0.0,0,0,0,0,0,0,0,0,0,0,0,0,0,0,0,0,0,0,0,0,0,0,0,0,0,0,0,0,0,0,0.1870382639079703,0.11005775845355925,0.5,1.0,0.5602683401276616,0.0036455629509730136,0,0,0.0,0.0,0.0,0.0,0.0,0.0,0.0,0.0,27.7,983.2,0.8,3.1,38,0.0,600
2024-06-17 14:40:00,0,0.0,0.0,0.0,0,0,0.0,0,0,0.0,,0.0,0.0,0,0,0.0,0,0,0,0,0,0,0,0,0,0,0,0,0,0,0,0,0,0,0,0,0,0,0,0,0,0,0,0,0,0,0.17860619515673054,0.11697777844051083,0.5,1.0,0.5602683401276616,0.0036455629509730136,0,0,0.0,0.0,0.0,0.0,0.0,0.0,0.0,0.0,27.4,983.3,1.6,4.3,39,0.0,269
2024-06-17 14:45:00,0,0.0,0.0,0.0,0,0,0.0,0,0,0.0,,0.0,0.0,0,0,0.0,0,0,0,0,0,0,0,0,0,0,0,0,0,0,0,0,0,0,0,0,0,0,0,0,0,0,0,0,0,0,0.17032709244996558,0.12408009626051125,0.5,1.0,0.5602683401276616,0.0036455629509730136,0,0,0.0,0.0,0.0,0.0,0.0,0.0,0.0,0.0,27.4,983.3,1.6,4.3,39,0.0,269
2024-06-17 14:50:00,0,0.0,0.0,0.0,0,0,0.0,0,0,0.0,,0.0,0.0,0,0,0.0,0,0,0,0,0,0,0,0,0,0,0,0,0,0,0,0,0,0,0,0,0,0,0,0,0,0,0,0,0,0,0.16220489619216993,0.13136133159493796,0.5,1.0,0.5602683401276616,0.0036455629509730136,0,0,0.0,0.0,0.0,0.0,0.0,0.0,0.0,0.0,27.5,983.3,0.7,2.6,39,0.0,600
2024-06-17 14:55:00,0,0.0,0.0,0.0,0,0,0.0,0,0,0.0,,0.0,0.0,0,0,0.0,0,0,0,0,0,0,0,0,0,0,0,0,0,0,0,0,0,0,0,0,0,0,0,0,0,0,0,0,0,0,0.15424347210886535,0.1388180189701222,0.5,1.0,0.5602683401276616,0.0036455629509730136,0,0,0.0,0.0,0.0,0.0,0.0,0.0,0.0,0.0,27.5,983.3,0.7,2.6,39,0.0,600
2024-06-17 15:00:00,0,0.0,0.0,0.0,0,0,0.0,0,0,0.0,,0.0,0.0,0,0,0.0,0,0,0,0,0,0,0,0,0,0,0,0,0,0,0,0,0,0,0,0,0,0,0,0,0,0,0,0,0,0,0.14644660940672627,0.14644660940672616,0.5,1.0,0.5602683401276616,0.0036455629509730136,0,0,0.0,0.0,0.0,0.0,0.0,0.0,0.0,0.0,27.8,983.3,1.3,4.1,38,0.0,600
2024-06-17 15:05:00,0,0.0,0.0,0.0,0,0,0.0,0,0,0.0,,0.0,0.0,0,0,0.0,0,0,0,0,0,0,0,0,0,0,0,0,0,0,0,0,0,0,0,0,0,0,0,0,0,0,0,0,0,0,0.13881801897012225,0.15424347210886524,0.5,1.0,0.5602683401276616,0.0036455629509730136,0,0,0.0,0.0,0.0,0.0,0.0,0.0,0.0,0.0,27.8,983.3,1.3,4.1,38,0.0,600
2024-06-17 15:10:00,0,0.0,0.0,0.0,0,0,0.0,0,0,0.0,,0.0,0.0,0,0,0.0,0,0,0,0,0,0,0,0,0,0,0,0,0,0,0,0,0,0,0,0,0,0,0,0,0,0,0,0,0,0,0.13136133159493807,0.16220489619216982,0.5,1.0,0.5602683401276616,0.0036455629509730136,0,0,0.0,0.0,0.0,0.0,0.0,0.0,0.0,0.0,27.7,983.3,1.3,3.5,38,0.0,600
2024-06-17 15:15:00,0,0.0,0.0,0.0,0,0,0.0,0,0,0.0,,0.0,0.0,0,0,0.0,0,0,0,0,0,0,0,0,0,0,0,0,0,0,0,0,0,0,0,0,0,0,0,0,0,0,0,0,0,0,0.12408009626051136,0.17032709244996547,0.5,1.0,0.5602683401276616,0.0036455629509730136,0,0,0.0,0.0,0.0,0.0,0.0,0.0,0.0,0.0,27.7,983.3,1.3,3.5,38,0.0,600
2024-06-17 15:20:00,0,0.0,0.0,0.0,0,0,0.0,0,0,0.0,,0.3333333333333333,0.0,0,0,0.0,0,0,0,0,0,0,0,0,0,0,0,0,0,0,0,0,0,0,0,0,0,0,0,0,0,0,0,0,0,0,0.11697777844051077,0.1786061951567306,0.5,1.0,0.5602683401276616,0.0036455629509730136,0,0,0.0,0.0,0.0,0.0,0.0,0.0,0.0,0.0,27.5,983.3,1.4,4.2,40,0.0,600
2024-06-17 15:25:00,0,0.0,0.0,0.0,0,0,0.0,0,0,0.0,,0.6666666666666666,0.0,0,0,0.0,0,0,0,0,0,0,0,0,0,0,0,0,0,0,0,0,0,0,0,0,0,0,0,0,0,0,0,0,0,0,0.1100577584535593,0.18703826390797018,0.5,1.0,0.5602683401276616,0.0036455629509730136,0,0,0.0,0.0,0.0,0.0,0.0,0.0,0.0,0.0,27.5,983.3,1.4,4.2,40,0.0,600
2024-06-17 15:30:00,3,0.019736842105263157,3.0,0.019736842105263157,0,0,0.0,3,0,-1.0,231.010,0.0,0.019736842105263157,1,27,3.0,0,0,0,0,1,0,0,0,0,0,0,0,0,0,0,0,0,1,0,0,0,0,0,1,0,0,0,0,0,0,0.10332332985438253,0.19561928549563956,0.5,1.0,0.5602683401276616,0.0036455629509730136,0,0,0.0,0.0,0.0,0.0,0.0,0.0,0.0,0.0,27.6,983.3,1.4,4.0,39,0.0,600
2024-06-17 15:35:00,0,0.0,-3.0,-0.019736842105263157,0,0,0.0,3,0,-1.0,231.010,0.0,0.019736842105263157,1,27,3.0,0,0,0,0,1,0,0,0,0,0,0,0,0,0,0,0,0,1,0,0,0,0,0,1,0,0,0,0,0,0,0.09677769786625867,0.20434517581820888,0.5,1.0,0.5602683401276616,0.0036455629509730136,0,0,0.0,0.0,0.0,0.0,0.0,0.0,0.0,0.0,27.6,983.3,1.4,4.0,39,0.0,600
2024-06-17 15:40:00,0,0.0,0.0,0.0,0,0,0.0,3,0,-1.0,231.010,0.0,0.019736842105263157,1,27,3.0,0,0,0,0,1,0,0,0,0,0,0,0,0,0,0,0,0,1,0,0,0,0,0,1,0,0,0,0,0,0,0.09042397785550421,0.2132117818244768,0.5,1.0,0.5602683401276616,0.0036455629509730136,0,0,0.0,0.0,0.0,0.0,0.0,0.0,0.0,0.0,27.4,983.3,0.9,3.1,39,0.0,347
2024-06-17 15:45:00,0,0.0,0.0,0.0,0,0,0.0,3,0,-1.0,231.010,0.0,0.019736842105263157,1,27,3.0,0,0,0,0,1,0,0,0,0,0,0,0,0,0,0,0,0,1,0,0,0,0,0,1,0,0,0,0,0,0,0.08426519384872738,0.2222148834901989,0.5,1.0,0.5602683401276616,0.0036455629509730136,0,0,0.0,0.0,0.0,0.0,0.0,0.0,0.0,0.0,27.4,983.3,0.9,3.1,39,0.0,347
2024-06-17 15:50:00,0,0.0,0.0,0.0,0,0,0.0,3,0,-1.0,231.010,0.0,0.019736842105263157,1,27,3.0,0,0,0,0,1,0,0,0,0,0,0,0,0,0,0,0,0,1,0,0,0,0,0,1,0,0,0,0,0,0,0.07830427709355725,0.2313501958265879,0.5,1.0,0.5602683401276616,0.0036455629509730136,0,0,0.0,0.0,0.0,0.0,0.0,0.0,0.0,0.0,27.2,983.3,0.8,2.9,42,0.0,335
2024-06-17 15:55:00,0,0.0,0.0,0.0,0,0,0.0,3,0,-1.0,231.010,0.0,0.019736842105263157,1,27,3.0,0,0,0,0,1,0,0,0,0,0,0,0,0,0,0,0,0,1,0,0,0,0,0,1,0,0,0,0,0,0,0.0725440646635267,0.24061337091973928,0.5,1.0,0.5602683401276616,0.0036455629509730136,0,0,0.0,0.0,0.0,0.0,0.0,0.0,0.0,0.0,27.2,983.3,0.8,2.9,42,0.0,335
2024-06-17 16:00:00,0,0.0,0.0,0.0,0,0,0.0,3,0,-1.0,231.010,0.0,0.019736842105263157,1,27,3.0,0,0,0,0,1,0,0,0,0,0,0,0,0,0,0,0,0,1,0,0,0,0,0,1,0,0,0,0,0,0,0.06698729810778081,0.24999999999999978,0.5,1.0,0.5602683401276616,0.0036455629509730136,0,0,0.0,0.0,0.0,0.0,0.0,0.0,0.0,0.0,27.2,983.3,0.9,3.0,40,0.0,480
2024-06-17 16:05:00,0,0.0,0.0,0.0,0,0,0.0,3,0,-1.0,231.010,0.0,0.019736842105263157,1,27,3.0,0,0,0,0,1,0,0,0,0,0,0,0,0,0,0,0,0,1,0,0,0,0,0,1,0,0,0,0,0,0,0.061636622146246156,0.25950561554030616,0.5,1.0,0.5602683401276616,0.0036455629509730136,0,0,0.0,0.0,0.0,0.0,0.0,0.0,0.0,0.0,27.2,983.3,0.9,3.0,40,0.0,480
2024-06-17 16:10:00,0,0.0,0.0,0.0,0,0,0.0,3,0,-1.0,231.010,0.0,0.019736842105263157,1,27,3.0,0,0,0,0,1,0,0,0,0,0,0,0,0,0,0,0,0,1,0,0,0,0,0,1,0,0,0,0,0,0,0.05649458341088909,0.2691256933824832,0.5,1.0,0.5602683401276616,0.0036455629509730136,0,0,0.0,0.0,0.0,0.0,0.0,0.0,0.0,0.0,27.3,983.2,1.0,2.8,41,0.0,437
2024-06-17 16:15:00,0,0.0,0.0,0.0,0,0,0.0,3,0,-1.0,231.010,0.0,0.019736842105263157,1,27,3.0,0,0,0,0,1,0,0,0,0,0,0,0,0,0,0,0,0,1,0,0,0,0,0,1,0,0,0,0,0,0,0.05156362923365587,0.27885565489049935,0.5,1.0,0.5602683401276616,0.0036455629509730136,0,0,0.0,0.0,0.0,0.0,0.0,0.0,0.0,0.0,27.3,983.2,1.0,2.8,41,0.0,437
2024-06-17 16:20:00,0,0.0,0.0,0.0,0,0,0.0,3,0,-1.0,231.010,0.0,0.019736842105263157,1,27,3.0,0,0,0,0,1,0,0,0,0,0,0,0,0,0,0,0,0,1,0,0,0,0,0,1,0,0,0,0,0,0,0.04684610648167514,0.28869086912965003,0.5,1.0,0.5602683401276616,0.0036455629509730136,0,0,0.0,0.0,0.0,0.0,0.0,0.0,0.0,0.0,27.3,983.2,0.8,2.3,41,0.0,326
2024-06-17 16:25:00,0,0.0,0.0,0.0,0,0,0.0,3,0,-1.0,231.010,0.0,0.019736842105263157,1,27,3.0,0,0,0,0,1,0,0,0,0,0,0,0,0,0,0,0,0,1,0,0,0,0,0,1,0,0,0,0,0,0,0.04234426044027645,0.29862665507063135,0.5,1.0,0.5602683401276616,0.0036455629509730136,0,0,0.0,0.0,0.0,0.0,0.0,0.0,0.0,0.0,27.3,983.2,0.8,2.3,41,0.0,326
2024-06-17 16:30:00,0,0.0,0.0,0.0,0,0,0.0,3,0,-1.0,231.010,0.0,0.019736842105263157,1,27,3.0,0,0,0,0,1,0,0,0,0,0,0,0,0,0,0,0,0,1,0,0,0,0,0,1,0,0,0,0,0,0,0.03806023374435674,0.30865828381745486,0.5,1.0,0.5602683401276616,0.0036455629509730136,0,0,0.0,0.0,0.0,0.0,0.0,0.0,0.0,0.0,27.7,983.2,0.5,2.6,41,0.0,600
2024-06-17 16:35:00,0,0.0,0.0,0.0,0,0,0.0,3,0,-1.0,231.010,0.0,0.019736842105263157,1,27,3.0,0,0,0,0,1,0,0,0,0,0,0,0,0,0,0,0,0,1,0,0,0,0,0,1,0,0,0,0,0,0,0.03399606535860078,0.3187809808581491,0.5,1.0,0.5602683401276616,0.0036455629509730136,0,0,0.0,0.0,0.0,0.0,0.0,0.0,0.0,0.0,27.7,983.2,0.5,2.6,41,0.0,600
2024-06-17 16:40:00,0,0.0,0.0,0.0,0,0,0.0,3,0,-1.0,231.010,0.0,0.019736842105263157,1,27,3.0,0,0,0,0,1,0,0,0,0,0,0,0,0,0,0,0,0,1,0,0,0,0,0,1,0,0,0,0,0,0,0.030153689607045786,0.3289899283371657,0.5,1.0,0.5602683401276616,0.0036455629509730136,0,0,0.0,0.0,0.0,0.0,0.0,0.0,0.0,0.0,27.9,983.1,1.1,2.2,40,0.0,600
2024-06-17 16:45:00,0,0.0,0.0,0.0,0,0,0.0,3,0,-1.0,231.010,0.0,0.019736842105263157,1,27,3.0,0,0,0,0,1,0,0,0,0,0,0,0,0,0,0,0,0,1,0,0,0,0,0,1,0,0,0,0,0,0,0.02653493525244721,0.3392802673484191,0.5,1.0,0.5602683401276616,0.0036455629509730136,0,0,0.0,0.0,0.0,0.0,0.0,0.0,0.0,0.0,27.9,983.1,1.1,2.2,40,0.0,600
2024-06-17 16:50:00,0,0.0,0.0,0.0,0,0,0.0,3,0,-1.0,231.010,0.0,0.019736842105263157,1,27,3.0,0,0,0,0,1,0,0,0,0,0,0,0,0,0,0,0,0,1,0,0,0,0,0,1,0,0,0,0,0,0,0.023141524625886645,0.3496471002478631,0.5,1.0,0.5602683401276616,0.0036455629509730136,0,0,0.0,0.0,0.0,0.0,0.0,0.0,0.0,0.0,27.5,983.2,0.7,1.9,39,0.0,600
2024-06-17 16:55:00,0,0.0,0.0,0.0,0,0,0.0,3,0,-1.0,231.010,0.0,0.019736842105263157,1,27,3.0,0,0,0,0,1,0,0,0,0,0,0,0,0,0,0,0,0,1,0,0,0,0,0,1,0,0,0,0,0,0,0.0199750728070357,0.3600854929845038,0.5,1.0,0.5602683401276616,0.0036455629509730136,0,0,0.0,0.0,0.0,0.0,0.0,0.0,0.0,0.0,27.5,983.2,0.7,1.9,39,0.0,600
2024-06-17 17:00:00,0,0.0,0.0,0.0,0,0,0.0,3,0,-1.0,231.010,0.0,0.019736842105263157,1,27,3.0,0,0,0,0,1,0,0,0,0,0,0,0,0,0,0,0,0,1,0,0,0,0,0,1,0,0,0,0,0,0,0.017037086855465844,0.3705904774487397,0.5,1.0,0.5602683401276616,0.0036455629509730136,0,0,0.0,0.0,0.0,0.0,0.0,0.0,0.0,0.0,27.3,983.1,1.0,2.3,40,0.0,600
2024-06-17 17:05:00,0,0.0,0.0,0.0,0,0,0.6666666666666666,0,0,0.0,,0.0,0.0,0,0,0.0,0,0,0,0,0,0,0,0,0,0,0,0,0,0,0,0,0,0,0,0,0,0,0,0,0,0,0,0,0,0,0.014328965093369339,0.3811570538369133,0.5,1.0,0.5602683401276616,0.0036455629509730136,0,0,0.0,0.0,0.0,0.0,0.0,0.0,0.0,0.0,27.3,983.1,1.0,2.3,40,0.0,600
2024-06-17 17:10:00,0,0.0,0.0,0.0,0,0,0.3333333333333333,0,0,0.0,,0.0,0.0,0,0,0.0,0,0,0,0,0,0,0,0,0,0,0,0,0,0,0,0,0,0,0,0,0,0,0,0,0,0,0,0,0,0,0.011851996440033319,0.3917801930309486,0.5,1.0,0.5602683401276616,0.0036455629509730136,0,0,0.0,0.0,0.0,0.0,0.0,0.0,0.0,0.0,27.2,983.1,1.0,3.2,43,0.0,600
2024-06-17 17:15:00,0,0.0,0.0,0.0,0,0,0.0,0,0,0.0,,0.0,0.0,0,0,0.0,0,0,0,0,0,0,0,0,0,0,0,0,0,0,0,0,0,0,0,0,0,0,0,0,0,0,0,0,0,0,0.00960735979838484,0.4024548389919357,0.5,1.0,0.5602683401276616,0.0036455629509730136,0,0,0.0,0.0,0.0,0.0,0.0,0.0,0.0,0.0,27.2,983.1,1.0,3.2,43,0.0,600
2024-06-17 17:20:00,0,0.0,0.0,0.0,0,0,0.0,0,0,0.0,,0.0,0.0,0,0,0.0,0,0,0,0,0,0,0,0,0,0,0,0,0,0,0,0,0,0,0,0,0,0,0,0,0,0,0,0,0,0,0.00759612349389599,0.41317591116653485,0.5,1.0,0.5602683401276616,0.0036455629509730136,0,0,0.0,0.0,0.0,0.0,0.0,0.0,0.0,0.0,27.5,983.0,0.2,2.1,41,0.0,600
2024-06-17 17:25:00,0,0.0,0.0,0.0,0,0,0.0,0,0,0.0,,0.0,0.0,0,0,0.0,0,0,0,0,0,0,0,0,0,0,0,0,0,0,0,0,0,0,0,0,0,0,0,0,0,0,0,0,0,0,0.005819244766119613,0.42393830690504186,0.5,1.0,0.5602683401276616,0.0036455629509730136,0,0,0.0,0.0,0.0,0.0,0.0,0.0,0.0,0.0,27.5,983.0,0.2,2.1,41,0.0,600
2024-06-17 17:30:00,0,0.0,0.0,0.0,0,0,0.0,0,0,0.0,,0.0,0.0,0,0,0.0,0,0,0,0,0,0,0,0,0,0,0,0,0,0,0,0,0,0,0,0,0,0,0,0,0,0,0,0,0,0,0.004277569313094809,0.4347369038899742,0.5,1.0,0.5602683401276616,0.0036455629509730136,0,0,0.0,0.0,0.0,0.0,0.0,0.0,0.0,0.0,26.5,983.0,0.6,2.1,46,0.0,600
2024-06-17 17:35:00,0,0.0,0.0,0.0,0,0,0.0,0,0,0.0,,0.0,0.0,0,0,0.0,0,0,0,0,0,0,0,0,0,0,0,0,0,0,0,0,0,0,0,0,0,0,0,0,0,0,0,0,0,0,0.0029718308888402323,0.44556656257401744,0.5,1.0,0.5602683401276616,0.0036455629509730136,0,0,0.0,0.0,0.0,0.0,0.0,0.0,0.0,0.0,26.5,983.0,0.6,2.1,46,0.0,600
2024-06-17 17:40:00,0,0.0,0.0,0.0,0,0,0.0,0,0,0.0,,0.0,0.0,0,0,0.0,0,0,0,0,0,0,0,0,0,0,0,0,0,0,0,0,0,0,0,0,0,0,0,0,0,0,0,0,0,0,0.0019026509541272274,0.4564221286261709,0.5,1.0,0.5602683401276616,0.0036455629509730136,0,0,0.0,0.0,0.0,0.0,0.0,0.0,0.0,0.0,25.5,983.0,0.6,1.6,50,0.0,299
2024-06-17 17:45:00,0,0.0,0.0,0.0,0,0,0.0,0,0,0.0,,0.0,0.0,0,0,0.0,0,0,0,0,0,0,0,0,0,0,0,0,0,0,0,0,0,0,0,0,0,0,0,0,0,0,0,0,0,0,0.0010705383806982605,0.46729843538492866,0.5,1.0,0.5602683401276616,0.0036455629509730136,0,0,0.0,0.0,0.0,0.0,0.0,0.0,0.0,0.0,25.5,983.0,0.6,1.6,50,0.0,299
2024-06-17 17:50:00,0,0.0,0.0,0.0,0,0,0.0,0,0,0.0,,0.0,0.0,0,0,0.0,0,0,0,0,0,0,0,0,0,0,0,0,0,0,0,0,0,0,0,0,0,0,0,0,0,0,0,0,0,0,0.0004758892090711564,0.4781903063173315,0.5,1.0,0.5602683401276616,0.0036455629509730136,0,0,0.0,0.0,0.0,0.0,0.0,0.0,0.0,0.0,25.0,983.1,0.7,2.4,53,0.0,0
2024-06-17 17:55:00,0,0.0,0.0,0.0,0,0,0.0,0,0,0.0,,0.0,0.0,0,0,0.0,0,0,0,0,0,0,0,0,0,0,0,0,0,0,0,0,0,0,0,0,0,0,0,0,0,0,0,0,0,0,0.00011898646004543378,0.48909255748271957,0.5,1.0,0.5602683401276616,0.0036455629509730136,0,0,0.0,0.0,0.0,0.0,0.0,0.0,0.0,0.0,25.0,983.1,0.7,2.4,53,0.0,0
2024-06-17 18:00:00,0,0.0,0.0,0.0,0,0,0.0,0,0,0.0,,0.0,0.0,0,0,0.0,0,0,0,0,0,0,0,0,0,0,0,0,0,0,0,0,0,0,0,0,0,0,0,0,0,0,0,0,0,0,0.0,0.4999999999999999,0.5,1.0,0.5602683401276616,0.0036455629509730136,0,0,0.0,0.0,0.0,0.0,0.0,0.0,0.0,0.0,24.4,983.1,0.4,1.6,55,0.0,0
2024-06-17 18:05:00,0,0.0,0.0,0.0,0,0,0.0,0,0,0.0,,0.0,0.0,0,0,0.0,0,0,0,0,0,0,0,0,0,0,0,0,0,0,0,0,0,0,0,0,0,0,0,0,0,0,0,0,0,0,0.00011898646004543378,0.5109074425172803,0.5,1.0,0.5602683401276616,0.0036455629509730136,0,0,0.0,0.0,0.0,0.0,0.0,0.0,0.0,0.0,24.4,983.1,0.4,1.6,55,0.0,0
2024-06-17 18:10:00,0,0.0,0.0,0.0,0,0,0.0,0,0,0.0,,0.0,0.0,0,0,0.0,0,0,0,0,0,0,0,0,0,0,0,0,0,0,0,0,0,0,0,0,0,0,0,0,0,0,0,0,0,0,0.0004758892090711564,0.5218096936826683,0.5,1.0,0.5602683401276616,0.0036455629509730136,0,0,0.0,0.0,0.0,0.0,0.0,0.0,0.0,0.0,24.2,983.1,0.3,1.3,55,0.0,0
2024-06-17 18:15:00,0,0.0,0.0,0.0,0,0,0.0,0,0,0.0,,0.0,0.0,0,0,0.0,0,0,0,0,0,0,0,0,0,0,0,0,0,0,0,0,0,0,0,0,0,0,0,0,0,0,0,0,0,0,0.001070538380698205,0.5327015646150712,0.5,1.0,0.5602683401276616,0.0036455629509730136,0,0,0.0,0.0,0.0,0.0,0.0,0.0,0.0,0.0,24.2,983.1,0.3,1.3,55,0.0,0
2024-06-17 18:20:00,0,0.0,0.0,0.0,0,0,0.0,0,0,0.0,,0.0,0.0,0,0,0.0,0,0,0,0,0,0,0,0,0,0,0,0,0,0,0,0,0,0,0,0,0,0,0,0,0,0,0,0,0,0,0.0019026509541272274,0.543577871373829,0.5,1.0,0.5602683401276616,0.0036455629509730136,0,0,0.0,0.0,0.0,0.0,0.0,0.0,0.0,0.0,23.9,983.0,1.2,1.6,58,0.0,0
2024-06-17 18:25:00,0,0.0,0.0,0.0,0,0,0.0,0,0,0.0,,0.0,0.0,0,0,0.0,0,0,0,0,0,0,0,0,0,0,0,0,0,0,0,0,0,0,0,0,0,0,0,0,0,0,0,0,0,0,0.0029718308888401768,0.5544334374259824,0.5,1.0,0.5602683401276616,0.0036455629509730136,0,0,0.0,0.0,0.0,0.0,0.0,0.0,0.0,0.0,23.9,983.0,1.2,1.6,58,0.0,0
2024-06-17 18:30:00,0,0.0,0.0,0.0,0,0,0.0,0,0,0.0,,0.0,0.0,0,0,0.0,0,0,0,0,0,0,0,0,0,0,0,0,0,0,0,0,0,0,0,0,0,0,0,0,0,0,0,0,0,0,0.004277569313094753,0.5652630961100257,0.5,1.0,0.5602683401276616,0.0036455629509730136,0,0,0.0,0.0,0.0,0.0,0.0,0.0,0.0,0.0,23.7,983.2,1.3,2.2,61,0.0,0
2024-06-17 18:35:00,0,0.0,0.0,0.0,0,0,0.0,0,0,0.0,,0.0,0.0,0,0,0.0,0,0,0,0,0,0,0,0,0,0,0,0,0,0,0,0,0,0,0,0,0,0,0,0,0,0,0,0,0,0,0.005819244766119558,0.5760616930949579,0.5,1.0,0.5602683401276616,0.0036455629509730136,0,0,0.0,0.0,0.0,0.0,0.0,0.0,0.0,0.0,23.7,983.2,1.3,2.2,61,0.0,0
2024-06-17 18:40:00,0,0.0,0.0,0.0,0,0,0.0,0,0,0.0,,0.0,0.0,0,0,0.0,0,0,0,0,0,0,0,0,0,0,0,0,0,0,0,0,0,0,0,0,0,0,0,0,0,0,0,0,0,0,0.007596123493895934,0.586824088833465,0.5,1.0,0.5602683401276616,0.0036455629509730136,0,0,0.0,0.0,0.0,0.0,0.0,0.0,0.0,0.0,23.7,983.4,1.2,2.2,60,0.0,0
2024-06-17 18:45:00,0,0.0,0.0,0.0,0,0,0.0,0,0,0.0,,0.0,0.0,0,0,0.0,0,0,0,0,0,0,0,0,0,0,0,0,0,0,0,0,0,0,0,0,0,0,0,0,0,0,0,0,0,0,0.009607359798384785,0.5975451610080642,0.5,1.0,0.5602683401276616,0.0036455629509730136,0,0,0.0,0.0,0.0,0.0,0.0,0.0,0.0,0.0,23.7,983.4,1.2,2.2,60,0.0,0
2024-06-17 18:50:00,0,0.0,0.0,0.0,0,0,0.0,0,0,0.0,,0.0,0.0,0,0,0.0,0,0,0,0,0,0,0,0,0,0,0,0,0,0,0,0,0,0,0,0,0,0,0,0,0,0,0,0,0,0,0.011851996440033263,0.6082198069690512,0.5,1.0,0.5602683401276616,0.0036455629509730136,0,0,0.0,0.0,0.0,0.0,0.0,0.0,0.0,0.0,23.5,983.6,0.6,1.6,60,0.0,0
2024-06-17 18:55:00,0,0.0,0.0,0.0,0,0,0.0,0,0,0.0,,0.0,0.0,0,0,0.0,0,0,0,0,0,0,0,0,0,0,0,0,0,0,0,0,0,0,0,0,0,0,0,0,0,0,0,0,0,0,0.014328965093369284,0.6188429461630865,0.5,1.0,0.5602683401276616,0.0036455629509730136,0,0,0.0,0.0,0.0,0.0,0.0,0.0,0.0,0.0,23.5,983.6,0.6,1.6,60,0.0,0
2024-06-17 19:00:00,0,0.0,0.0,0.0,0,0,0.0,0,0,0.0,,0.0,0.0,0,0,0.0,0,0,0,0,0,0,0,0,0,0,0,0,0,0,0,0,0,0,0,0,0,0,0,0,0,0,0,0,0,0,0.01703708685546579,0.6294095225512601,0.5,1.0,0.5602683401276616,0.0036455629509730136,0,0,0.0,0.0,0.0,0.0,0.0,0.0,0.0,0.0,23.2,983.8,0.7,1.6,62,0.0,0
2024-06-17 19:05:00,0,0.0,0.0,0.0,0,0,0.0,0,0,0.0,,0.0,0.0,0,0,0.0,0,0,0,0,0,0,0,0,0,0,0,0,0,0,0,0,0,0,0,0,0,0,0,0,0,0,0,0,0,0,0.019975072807035643,0.639914507015496,0.5,1.0,0.5602683401276616,0.0036455629509730136,0,0,0.0,0.0,0.0,0.0,0.0,0.0,0.0,0.0,23.2,983.8,0.7,1.6,62,0.0,0
2024-06-17 19:10:00,0,0.0,0.0,0.0,0,0,0.0,0,0,0.0,,0.0,0.0,0,0,0.0,0,0,0,0,0,0,0,0,0,0,0,0,0,0,0,0,0,0,0,0,0,0,0,0,0,0,0,0,0,0,0.02314152462588659,0.6503528997521367,0.5,1.0,0.5602683401276616,0.0036455629509730136,0,0,0.0,0.0,0.0,0.0,0.0,0.0,0.0,0.0,23.0,984.3,0.3,1.1,62,0.0,0
2024-06-17 19:15:00,0,0.0,0.0,0.0,0,0,0.0,0,0,0.0,,0.0,0.0,0,0,0.0,0,0,0,0,0,0,0,0,0,0,0,0,0,0,0,0,0,0,0,0,0,0,0,0,0,0,0,0,0,0,0.026534935252447156,0.6607197326515808,0.5,1.0,0.5602683401276616,0.0036455629509730136,0,0,0.0,0.0,0.0,0.0,0.0,0.0,0.0,0.0,23.0,984.3,0.3,1.1,62,0.0,0
2024-06-17 19:20:00,0,0.0,0.0,0.0,0,0,0.0,0,0,0.0,,0.0,0.0,0,0,0.0,0,0,0,0,0,0,0,0,0,0,0,0,0,0,0,0,0,0,0,0,0,0,0,0,0,0,0,0,0,0,0.03015368960704573,0.6710100716628341,0.5,1.0,0.5602683401276616,0.0036455629509730136,0,0,0.0,0.0,0.0,0.0,0.0,0.0,0.0,0.0,23.0,984.6,0.7,2.4,60,0.0,0
2024-06-17 19:25:00,0,0.0,0.0,0.0,0,0,0.0,0,0,0.0,,0.0,0.0,0,0,0.0,0,0,0,0,0,0,0,0,0,0,0,0,0,0,0,0,0,0,0,0,0,0,0,0,0,0,0,0,0,0,0.033996065358600724,0.6812190191418508,0.5,1.0,0.5602683401276616,0.0036455629509730136,0,0,0.0,0.0,0.0,0.0,0.0,0.0,0.0,0.0,23.0,984.6,0.7,2.4,60,0.0,0
2024-06-17 19:30:00,0,0.0,0.0,0.0,0,0,0.0,0,0,0.0,,0.0,0.0,0,0,0.0,0,0,0,0,0,0,0,0,0,0,0,0,0,0,0,0,0,0,0,0,0,0,0,0,0,0,0,0,0,0,0.038060233744356686,0.691341716182545,0.5,1.0,0.5602683401276616,0.0036455629509730136,0,0,0.0,0.0,0.0,0.0,0.0,0.0,0.0,0.0,23.3,984.7,0.9,2.2,58,0.0,0
2024-06-17 19:35:00,0,0.0,0.0,0.0,0,0,0.0,0,0,0.0,,0.0,0.0,0,0,0.0,0,0,0,0,0,0,0,0,0,0,0,0,0,0,0,0,0,0,0,0,0,0,0,0,0,0,0,0,0,0,0.04234426044027639,0.7013733449293685,0.5,1.0,0.5602683401276616,0.0036455629509730136,0,0,0.0,0.0,0.0,0.0,0.0,0.0,0.0,0.0,23.3,984.7,0.9,2.2,58,0.0,0
2024-06-17 19:40:00,0,0.0,0.0,0.0,0,0,0.0,0,0,0.0,,0.0,0.0,0,0,0.0,0,0,0,0,0,0,0,0,0,0,0,0,0,0,0,0,0,0,0,0,0,0,0,0,0,0,0,0,0,0,0.04684610648167503,0.7113091308703499,0.5,1.0,0.5602683401276616,0.0036455629509730136,0,0,0.0,0.0,0.0,0.0,0.0,0.0,0.0,0.0,23.2,985.2,1.2,3.5,59,0.0,0
2024-06-17 19:45:00,0,0.0,0.0,0.0,0,0,0.0,0,0,0.0,,0.0,0.0,0,0,0.0,0,0,0,0,0,0,0,0,0,0,0,0,0,0,0,0,0,0,0,0,0,0,0,0,0,0,0,0,0,0,0.05156362923365576,0.7211443451095005,0.5,1.0,0.5602683401276616,0.0036455629509730136,0,0,0.0,0.0,0.0,0.0,0.0,0.0,0.0,0.0,23.2,985.2,1.2,3.5,59,0.0,0
2024-06-17 19:50:00,0,0.0,0.0,0.0,0,0,0.0,0,0,0.0,,0.0,0.0,0,0,0.0,0,0,0,0,0,0,0,0,0,0,0,0,0,0,0,0,0,0,0,0,0,0,0,0,0,0,0,0,0,0,0.05649458341088898,0.7308743066175166,0.5,1.0,0.5602683401276616,0.0036455629509730136,0,0,0.0,0.0,0.0,0.0,0.0,0.0,0.0,0.0,22.7,985.4,1.6,4.8,64,0.2,0
2024-06-17 19:55:00,0,0.0,0.0,0.0,0,0,0.0,0,0,0.0,,0.0,0.0,0,0,0.0,0,0,0,0,0,0,0,0,0,0,0,0,0,0,0,0,0,0,0,0,0,0,0,0,0,0,0,0,0,0,0.061636622146246045,0.7404943844596936,0.5,1.0,0.5602683401276616,0.0036455629509730136,0,0,0.0,0.0,0.0,0.0,0.0,0.0,0.0,0.0,22.7,985.4,1.6,4.8,64,0.2,0
2024-06-17 20:00:00,0,0.0,0.0,0.0,0,0,0.0,0,0,0.0,,0.0,0.0,0,0,0.0,0,0,0,0,0,0,0,0,0,0,0,0,0,0,0,0,0,0,0,0,0,0,0,0,0,0,0,0,0,0,0.0669872981077807,0.75,0.5,1.0,0.5602683401276616,0.0036455629509730136,0,0,0.0,0.0,0.0,0.0,0.0,0.0,0.0,0.0,21.7,985.4,1.5,5.3,69,0.1,0
2024-06-17 20:05:00,0,0.0,0.0,0.0,0,0,0.0,0,0,0.0,,0.0,0.0,0,0,0.0,0,0,0,0,0,0,0,0,0,0,0,0,0,0,0,0,0,0,0,0,0,0,0,0,0,0,0,0,0,0,0.07254406466352659,0.7593866290802606,0.5,1.0,0.5602683401276616,0.0036455629509730136,0,0,0.0,0.0,0.0,0.0,0.0,0.0,0.0,0.0,21.7,985.4,1.5,5.3,69,0.1,0
2024-06-17 20:10:00,0,0.0,0.0,0.0,0,0,0.0,0,0,0.0,,0.0,0.0,0,0,0.0,0,0,0,0,0,0,0,0,0,0,0,0,0,0,0,0,0,0,0,0,0,0,0,0,0,0,0,0,0,0,0.07830427709355714,0.768649804173412,0.5,1.0,0.5602683401276616,0.0036455629509730136,0,0,0.0,0.0,0.0,0.0,0.0,0.0,0.0,0.0,20.8,985.2,0.8,3.4,76,0.3,0
2024-06-17 20:15:00,0,0.0,0.0,0.0,0,0,0.0,0,0,0.0,,0.0,0.0,0,0,0.0,0,0,0,0,0,0,0,0,0,0,0,0,0,0,0,0,0,0,0,0,0,0,0,0,0,0,0,0,0,0,0.08426519384872727,0.7777851165098009,0.5,1.0,0.5602683401276616,0.0036455629509730136,0,0,0.0,0.0,0.0,0.0,0.0,0.0,0.0,0.0,20.8,985.2,0.8,3.4,76,0.3,0
2024-06-17 20:20:00,0,0.0,0.0,0.0,0,0,0.0,0,0,0.0,,0.0,0.0,0,0,0.0,0,0,0,0,0,0,0,0,0,0,0,0,0,0,0,0,0,0,0,0,0,0,0,0,0,0,0,0,0,0,0.0904239778555041,0.786788218175523,0.5,1.0,0.5602683401276616,0.0036455629509730136,0,0,0.0,0.0,0.0,0.0,0.0,0.0,0.0,0.0,20.6,985.2,2.0,5.5,77,0.0,0
2024-06-17 20:25:00,0,0.0,0.0,0.0,0,0,0.0,0,0,0.0,,0.0,0.0,0,0,0.0,0,0,0,0,0,0,0,0,0,0,0,0,0,0,0,0,0,0,0,0,0,0,0,0,0,0,0,0,0,0,0.09677769786625884,0.7956548241817913,0.5,1.0,0.5602683401276616,0.0036455629509730136,0,0,0.0,0.0,0.0,0.0,0.0,0.0,0.0,0.0,20.6,985.2,2.0,5.5,77,0.0,0
2024-06-17 20:30:00,0,0.0,0.0,0.0,0,0,0.0,0,0,0.0,,0.0,0.0,0,0,0.0,0,0,0,0,0,0,0,0,0,0,0,0,0,0,0,0,0,0,0,0,0,0,0,0,0,0,0,0,0,0,0.10332332985438242,0.8043807145043602,0.5,1.0,0.5602683401276616,0.0036455629509730136,0,0,0.0,0.0,0.0,0.0,0.0,0.0,0.0,0.0,20.7,984.8,1.7,5.0,79,0.0,0
2024-06-17 20:35:00,0,0.0,0.0,0.0,0,0,0.0,0,0,0.0,,0.0,0.0,0,0,0.0,0,0,0,0,0,0,0,0,0,0,0,0,0,0,0,0,0,0,0,0,0,0,0,0,0,0,0,0,0,0,0.11005775845355892,0.8129617360920294,0.5,1.0,0.5602683401276616,0.0036455629509730136,0,0,0.0,0.0,0.0,0.0,0.0,0.0,0.0,0.0,20.7,984.8,1.7,5.0,79,0.0,0
2024-06-17 20:40:00,0,0.0,0.0,0.0,0,0,0.0,0,0,0.0,,0.0,0.0,0,0,0.0,0,0,0,0,0,0,0,0,0,0,0,0,0,0,0,0,0,0,0,0,0,0,0,0,0,0,0,0,0,0,0.11697777844051094,0.8213938048432696,0.5,1.0,0.5602683401276616,0.0036455629509730136,0,0,0.0,0.0,0.0,0.0,0.0,0.0,0.0,0.0,20.2,985.2,0.6,2.4,84,0.0,0
2024-06-17 20:45:00,0,0.0,0.0,0.0,0,0,0.0,0,0,0.0,,0.0,0.0,0,0,0.0,0,0,0,0,0,0,0,0,0,0,0,0,0,0,0,0,0,0,0,0,0,0,0,0,0,0,0,0,0,0,0.12408009626051142,0.8296729075500345,0.5,1.0,0.5602683401276616,0.0036455629509730136,0,0,0.0,0.0,0.0,0.0,0.0,0.0,0.0,0.0,20.2,985.2,0.6,2.4,84,0.0,0
2024-06-17 20:50:00,0,0.0,0.0,0.0,0,0,0.0,0,0,0.0,,0.0,0.0,0,0,0.0,0,0,0,0,0,0,0,0,0,0,0,0,0,0,0,0,0,0,0,0,0,0,0,0,0,0,0,0,0,0,0.13136133159493762,0.8377951038078297,0.5,1.0,0.5602683401276616,0.0036455629509730136,0,0,0.0,0.0,0.0,0.0,0.0,0.0,0.0,0.0,20.2,985.4,0.6,2.2,83,0.0,0
2024-06-17 20:55:00,0,0.0,0.0,0.0,0,0,0.0,0,0,0.0,,0.0,0.0,0,0,0.0,0,0,0,0,0,0,0,0,0,0,0,0,0,0,0,0,0,0,0,0,0,0,0,0,0,0,0,0,0,0,0.1388180189701223,0.8457565278911348,0.5,1.0,0.5602683401276616,0.0036455629509730136,0,0,0.0,0.0,0.0,0.0,0.0,0.0,0.0,0.0,20.2,985.4,0.6,2.2,83,0.0,0
2024-06-17 21:00:00,0,0.0,0.0,0.0,0,0,0.0,0,0,0.0,,0.0,0.0,0,0,0.0,0,0,0,0,0,0,0,0,0,0,0,0,0,0,0,0,0,0,0,0,0,0,0,0,0,0,0,0,0,0,0.14644660940672616,0.8535533905932737,0.5,1.0,0.5602683401276616,0.0036455629509730136,0,0,0.0,0.0,0.0,0.0,0.0,0.0,0.0,0.0,20.1,985.5,0.5,1.6,84,0.0,0
2024-06-17 21:05:00,0,0.0,0.0,0.0,0,0,0.0,0,0,0.0,,0.0,0.0,0,0,0.0,0,0,0,0,0,0,0,0,0,0,0,0,0,0,0,0,0,0,0,0,0,0,0,0,0,0,0,0,0,0,0.15424347210886508,0.8611819810298775,0.5,1.0,0.5602683401276616,0.0036455629509730136,0,0,0.0,0.0,0.0,0.0,0.0,0.0,0.0,0.0,20.1,985.5,0.5,1.6,84,0.0,0
2024-06-17 21:10:00,0,0.0,0.0,0.0,0,0,0.0,0,0,0.0,,0.0,0.0,0,0,0.0,0,0,0,0,0,0,0,0,0,0,0,0,0,0,0,0,0,0,0,0,0,0,0,0,0,0,0,0,0,0,0.1622048961921701,0.8686386684050622,0.5,1.0,0.5602683401276616,0.0036455629509730136,0,0,0.0,0.0,0.0,0.0,0.0,0.0,0.0,0.0,19.9,985.6,1.4,2.7,85,0.0,0
2024-06-17 21:15:00,0,0.0,0.0,0.0,0,0,0.0,0,0,0.0,,0.0,0.0,0,0,0.0,0,0,0,0,0,0,0,0,0,0,0,0,0,0,0,0,0,0,0,0,0,0,0,0,0,0,0,0,0,0,0.1703270924499653,0.8759199037394885,0.5,1.0,0.5602683401276616,0.0036455629509730136,0,0,0.0,0.0,0.0,0.0,0.0,0.0,0.0,0.0,19.9,985.6,1.4,2.7,85,0.0,0
2024-06-17 21:20:00,0,0.0,0.0,0.0,0,0,0.0,0,0,0.0,,0.0,0.0,0,0,0.0,0,0,0,0,0,0,0,0,0,0,0,0,0,0,0,0,0,0,0,0,0,0,0,0,0,0,0,0,0,0,0.1786061951567302,0.883022221559489,0.5,1.0,0.5602683401276616,0.0036455629509730136,0,0,0.0,0.0,0.0,0.0,0.0,0.0,0.0,0.0,19.9,985.7,1.5,3.0,84,0.0,0
2024-06-17 21:25:00,0,0.0,0.0,0.0,0,0,0.0,0,0,0.0,,0.0,0.0,0,0,0.0,0,0,0,0,0,0,0,0,0,0,0,0,0,0,0,0,0,0,0,0,0,0,0,0,0,0,0,0,0,0,0.18703826390797051,0.8899422415464409,0.5,1.0,0.5602683401276616,0.0036455629509730136,0,0,0.0,0.0,0.0,0.0,0.0,0.0,0.0,0.0,19.9,985.7,1.5,3.0,84,0.0,0
2024-06-17 21:30:00,0,0.0,0.0,0.0,0,0,0.0,0,0,0.0,,0.0,0.0,0,0,0.0,0,0,0,0,0,0,0,0,0,0,0,0,0,0,0,0,0,0,0,0,0,0,0,0,0,0,0,0,0,0,0.19561928549563956,0.8966766701456175,0.5,1.0,0.5602683401276616,0.0036455629509730136,0,0,0.0,0.0,0.0,0.0,0.0,0.0,0.0,0.0,19.7,986.2,0.9,2.5,84,0.0,0
2024-06-17 21:35:00,0,0.0,0.0,0.0,0,0,0.0,0,0,0.0,,0.0,0.0,0,0,0.0,0,0,0,0,0,0,0,0,0,0,0,0,0,0,0,0,0,0,0,0,0,0,0,0,0,0,0,0,0,0,0.2043451758182085,0.9032223021337411,0.5,1.0,0.5602683401276616,0.0036455629509730136,0,0,0.0,0.0,0.0,0.0,0.0,0.0,0.0,0.0,19.7,986.2,0.9,2.5,84,0.0,0
2024-06-17 21:40:00,0,0.0,0.0,0.0,0,0,0.0,0,0,0.0,,0.0,0.0,0,0,0.0,0,0,0,0,0,0,0,0,0,0,0,0,0,0,0,0,0,0,0,0,0,0,0,0,0,0,0,0,0,0,0.21321178182447675,0.9095760221444957,0.5,1.0,0.5602683401276616,0.0036455629509730136,0,0,0.0,0.0,0.0,0.0,0.0,0.0,0.0,0.0,19.5,986.3,0.5,1.8,85,0.0,0
2024-06-17 21:45:00,0,0.0,0.0,0.0,0,0,0.0,0,0,0.0,,0.0,0.0,0,0,0.0,0,0,0,0,0,0,0,0,0,0,0,0,0,0,0,0,0,0,0,0,0,0,0,0,0,0,0,0,0,0,0.2222148834901989,0.9157348061512727,0.5,1.0,0.5602683401276616,0.0036455629509730136,0,0,0.0,0.0,0.0,0.0,0.0,0.0,0.0,0.0,19.5,986.3,0.5,1.8,85,0.0,0
2024-06-17 21:50:00,0,0.0,0.0,0.0,0,0,0.0,0,0,0.0,,0.0,0.0,0,0,0.0,0,0,0,0,0,0,0,0,0,0,0,0,0,0,0,0,0,0,0,0,0,0,0,0,0,0,0,0,0,0,0.2313501958265879,0.9216957229064427,0.5,1.0,0.5602683401276616,0.0036455629509730136,0,0,0.0,0.0,0.0,0.0,0.0,0.0,0.0,0.0,19.4,986.5,0.7,1.9,86,0.0,0
2024-06-17 21:55:00,0,0.0,0.0,0.0,0,0,0.0,0,0,0.0,,0.0,0.0,0,0,0.0,0,0,0,0,0,0,0,0,0,0,0,0,0,0,0,0,0,0,0,0,0,0,0,0,0,0,0,0,0,0,0.24061337091973928,0.9274559353364733,0.5,1.0,0.5602683401276616,0.0036455629509730136,0,0,0.0,0.0,0.0,0.0,0.0,0.0,0.0,0.0,19.4,986.5,0.7,1.9,86,0.0,0
2024-06-17 22:00:00,0,0.0,0.0,0.0,0,0,0.0,0,0,0.0,,0.0,0.0,0,0,0.0,0,0,0,0,0,0,0,0,0,0,0,0,0,0,0,0,0,0,0,0,0,0,0,0,0,0,0,0,0,0,0.24999999999999978,0.9330127018922192,0.5,1.0,0.5602683401276616,0.0036455629509730136,0,0,0.0,0.0,0.0,0.0,0.0,0.0,0.0,0.0,19.2,986.4,0.4,1.3,86,0.0,0
2024-06-17 22:05:00,0,0.0,0.0,0.0,0,0,0.0,0,0,0.0,,0.0,0.0,0,0,0.0,0,0,0,0,0,0,0,0,0,0,0,0,0,0,0,0,0,0,0,0,0,0,0,0,0,0,0,0,0,0,0.25950561554030616,0.9383633778537539,0.5,1.0,0.5602683401276616,0.0036455629509730136,0,0,0.0,0.0,0.0,0.0,0.0,0.0,0.0,0.0,19.2,986.4,0.4,1.3,86,0.0,0
2024-06-17 22:10:00,0,0.0,0.0,0.0,0,0,0.0,0,0,0.0,,0.0,0.0,0,0,0.0,0,0,0,0,0,0,0,0,0,0,0,0,0,0,0,0,0,0,0,0,0,0,0,0,0,0,0,0,0,0,0.26912569338248316,0.9435054165891109,0.5,1.0,0.5602683401276616,0.0036455629509730136,0,0,0.0,0.0,0.0,0.0,0.0,0.0,0.0,0.0,19.1,986.3,0.4,1.6,87,0.0,0
2024-06-17 22:15:00,0,0.0,0.0,0.0,0,0,0.0,0,0,0.0,,0.0,0.0,0,0,0.0,0,0,0,0,0,0,0,0,0,0,0,0,0,0,0,0,0,0,0,0,0,0,0,0,0,0,0,0,0,0,0.2788556548904993,0.9484363707663441,0.5,1.0,0.5602683401276616,0.0036455629509730136,0,0,0.0,0.0,0.0,0.0,0.0,0.0,0.0,0.0,19.1,986.3,0.4,1.6,87,0.0,0
2024-06-17 22:20:00,0,0.0,0.0,0.0,0,0,0.0,0,0,0.0,,0.0,0.0,0,0,0.0,0,0,0,0,0,0,0,0,0,0,0,0,0,0,0,0,0,0,0,0,0,0,0,0,0,0,0,0,0,0,0.28869086912965003,0.9531538935183248,0.5,1.0,0.5602683401276616,0.0036455629509730136,0,0,0.0,0.0,0.0,0.0,0.0,0.0,0.0,0.0,18.9,986.5,0.4,1.3,88,0.0,0
2024-06-17 22:25:00,0,0.0,0.0,0.0,0,0,0.0,0,0,0.0,,0.0,0.0,0,0,0.0,0,0,0,0,0,0,0,0,0,0,0,0,0,0,0,0,0,0,0,0,0,0,0,0,0,0,0,0,0,0,0.2986266550706313,0.9576557395597236,0.5,1.0,0.5602683401276616,0.0036455629509730136,0,0,0.0,0.0,0.0,0.0,0.0,0.0,0.0,0.0,18.9,986.5,0.4,1.3,88,0.0,0
2024-06-17 22:30:00,0,0.0,0.0,0.0,0,0,0.0,0,0,0.0,,0.0,0.0,0,0,0.0,0,0,0,0,0,0,0,0,0,0,0,0,0,0,0,0,0,0,0,0,0,0,0,0,0,0,0,0,0,0,0.3086582838174548,0.9619397662556433,0.5,1.0,0.5602683401276616,0.0036455629509730136,0,0,0.0,0.0,0.0,0.0,0.0,0.0,0.0,0.0,19.0,986.7,0.6,2.1,86,0.0,0
2024-06-17 22:35:00,0,0.0,0.0,0.0,0,0,0.0,0,0,0.0,,0.0,0.0,0,0,0.0,0,0,0,0,0,0,0,0,0,0,0,0,0,0,0,0,0,0,0,0,0,0,0,0,0,0,0,0,0,0,0.3187809808581491,0.9660039346413992,0.5,1.0,0.5602683401276616,0.0036455629509730136,0,0,0.0,0.0,0.0,0.0,0.0,0.0,0.0,0.0,19.0,986.7,0.6,2.1,86,0.0,0
2024-06-17 22:40:00,0,0.0,0.0,0.0,0,0,0.0,0,0,0.0,,0.0,0.0,0,0,0.0,0,0,0,0,0,0,0,0,0,0,0,0,0,0,0,0,0,0,0,0,0,0,0,0,0,0,0,0,0,0,0.32898992833716567,0.9698463103929542,0.5,1.0,0.5602683401276616,0.0036455629509730136,0,0,0.0,0.0,0.0,0.0,0.0,0.0,0.0,0.0,19.0,986.9,1.2,4.9,84,0.0,0
2024-06-17 22:45:00,0,0.0,0.0,0.0,0,0,0.0,0,0,0.0,,0.0,0.0,0,0,0.0,0,0,0,0,0,0,0,0,0,0,0,0,0,0,0,0,0,0,0,0,0,0,0,0,0,0,0,0,0,0,0.3392802673484191,0.9734650647475528,0.5,1.0,0.5602683401276616,0.0036455629509730136,0,0,0.0,0.0,0.0,0.0,0.0,0.0,0.0,0.0,19.0,986.9,1.2,4.9,84,0.0,0
2024-06-17 22:50:00,0,0.0,0.0,0.0,0,0,0.0,0,0,0.0,,0.0,0.0,0,0,0.0,0,0,0,0,0,0,0,0,0,0,0,0,0,0,0,0,0,0,0,0,0,0,0,0,0,0,0,0,0,0,0.34964710024786305,0.9768584753741134,0.5,1.0,0.5602683401276616,0.0036455629509730136,0,0,0.0,0.0,0.0,0.0,0.0,0.0,0.0,0.0,19.2,987.3,2.0,6.3,82,0.0,0
2024-06-17 22:55:00,0,0.0,0.0,0.0,0,0,0.0,0,0,0.0,,0.0,0.0,0,0,0.0,0,0,0,0,0,0,0,0,0,0,0,0,0,0,0,0,0,0,0,0,0,0,0,0,0,0,0,0,0,0,0.36008549298450376,0.9800249271929643,0.5,1.0,0.5602683401276616,0.0036455629509730136,0,0,0.0,0.0,0.0,0.0,0.0,0.0,0.0,0.0,19.2,987.3,2.0,6.3,82,0.0,0
2024-06-17 23:00:00,0,0.0,0.0,0.0,0,0,0.0,0,0,0.0,,0.0,0.0,0,0,0.0,0,0,0,0,0,0,0,0,0,0,0,0,0,0,0,0,0,0,0,0,0,0,0,0,0,0,0,0,0,0,0.37059047744873963,0.9829629131445341,0.5,1.0,0.5602683401276616,0.0036455629509730136,0,0,0.0,0.0,0.0,0.0,0.0,0.0,0.0,0.0,19.1,987.5,1.7,6.6,83,0.0,0
2024-06-17 23:05:00,0,0.0,0.0,0.0,0,0,0.0,0,0,0.0,,0.0,0.0,0,0,0.0,0,0,0,0,0,0,0,0,0,0,0,0,0,0,0,0,0,0,0,0,0,0,0,0,0,0,0,0,0,0,0.38115705383691323,0.9856710349066307,0.5,1.0,0.5602683401276616,0.0036455629509730136,0,0,0.0,0.0,0.0,0.0,0.0,0.0,0.0,0.0,19.1,987.5,1.7,6.6,83,0.0,0
2024-06-17 23:10:00,0,0.0,0.0,0.0,0,0,0.0,0,0,0.0,,0.0,0.0,0,0,0.0,0,0,0,0,0,0,0,0,0,0,0,0,0,0,0,0,0,0,0,0,0,0,0,0,0,0,0,0,0,0,0.3917801930309486,0.9881480035599667,0.5,1.0,0.5602683401276616,0.0036455629509730136,0,0,0.0,0.0,0.0,0.0,0.0,0.0,0.0,0.0,19.1,987.5,1.6,7.0,82,0.0,0
2024-06-17 23:15:00,0,0.0,0.0,0.0,0,0,0.0,0,0,0.0,,0.0,0.0,0,0,0.0,0,0,0,0,0,0,0,0,0,0,0,0,0,0,0,0,0,0,0,0,0,0,0,0,0,0,0,0,0,0,0.4024548389919356,0.9903926402016152,0.5,1.0,0.5602683401276616,0.0036455629509730136,0,0,0.0,0.0,0.0,0.0,0.0,0.0,0.0,0.0,19.1,987.5,1.6,7.0,82,0.0,0
2024-06-17 23:20:00,0,0.0,0.0,0.0,0,0,0.0,0,0,0.0,,0.0,0.0,0,0,0.0,0,0,0,0,0,0,0,0,0,0,0,0,0,0,0,0,0,0,0,0,0,0,0,0,0,0,0,0,0,0,0.4131759111665348,0.9924038765061041,0.5,1.0,0.5602683401276616,0.0036455629509730136,0,0,0.0,0.0,0.0,0.0,0.0,0.0,0.0,0.0,19.2,987.3,1.1,5.9,80,0.0,0
2024-06-17 23:25:00,0,0.0,0.0,0.0,0,0,0.0,0,0,0.0,,0.0,0.0,0,0,0.0,0,0,0,0,0,0,0,0,0,0,0,0,0,0,0,0,0,0,0,0,0,0,0,0,0,0,0,0,0,0,0.42393830690504186,0.9941807552338804,0.5,1.0,0.5602683401276616,0.0036455629509730136,0,0,0.0,0.0,0.0,0.0,0.0,0.0,0.0,0.0,19.2,987.3,1.1,5.9,80,0.0,0
2024-06-17 23:30:00,0,0.0,0.0,0.0,0,0,0.0,0,0,0.0,,0.0,0.0,0,0,0.0,0,0,0,0,0,0,0,0,0,0,0,0,0,0,0,0,0,0,0,0,0,0,0,0,0,0,0,0,0,0,0.43473690388997416,0.9957224306869052,0.5,1.0,0.5602683401276616,0.0036455629509730136,0,0,0.0,0.0,0.0,0.0,0.0,0.0,0.0,0.0,19.1,987.4,1.1,4.6,81,0.0,0
2024-06-17 23:35:00,0,0.0,0.0,0.0,0,0,0.0,0,0,0.0,,0.0,0.0,0,0,0.0,0,0,0,0,0,0,0,0,0,0,0,0,0,0,0,0,0,0,0,0,0,0,0,0,0,0,0,0,0,0,0.44556656257401744,0.9970281691111598,0.5,1.0,0.5602683401276616,0.0036455629509730136,0,0,0.0,0.0,0.0,0.0,0.0,0.0,0.0,0.0,19.1,987.4,1.1,4.6,81,0.0,0
2024-06-17 23:40:00,0,0.0,0.0,0.0,0,0,0.0,0,0,0.0,,0.0,0.0,0,0,0.0,0,0,0,0,0,0,0,0,0,0,0,0,0,0,0,0,0,0,0,0,0,0,0,0,0,0,0,0,0,0,0.4564221286261708,0.9980973490458728,0.5,1.0,0.5602683401276616,0.0036455629509730136,0,0,0.0,0.0,0.0,0.0,0.0,0.0,0.0,0.0,19.4,987.3,1.2,5.7,79,0.0,0
2024-06-17 23:45:00,0,0.0,0.0,0.0,0,0,0.0,0,0,0.0,,0.0,0.0,0,0,0.0,0,0,0,0,0,0,0,0,0,0,0,0,0,0,0,0,0,0,0,0,0,0,0,0,0,0,0,0,0,0,0.4672984353849286,0.9989294616193017,0.5,1.0,0.5602683401276616,0.0036455629509730136,0,0,0.0,0.0,0.0,0.0,0.0,0.0,0.0,0.0,19.4,987.3,1.2,5.7,79,0.0,0
2024-06-17 23:50:00,0,0.0,0.0,0.0,0,0,0.0,0,0,0.0,,0.0,0.0,0,0,0.0,0,0,0,0,0,0,0,0,0,0,0,0,0,0,0,0,0,0,0,0,0,0,0,0,0,0,0,0,0,0,0.47819030631733145,0.9995241107909288,0.5,1.0,0.5602683401276616,0.0036455629509730136,0,0,0.0,0.0,0.0,0.0,0.0,0.0,0.0,0.0,19.2,987.4,1.0,4.4,80,0.0,0
2024-06-17 23:55:00,0,0.0,0.0,0.0,0,0,0.0,0,0,0.0,,0.0,0.0,0,0,0.0,0,0,0,0,0,0,0,0,0,0,0,0,0,0,0,0,0,0,0,0,0,0,0,0,0,0,0,0,0,0,0.48909255748271957,0.9998810135399545,0.5,1.0,0.5602683401276616,0.0036455629509730136,0,0,0.0,0.0,0.0,0.0,0.0,0.0,0.0,0.0,19.2,987.4,1.0,4.4,80,0.0,0
2024-06-18 00:00:00,0,0.0,0.0,0.0,0,0,0.0,0,0,0.0,,0.0,0.0,0,0,0.0,0,0,0,0,0,0,0,0,0,0,0,0,0,0,0,0,0,0,0,0,0,0,0,0,0,0,0,0,0,0,0.5,1.0,0.890915741234015,0.8117449009293668,0.5602683401276616,0.0036455629509730136,0,0,0.0,0.0,0.0,0.0,0.0,0.0,0.0,0.0,19.1,987.4,2.6,6.3,81,0.0,0
2024-06-18 00:05:00,0,0.0,0.0,0.0,0,0,0.0,0,0,0.0,,0.0,0.0,0,0,0.0,0,0,0,0,0,0,0,0,0,0,0,0,0,0,0,0,0,0,0,0,0,0,0,0,0,0,0,0,0,0,0.5109074425172806,0.9998810135399545,0.890915741234015,0.8117449009293668,0.5602683401276616,0.0036455629509730136,0,0,0.0,0.0,0.0,0.0,0.0,0.0,0.0,0.0,19.1,987.4,2.6,6.3,81,0.0,0
2024-06-18 00:10:00,0,0.0,0.0,0.0,0,0,0.0,0,0,0.0,,0.0,0.0,0,0,0.0,0,0,0,0,0,0,0,0,0,0,0,0,0,0,0,0,0,0,0,0,0,0,0,0,0,0,0,0,0,0,0.521809693682668,0.999524110790929,0.890915741234015,0.8117449009293668,0.5602683401276616,0.0036455629509730136,0,0,0.0,0.0,0.0,0.0,0.0,0.0,0.0,0.0,19.1,987.3,1.4,4.5,81,0.0,0
2024-06-18 00:15:00,0,0.0,0.0,0.0,0,0,0.0,0,0,0.0,,0.0,0.0,0,0,0.0,0,0,0,0,0,0,0,0,0,0,0,0,0,0,0,0,0,0,0,0,0,0,0,0,0,0,0,0,0,0,0.5327015646150716,0.9989294616193017,0.890915741234015,0.8117449009293668,0.5602683401276616,0.0036455629509730136,0,0,0.0,0.0,0.0,0.0,0.0,0.0,0.0,0.0,19.1,987.3,1.4,4.5,81,0.0,0
2024-06-18 00:20:00,0,0.0,0.0,0.0,0,0,0.0,0,0,0.0,,0.0,0.0,0,0,0.0,0,0,0,0,0,0,0,0,0,0,0,0,0,0,0,0,0,0,0,0,0,0,0,0,0,0,0,0,0,0,0.5435778713738291,0.9980973490458728,0.890915741234015,0.8117449009293668,0.5602683401276616,0.0036455629509730136,0,0,0.0,0.0,0.0,0.0,0.0,0.0,0.0,0.0,19.0,987.3,1.4,4.0,82,0.0,0
2024-06-18 00:25:00,0,0.0,0.0,0.0,0,0,0.0,0,0,0.0,,0.0,0.0,0,0,0.0,0,0,0,0,0,0,0,0,0,0,0,0,0,0,0,0,0,0,0,0,0,0,0,0,0,0,0,0,0,0,0.5544334374259823,0.9970281691111598,0.890915741234015,0.8117449009293668,0.5602683401276616,0.0036455629509730136,0,0,0.0,0.0,0.0,0.0,0.0,0.0,0.0,0.0,19.0,987.3,1.4,4.0,82,0.0,0
2024-06-18 00:30:00,0,0.0,0.0,0.0,0,0,0.0,0,0,0.0,,0.0,0.0,0,0,0.0,0,0,0,0,0,0,0,0,0,0,0,0,0,0,0,0,0,0,0,0,0,0,0,0,0,0,0,0,0,0,0.5652630961100258,0.9957224306869052,0.890915741234015,0.8117449009293668,0.5602683401276616,0.0036455629509730136,0,0,0.0,0.0,0.0,0.0,0.0,0.0,0.0,0.0,19.0,987.1,0.9,3.4,81,0.0,0
2024-06-18 00:35:00,0,0.0,0.0,0.0,0,0,0.0,0,0,0.0,,0.0,0.0,0,0,0.0,0,0,0,0,0,0,0,0,0,0,0,0,0,0,0,0,0,0,0,0,0,0,0,0,0,0,0,0,0,0,0.5760616930949584,0.9941807552338804,0.890915741234015,0.8117449009293668,0.5602683401276616,0.0036455629509730136,0,0,0.0,0.0,0.0,0.0,0.0,0.0,0.0,0.0,19.0,987.1,0.9,3.4,81,0.0,0
2024-06-18 00:40:00,0,0.0,0.0,0.0,0,0,0.0,0,0,0.0,,0.0,0.0,0,0,0.0,0,0,0,0,0,0,0,0,0,0,0,0,0,0,0,0,0,0,0,0,0,0,0,0,0,0,0,0,0,0,0.5868240888334652,0.9924038765061041,0.890915741234015,0.8117449009293668,0.5602683401276616,0.0036455629509730136,0,0,0.0,0.0,0.0,0.0,0.0,0.0,0.0,0.0,19.0,986.9,1.1,2.6,81,0.0,0
2024-06-18 00:45:00,0,0.0,0.0,0.0,0,0,0.0,0,0,0.0,,0.0,0.0,0,0,0.0,0,0,0,0,0,0,0,0,0,0,0,0,0,0,0,0,0,0,0,0,0,0,0,0,0,0,0,0,0,0,0.5975451610080641,0.9903926402016152,0.890915741234015,0.8117449009293668,0.5602683401276616,0.0036455629509730136,0,0,0.0,0.0,0.0,0.0,0.0,0.0,0.0,0.0,19.0,986.9,1.1,2.6,81,0.0,0
2024-06-18 00:50:00,0,0.0,0.0,0.0,0,0,0.0,0,0,0.0,,0.0,0.0,0,0,0.0,0,0,0,0,0,0,0,0,0,0,0,0,0,0,0,0,0,0,0,0,0,0,0,0,0,0,0,0,0,0,0.6082198069690514,0.9881480035599667,0.890915741234015,0.8117449009293668,0.5602683401276616,0.0036455629509730136,0,0,0.0,0.0,0.0,0.0,0.0,0.0,0.0,0.0,18.7,986.8,1.5,3.0,85,0.0,0
2024-06-18 00:55:00,0,0.0,0.0,0.0,0,0,0.0,0,0,0.0,,0.0,0.0,0,0,0.0,0,0,0,0,0,0,0,0,0,0,0,0,0,0,0,0,0,0,0,0,0,0,0,0,0,0,0,0,0,0,0.6188429461630865,0.9856710349066307,0.890915741234015,0.8117449009293668,0.5602683401276616,0.0036455629509730136,0,0,0.0,0.0,0.0,0.0,0.0,0.0,0.0,0.0,18.7,986.8,1.5,3.0,85,0.0,0
2024-06-18 01:00:00,0,0.0,0.0,0.0,0,0,0.0,0,0,0.0,,0.0,0.0,0,0,0.0,0,0,0,0,0,0,0,0,0,0,0,0,0,0,0,0,0,0,0,0,0,0,0,0,0,0,0,0,0,0,0.6294095225512604,0.9829629131445341,0.890915741234015,0.8117449009293668,0.5602683401276616,0.0036455629509730136,0,0,0.0,0.0,0.0,0.0,0.0,0.0,0.0,0.0,18.6,986.7,2.0,4.3,86,0.0,0
2024-06-18 01:05:00,0,0.0,0.0,0.0,0,0,0.0,0,0,0.0,,0.0,0.0,0,0,0.0,0,0,0,0,0,0,0,0,0,0,0,0,0,0,0,0,0,0,0,0,0,0,0,0,0,0,0,0,0,0,0.639914507015496,0.9800249271929644,0.890915741234015,0.8117449009293668,0.5602683401276616,0.0036455629509730136,0,0,0.0,0.0,0.0,0.0,0.0,0.0,0.0,0.0,18.6,986.7,2.0,4.3,86,0.0,0
2024-06-18 01:10:00,0,0.0,0.0,0.0,0,0,0.0,0,0,0.0,,0.0,0.0,0,0,0.0,0,0,0,0,0,0,0,0,0,0,0,0,0,0,0,0,0,0,0,0,0,0,0,0,0,0,0,0,0,0,0.6503528997521366,0.9768584753741134,0.890915741234015,0.8117449009293668,0.5602683401276616,0.0036455629509730136,0,0,0.0,0.0,0.0,0.0,0.0,0.0,0.0,0.0,18.5,986.6,1.9,4.8,86,0.0,0
2024-06-18 01:15:00,0,0.0,0.0,0.0,0,0,0.0,0,0,0.0,,0.0,0.0,0,0,0.0,0,0,0,0,0,0,0,0,0,0,0,0,0,0,0,0,0,0,0,0,0,0,0,0,0,0,0,0,0,0,0.6607197326515808,0.9734650647475529,0.890915741234015,0.8117449009293668,0.5602683401276616,0.0036455629509730136,0,0,0.0,0.0,0.0,0.0,0.0,0.0,0.0,0.0,18.5,986.6,1.9,4.8,86,0.0,0
2024-06-18 01:20:00,0,0.0,0.0,0.0,0,0,0.0,0,0,0.0,,0.0,0.0,0,0,0.0,0,0,0,0,0,0,0,0,0,0,0,0,0,0,0,0,0,0,0,0,0,0,0,0,0,0,0,0,0,0,0.6710100716628343,0.9698463103929542,0.890915741234015,0.8117449009293668,0.5602683401276616,0.0036455629509730136,0,0,0.0,0.0,0.0,0.0,0.0,0.0,0.0,0.0,18.5,986.5,1.7,3.8,86,0.0,0
2024-06-18 01:25:00,0,0.0,0.0,0.0,0,0,0.0,0,0,0.0,,0.0,0.0,0,0,0.0,0,0,0,0,0,0,0,0,0,0,0,0,0,0,0,0,0,0,0,0,0,0,0,0,0,0,0,0,0,0,0.6812190191418508,0.9660039346413993,0.890915741234015,0.8117449009293668,0.5602683401276616,0.0036455629509730136,0,0,0.0,0.0,0.0,0.0,0.0,0.0,0.0,0.0,18.5,986.5,1.7,3.8,86,0.0,0
2024-06-18 01:30:00,0,0.0,0.0,0.0,0,0,0.0,0,0,0.0,,0.0,0.0,0,0,0.0,0,0,0,0,0,0,0,0,0,0,0,0,0,0,0,0,0,0,0,0,0,0,0,0,0,0,0,0,0,0,0.6913417161825449,0.9619397662556434,0.890915741234015,0.8117449009293668,0.5602683401276616,0.0036455629509730136,0,0,0.0,0.0,0.0,0.0,0.0,0.0,0.0,0.0,18.6,986.5,1.2,2.5,86,0.0,0
2024-06-18 01:35:00,0,0.0,0.0,0.0,0,0,0.0,0,0,0.0,,0.0,0.0,0,0,0.0,0,0,0,0,0,0,0,0,0,0,0,0,0,0,0,0,0,0,0,0,0,0,0,0,0,0,0,0,0,0,0.7013733449293686,0.9576557395597236,0.890915741234015,0.8117449009293668,0.5602683401276616,0.0036455629509730136,0,0,0.0,0.0,0.0,0.0,0.0,0.0,0.0,0.0,18.6,986.5,1.2,2.5,86,0.0,0
2024-06-18 01:40:00,0,0.0,0.0,0.0,0,0,0.0,0,0,0.0,,0.0,0.0,0,0,0.0,0,0,0,0,0,0,0,0,0,0,0,0,0,0,0,0,0,0,0,0,0,0,0,0,0,0,0,0,0,0,0.7113091308703496,0.953153893518325,0.890915741234015,0.8117449009293668,0.5602683401276616,0.0036455629509730136,0,0,0.0,0.0,0.0,0.0,0.0,0.0,0.0,0.0,18.5,986.5,0.5,2.0,86,0.0,0
2024-06-18 01:45:00,0,0.0,0.0,0.0,0,0,0.0,0,0,0.0,,0.0,0.0,0,0,0.0,0,0,0,0,0,0,0,0,0,0,0,0,0,0,0,0,0,0,0,0,0,0,0,0,0,0,0,0,0,0,0.7211443451095007,0.9484363707663441,0.890915741234015,0.8117449009293668,0.5602683401276616,0.0036455629509730136,0,0,0.0,0.0,0.0,0.0,0.0,0.0,0.0,0.0,18.5,986.5,0.5,2.0,86,0.0,0
2024-06-18 01:50:00,0,0.0,0.0,0.0,0,0,0.0,0,0,0.0,,0.0,0.0,0,0,0.0,0,0,0,0,0,0,0,0,0,0,0,0,0,0,0,0,0,0,0,0,0,0,0,0,0,0,0,0,0,0,0.730874306617517,0.9435054165891108,0.890915741234015,0.8117449009293668,0.5602683401276616,0.0036455629509730136,0,0,0.0,0.0,0.0,0.0,0.0,0.0,0.0,0.0,18.4,986.4,1.0,2.9,86,0.0,0
2024-06-18 01:55:00,0,0.0,0.0,0.0,0,0,0.0,0,0,0.0,,0.0,0.0,0,0,0.0,0,0,0,0,0,0,0,0,0,0,0,0,0,0,0,0,0,0,0,0,0,0,0,0,0,0,0,0,0,0,0.7404943844596938,0.9383633778537539,0.890915741234015,0.8117449009293668,0.5602683401276616,0.0036455629509730136,0,0,0.0,0.0,0.0,0.0,0.0,0.0,0.0,0.0,18.4,986.4,1.0,2.9,86,0.0,0
2024-06-18 02:00:00,0,0.0,0.0,0.0,0,0,0.0,0,0,0.0,,0.0,0.0,0,0,0.0,0,0,0,0,0,0,0,0,0,0,0,0,0,0,0,0,0,0,0,0,0,0,0,0,0,0,0,0,0,0,0.75,0.9330127018922194,0.890915741234015,0.8117449009293668,0.5602683401276616,0.0036455629509730136,0,0,0.0,0.0,0.0,0.0,0.0,0.0,0.0,0.0,18.4,986.4,0.8,1.8,86,0.0,0
2024-06-18 02:05:00,0,0.0,0.0,0.0,0,0,0.0,0,0,0.0,,0.0,0.0,0,0,0.0,0,0,0,0,0,0,0,0,0,0,0,0,0,0,0,0,0,0,0,0,0,0,0,0,0,0,0,0,0,0,0.7593866290802607,0.9274559353364733,0.890915741234015,0.8117449009293668,0.5602683401276616,0.0036455629509730136,0,0,0.0,0.0,0.0,0.0,0.0,0.0,0.0,0.0,18.4,986.4,0.8,1.8,86,0.0,0
2024-06-18 02:10:00,0,0.0,0.0,0.0,0,0,0.0,0,0,0.0,,0.0,0.0,0,0,0.0,0,0,0,0,0,0,0,0,0,0,0,0,0,0,0,0,0,0,0,0,0,0,0,0,0,0,0,0,0,0,0.768649804173412,0.9216957229064429,0.890915741234015,0.8117449009293668,0.5602683401276616,0.0036455629509730136,0,0,0.0,0.0,0.0,0.0,0.0,0.0,0.0,0.0,18.3,986.3,0.4,1.1,87,0.0,0
2024-06-18 02:15:00,0,0.0,0.0,0.0,0,0,0.0,0,0,0.0,,0.0,0.0,0,0,0.0,0,0,0,0,0,0,0,0,0,0,0,0,0,0,0,0,0,0,0,0,0,0,0,0,0,0,0,0,0,0,0.7777851165098011,0.9157348061512727,0.890915741234015,0.8117449009293668,0.5602683401276616,0.0036455629509730136,0,0,0.0,0.0,0.0,0.0,0.0,0.0,0.0,0.0,18.3,986.3,0.4,1.1,87,0.0,0
2024-06-18 02:20:00,0,0.0,0.0,0.0,0,0,0.0,0,0,0.0,,0.0,0.0,0,0,0.0,0,0,0,0,0,0,0,0,0,0,0,0,0,0,0,0,0,0,0,0,0,0,0,0,0,0,0,0,0,0,0.786788218175523,0.909576022144496,0.890915741234015,0.8117449009293668,0.5602683401276616,0.0036455629509730136,0,0,0.0,0.0,0.0,0.0,0.0,0.0,0.0,0.0,18.3,986.3,0.6,1.3,87,0.0,0
2024-06-18 02:25:00,0,0.0,0.0,0.0,0,0,0.0,0,0,0.0,,0.0,0.0,0,0,0.0,0,0,0,0,0,0,0,0,0,0,0,0,0,0,0,0,0,0,0,0,0,0,0,0,0,0,0,0,0,0,0.7956548241817911,0.9032223021337413,0.890915741234015,0.8117449009293668,0.5602683401276616,0.0036455629509730136,0,0,0.0,0.0,0.0,0.0,0.0,0.0,0.0,0.0,18.3,986.3,0.6,1.3,87,0.0,0
2024-06-18 02:30:00,0,0.0,0.0,0.0,0,0,0.0,0,0,0.0,,0.0,0.0,0,0,0.0,0,0,0,0,0,0,0,0,0,0,0,0,0,0,0,0,0,0,0,0,0,0,0,0,0,0,0,0,0,0,0.8043807145043603,0.8966766701456176,0.890915741234015,0.8117449009293668,0.5602683401276616,0.0036455629509730136,0,0,0.0,0.0,0.0,0.0,0.0,0.0,0.0,0.0,18.2,986.4,0.7,1.5,87,0.0,0
2024-06-18 02:35:00,0,0.0,0.0,0.0,0,0,0.0,0,0,0.0,,0.0,0.0,0,0,0.0,0,0,0,0,0,0,0,0,0,0,0,0,0,0,0,0,0,0,0,0,0,0,0,0,0,0,0,0,0,0,0.8129617360920296,0.8899422415464409,0.890915741234015,0.8117449009293668,0.5602683401276616,0.0036455629509730136,0,0,0.0,0.0,0.0,0.0,0.0,0.0,0.0,0.0,18.2,986.4,0.7,1.5,87,0.0,0
2024-06-18 02:40:00,0,0.0,0.0,0.0,0,0,0.0,0,0,0.0,,0.0,0.0,0,0,0.0,0,0,0,0,0,0,0,0,0,0,0,0,0,0,0,0,0,0,0,0,0,0,0,0,0,0,0,0,0,0,0.8213938048432696,0.883022221559489,0.890915741234015,0.8117449009293668,0.5602683401276616,0.0036455629509730136,0,0,0.0,0.0,0.0,0.0,0.0,0.0,0.0,0.0,18.1,986.5,0.5,1.7,87,0.0,0
2024-06-18 02:45:00,0,0.0,0.0,0.0,0,0,0.0,0,0,0.0,,0.0,0.0,0,0,0.0,0,0,0,0,0,0,0,0,0,0,0,0,0,0,0,0,0,0,0,0,0,0,0,0,0,0,0,0,0,0,0.8296729075500344,0.8759199037394887,0.890915741234015,0.8117449009293668,0.5602683401276616,0.0036455629509730136,0,0,0.0,0.0,0.0,0.0,0.0,0.0,0.0,0.0,18.1,986.5,0.5,1.7,87,0.0,0
2024-06-18 02:50:00,0,0.0,0.0,0.0,0,0,0.0,0,0,0.0,,0.0,0.0,0,0,0.0,0,0,0,0,0,0,0,0,0,0,0,0,0,0,0,0,0,0,0,0,0,0,0,0,0,0,0,0,0,0,0.8377951038078302,0.868638668405062,0.890915741234015,0.8117449009293668,0.5602683401276616,0.0036455629509730136,0,0,0.0,0.0,0.0,0.0,0.0,0.0,0.0,0.0,18.0,986.4,0.9,1.6,88,0.0,0
2024-06-18 02:55:00,0,0.0,0.0,0.0,0,0,0.0,0,0,0.0,,0.0,0.0,0,0,0.0,0,0,0,0,0,0,0,0,0,0,0,0,0,0,0,0,0,0,0,0,0,0,0,0,0,0,0,0,0,0,0.8457565278911348,0.8611819810298778,0.890915741234015,0.8117449009293668,0.5602683401276616,0.0036455629509730136,0,0,0.0,0.0,0.0,0.0,0.0,0.0,0.0,0.0,18.0,986.4,0.9,1.6,88,0.0,0
2024-06-18 03:00:00,0,0.0,0.0,0.0,0,0,0.0,0,0,0.0,,0.0,0.0,0,0,0.0,0,0,0,0,0,0,0,0,0,0,0,0,0,0,0,0,0,0,0,0,0,0,0,0,0,0,0,0,0,0,0.8535533905932737,0.8535533905932737,0.890915741234015,0.8117449009293668,0.5602683401276616,0.0036455629509730136,0,0,0.0,0.0,0.0,0.0,0.0,0.0,0.0,0.0,17.8,986.5,1.1,2.4,88,0.0,0
2024-06-18 03:05:00,0,0.0,0.0,0.0,0,0,0.0,0,0,0.0,,0.0,0.0,0,0,0.0,0,0,0,0,0,0,0,0,0,0,0,0,0,0,0,0,0,0,0,0,0,0,0,0,0,0,0,0,0,0,0.8611819810298778,0.8457565278911346,0.890915741234015,0.8117449009293668,0.5602683401276616,0.0036455629509730136,0,0,0.0,0.0,0.0,0.0,0.0,0.0,0.0,0.0,17.8,986.5,1.1,2.4,88,0.0,0
2024-06-18 03:10:00,0,0.0,0.0,0.0,0,0,0.0,0,0,0.0,,0.0,0.0,0,0,0.0,0,0,0,0,0,0,0,0,0,0,0,0,0,0,0,0,0,0,0,0,0,0,0,0,0,0,0,0,0,0,0.868638668405062,0.8377951038078302,0.890915741234015,0.8117449009293668,0.5602683401276616,0.0036455629509730136,0,0,0.0,0.0,0.0,0.0,0.0,0.0,0.0,0.0,17.6,986.4,1.1,2.0,90,0.0,0
2024-06-18 03:15:00,0,0.0,0.0,0.0,0,0,0.0,0,0,0.0,,0.0,0.0,0,0,0.0,0,0,0,0,0,0,0,0,0,0,0,0,0,0,0,0,0,0,0,0,0,0,0,0,0,0,0,0,0,0,0.8759199037394887,0.8296729075500344,0.890915741234015,0.8117449009293668,0.5602683401276616,0.0036455629509730136,0,0,0.0,0.0,0.0,0.0,0.0,0.0,0.0,0.0,17.6,986.4,1.1,2.0,90,0.0,0
2024-06-18 03:20:00,0,0.0,0.0,0.0,0,0,0.0,0,0,0.0,,0.0,0.0,0,0,0.0,0,0,0,0,0,0,0,0,0,0,0,0,0,0,0,0,0,0,0,0,0,0,0,0,0,0,0,0,0,0,0.883022221559489,0.8213938048432696,0.890915741234015,0.8117449009293668,0.5602683401276616,0.0036455629509730136,0,0,0.0,0.0,0.0,0.0,0.0,0.0,0.0,0.0,17.5,986.3,1.7,2.9,90,0.0,0
2024-06-18 03:25:00,0,0.0,0.0,0.0,0,0,0.0,0,0,0.0,,0.0,0.0,0,0,0.0,0,0,0,0,0,0,0,0,0,0,0,0,0,0,0,0,0,0,0,0,0,0,0,0,0,0,0,0,0,0,0.8899422415464409,0.8129617360920296,0.890915741234015,0.8117449009293668,0.5602683401276616,0.0036455629509730136,0,0,0.0,0.0,0.0,0.0,0.0,0.0,0.0,0.0,17.5,986.3,1.7,2.9,90,0.0,0
2024-06-18 03:30:00,0,0.0,0.0,0.0,0,0,0.0,0,0,0.0,,0.0,0.0,0,0,0.0,0,0,0,0,0,0,0,0,0,0,0,0,0,0,0,0,0,0,0,0,0,0,0,0,0,0,0,0,0,0,0.8966766701456176,0.8043807145043603,0.890915741234015,0.8117449009293668,0.5602683401276616,0.0036455629509730136,0,0,0.0,0.0,0.0,0.0,0.0,0.0,0.0,0.0,17.5,986.4,1.7,2.9,89,0.0,0
2024-06-18 03:35:00,0,0.0,0.0,0.0,0,0,0.0,0,0,0.0,,0.0,0.0,0,0,0.0,0,0,0,0,0,0,0,0,0,0,0,0,0,0,0,0,0,0,0,0,0,0,0,0,0,0,0,0,0,0,0.9032223021337413,0.7956548241817912,0.890915741234015,0.8117449009293668,0.5602683401276616,0.0036455629509730136,0,0,0.0,0.0,0.0,0.0,0.0,0.0,0.0,0.0,17.5,986.4,1.7,2.9,89,0.0,0
2024-06-18 03:40:00,0,0.0,0.0,0.0,0,0,0.0,0,0,0.0,,0.0,0.0,0,0,0.0,0,0,0,0,0,0,0,0,0,0,0,0,0,0,0,0,0,0,0,0,0,0,0,0,0,0,0,0,0,0,0.9095760221444958,0.786788218175523,0.890915741234015,0.8117449009293668,0.5602683401276616,0.0036455629509730136,0,0,0.0,0.0,0.0,0.0,0.0,0.0,0.0,0.0,17.5,986.2,1.4,2.5,89,0.0,0
2024-06-18 03:45:00,0,0.0,0.0,0.0,0,0,0.0,0,0,0.0,,0.0,0.0,0,0,0.0,0,0,0,0,0,0,0,0,0,0,0,0,0,0,0,0,0,0,0,0,0,0,0,0,0,0,0,0,0,0,0.9157348061512727,0.7777851165098011,0.890915741234015,0.8117449009293668,0.5602683401276616,0.0036455629509730136,0,0,0.0,0.0,0.0,0.0,0.0,0.0,0.0,0.0,17.5,986.2,1.4,2.5,89,0.0,0
2024-06-18 03:50:00,0,0.0,0.0,0.0,0,0,0.0,0,0,0.0,,0.0,0.0,0,0,0.0,0,0,0,0,0,0,0,0,0,0,0,0,0,0,0,0,0,0,0,0,0,0,0,0,0,0,0,0,0,0,0.9216957229064429,0.7686498041734118,0.890915741234015,0.8117449009293668,0.5602683401276616,0.0036455629509730136,0,0,0.0,0.0,0.0,0.0,0.0,0.0,0.0,0.0,17.5,986.3,1.7,3.0,89,0.0,0
2024-06-18 03:55:00,0,0.0,0.0,0.0,0,0,0.0,0,0,0.0,,0.0,0.0,0,0,0.0,0,0,0,0,0,0,0,0,0,0,0,0,0,0,0,0,0,0,0,0,0,0,0,0,0,0,0,0,0,0,0.9274559353364733,0.7593866290802608,0.890915741234015,0.8117449009293668,0.5602683401276616,0.0036455629509730136,0,0,0.0,0.0,0.0,0.0,0.0,0.0,0.0,0.0,17.5,986.3,1.7,3.0,89,0.0,0
2024-06-18 04:00:00,0,0.0,0.0,0.0,0,0,0.0,0,0,0.0,,0.0,0.0,0,0,0.0,0,0,0,0,0,0,0,0,0,0,0,0,0,0,0,0,0,0,0,0,0,0,0,0,0,0,0,0,0,0,0.9330127018922193,0.75,0.890915741234015,0.8117449009293668,0.5602683401276616,0.0036455629509730136,0,0,0.0,0.0,0.0,0.0,0.0,0.0,0.0,0.0,17.6,986.3,2.0,3.5,89,0.0,0
2024-06-18 04:05:00,0,0.0,0.0,0.0,0,0,0.0,0,0,0.0,,0.0,0.0,0,0,0.0,0,0,0,0,0,0,0,0,0,0,0,0,0,0,0,0,0,0,0,0,0,0,0,0,0,0,0,0,0,0,0.9383633778537539,0.7404943844596938,0.890915741234015,0.8117449009293668,0.5602683401276616,0.0036455629509730136,0,0,0.0,0.0,0.0,0.0,0.0,0.0,0.0,0.0,17.6,986.3,2.0,3.5,89,0.0,0
2024-06-18 04:10:00,0,0.0,0.0,0.0,0,0,0.0,0,0,0.0,,0.0,0.0,0,0,0.0,0,0,0,0,0,0,0,0,0,0,0,0,0,0,0,0,0,0,0,0,0,0,0,0,0,0,0,0,0,0,0.9435054165891108,0.730874306617517,0.890915741234015,0.8117449009293668,0.5602683401276616,0.0036455629509730136,0,0,0.0,0.0,0.0,0.0,0.0,0.0,0.0,0.0,17.6,986.3,1.6,3.4,89,0.0,34
2024-06-18 04:15:00,0,0.0,0.0,0.0,0,0,0.0,0,0,0.0,,0.0,0.0,0,0,0.0,0,0,0,0,0,0,0,0,0,0,0,0,0,0,0,0,0,0,0,0,0,0,0,0,0,0,0,0,0,0,0.9484363707663441,0.7211443451095007,0.890915741234015,0.8117449009293668,0.5602683401276616,0.0036455629509730136,0,0,0.0,0.0,0.0,0.0,0.0,0.0,0.0,0.0,17.6,986.3,1.6,3.4,89,0.0,34
2024-06-18 04:20:00,0,0.0,0.0,0.0,0,0,0.0,0,0,0.0,,0.0,0.0,0,0,0.0,0,0,0,0,0,0,0,0,0,0,0,0,0,0,0,0,0,0,0,0,0,0,0,0,0,0,0,0,0,0,0.953153893518325,0.7113091308703497,0.890915741234015,0.8117449009293668,0.5602683401276616,0.0036455629509730136,0,0,0.0,0.0,0.0,0.0,0.0,0.0,0.0,0.0,17.7,986.2,2.6,4.0,89,0.0,599
2024-06-18 04:25:00,0,0.0,0.0,0.0,0,0,0.0,0,0,0.0,,0.0,0.0,0,0,0.0,0,0,0,0,0,0,0,0,0,0,0,0,0,0,0,0,0,0,0,0,0,0,0,0,0,0,0,0,0,0,0.9576557395597236,0.7013733449293686,0.890915741234015,0.8117449009293668,0.5602683401276616,0.0036455629509730136,0,0,0.0,0.0,0.0,0.0,0.0,0.0,0.0,0.0,17.7,986.2,2.6,4.0,89,0.0,599
2024-06-18 04:30:00,0,0.0,0.0,0.0,0,0,0.0,0,0,0.0,,0.0,0.0,0,0,0.0,0,0,0,0,0,0,0,0,0,0,0,0,0,0,0,0,0,0,0,0,0,0,0,0,0,0,0,0,0,0,0.9619397662556434,0.6913417161825449,0.890915741234015,0.8117449009293668,0.5602683401276616,0.0036455629509730136,0,0,0.0,0.0,0.0,0.0,0.0,0.0,0.0,0.0,17.8,986.3,2.1,3.6,87,0.0,380
2024-06-18 04:35:00,0,0.0,0.0,0.0,0,0,0.0,0,0,0.0,,0.0,0.0,0,0,0.0,0,0,0,0,0,0,0,0,0,0,0,0,0,0,0,0,0,0,0,0,0,0,0,0,0,0,0,0,0,0,0.9660039346413992,0.6812190191418508,0.890915741234015,0.8117449009293668,0.5602683401276616,0.0036455629509730136,0,0,0.0,0.0,0.0,0.0,0.0,0.0,0.0,0.0,17.8,986.3,2.1,3.6,87,0.0,380
2024-06-18 04:40:00,0,0.0,0.0,0.0,0,0,0.0,0,0,0.0,,0.0,0.0,0,0,0.0,0,0,0,0,0,0,0,0,0,0,0,0,0,0,0,0,0,0,0,0,0,0,0,0,0,0,0,0,0,0,0.9698463103929542,0.6710100716628344,0.890915741234015,0.8117449009293668,0.5602683401276616,0.0036455629509730136,0,0,0.0,0.0,0.0,0.0,0.0,0.0,0.0,0.0,17.9,986.4,1.3,2.6,87,0.0,278
2024-06-18 04:45:00,0,0.0,0.0,0.0,0,0,0.0,0,0,0.0,,0.0,0.0,0,0,0.0,0,0,0,0,0,0,0,0,0,0,0,0,0,0,0,0,0,0,0,0,0,0,0,0,0,0,0,0,0,0,0.9734650647475528,0.6607197326515808,0.890915741234015,0.8117449009293668,0.5602683401276616,0.0036455629509730136,0,0,0.0,0.0,0.0,0.0,0.0,0.0,0.0,0.0,17.9,986.4,1.3,2.6,87,0.0,278
2024-06-18 04:50:00,0,0.0,0.0,0.0,0,0,0.0,0,0,0.0,,0.0,0.0,0,0,0.0,0,0,0,0,0,0,0,0,0,0,0,0,0,0,0,0,0,0,0,0,0,0,0,0,0,0,0,0,0,0,0.9768584753741134,0.6503528997521366,0.890915741234015,0.8117449009293668,0.5602683401276616,0.0036455629509730136,0,0,0.0,0.0,0.0,0.0,0.0,0.0,0.0,0.0,18.0,986.5,1.6,2.5,85,0.0,400
2024-06-18 04:55:00,0,0.0,0.0,0.0,0,0,0.0,0,0,0.0,,0.0,0.0,0,0,0.0,0,0,0,0,0,0,0,0,0,0,0,0,0,0,0,0,0,0,0,0,0,0,0,0,0,0,0,0,0,0,0.9800249271929644,0.639914507015496,0.890915741234015,0.8117449009293668,0.5602683401276616,0.0036455629509730136,0,0,0.0,0.0,0.0,0.0,0.0,0.0,0.0,0.0,18.0,986.5,1.6,2.5,85,0.0,400
2024-06-18 05:00:00,0,0.0,0.0,0.0,0,0,0.0,0,0,0.0,,0.0,0.0,0,0,0.0,0,0,0,0,0,0,0,0,0,0,0,0,0,0,0,0,0,0,0,0,0,0,0,0,0,0,0,0,0,0,0.9829629131445341,0.6294095225512604,0.890915741234015,0.8117449009293668,0.5602683401276616,0.0036455629509730136,0,0,0.0,0.0,0.0,0.0,0.0,0.0,0.0,0.0,18.1,986.5,0.3,1.4,85,0.0,575
2024-06-18 05:05:00,0,0.0,0.0,0.0,0,0,0.0,0,0,0.0,,0.0,0.0,0,0,0.0,0,0,0,0,0,0,0,0,0,0,0,0,0,0,0,0,0,0,0,0,0,0,0,0,0,0,0,0,0,0,0.9856710349066307,0.6188429461630865,0.890915741234015,0.8117449009293668,0.5602683401276616,0.0036455629509730136,0,0,0.0,0.0,0.0,0.0,0.0,0.0,0.0,0.0,18.1,986.5,0.3,1.4,85,0.0,575
2024-06-18 05:10:00,0,0.0,0.0,0.0,0,0,0.0,0,0,0.0,,0.0,0.0,0,0,0.0,0,0,0,0,0,0,0,0,0,0,0,0,0,0,0,0,0,0,0,0,0,0,0,0,0,0,0,0,0,0,0.9881480035599667,0.6082198069690514,0.890915741234015,0.8117449009293668,0.5602683401276616,0.0036455629509730136,0,0,0.0,0.0,0.0,0.0,0.0,0.0,0.0,0.0,18.4,986.5,0.4,2.4,82,0.0,600
2024-06-18 05:15:00,0,0.0,0.0,0.0,0,0,0.0,0,0,0.0,,0.0,0.0,0,0,0.0,0,0,0,0,0,0,0,0,0,0,0,0,0,0,0,0,0,0,0,0,0,0,0,0,0,0,0,0,0,0,0.9903926402016152,0.5975451610080642,0.890915741234015,0.8117449009293668,0.5602683401276616,0.0036455629509730136,0,0,0.0,0.0,0.0,0.0,0.0,0.0,0.0,0.0,18.4,986.5,0.4,2.4,82,0.0,600
2024-06-18 05:20:00,0,0.0,0.0,0.0,0,0,0.0,0,0,0.0,,0.0,0.0,0,0,0.0,0,0,0,0,0,0,0,0,0,0,0,0,0,0,0,0,0,0,0,0,0,0,0,0,0,0,0,0,0,0,0.9924038765061041,0.5868240888334653,0.890915741234015,0.8117449009293668,0.5602683401276616,0.0036455629509730136,0,0,0.0,0.0,0.0,0.0,0.0,0.0,0.0,0.0,18.9,986.4,0.7,1.8,82,0.0,600
2024-06-18 05:25:00,0,0.0,0.0,0.0,0,0,0.0,0,0,0.0,,0.0,0.0,0,0,0.0,0,0,0,0,0,0,0,0,0,0,0,0,0,0,0,0,0,0,0,0,0,0,0,0,0,0,0,0,0,0,0.9941807552338804,0.5760616930949584,0.890915741234015,0.8117449009293668,0.5602683401276616,0.0036455629509730136,0,0,0.0,0.0,0.0,0.0,0.0,0.0,0.0,0.0,18.9,986.4,0.7,1.8,82,0.0,600
2024-06-18 05:30:00,0,0.0,0.0,0.0,0,0,0.0,0,0,0.0,,0.0,0.0,0,0,0.0,0,0,0,0,0,0,0,0,0,0,0,0,0,0,0,0,0,0,0,0,0,0,0,0,0,0,0,0,0,0,0.9957224306869052,0.5652630961100259,0.890915741234015,0.8117449009293668,0.5602683401276616,0.0036455629509730136,0,0,0.0,0.0,0.0,0.0,0.0,0.0,0.0,0.0,19.2,986.5,0.0,1.1,80,0.0,600
2024-06-18 05:35:00,0,0.0,0.0,0.0,0,0,0.0,0,0,0.0,,0.0,0.0,0,0,0.0,0,0,0,0,0,0,0,0,0,0,0,0,0,0,0,0,0,0,0,0,0,0,0,0,0,0,0,0,0,0,0.9970281691111598,0.5544334374259824,0.890915741234015,0.8117449009293668,0.5602683401276616,0.0036455629509730136,0,0,0.0,0.0,0.0,0.0,0.0,0.0,0.0,0.0,19.2,986.5,0.0,1.1,80,0.0,600
2024-06-18 05:40:00,0,0.0,0.0,0.0,0,0,0.0,0,0,0.0,,0.0,0.0,0,0,0.0,0,0,0,0,0,0,0,0,0,0,0,0,0,0,0,0,0,0,0,0,0,0,0,0,0,0,0,0,0,0,0.9980973490458728,0.5435778713738291,0.890915741234015,0.8117449009293668,0.5602683401276616,0.0036455629509730136,0,0,0.0,0.0,0.0,0.0,0.0,0.0,0.0,0.0,19.5,986.5,0.2,1.4,78,0.0,600
2024-06-18 05:45:00,0,0.0,0.0,0.0,0,0,0.0,0,0,0.0,,0.0,0.0,0,0,0.0,0,0,0,0,0,0,0,0,0,0,0,0,0,0,0,0,0,0,0,0,0,0,0,0,0,0,0,0,0,0,0.9989294616193017,0.5327015646150716,0.890915741234015,0.8117449009293668,0.5602683401276616,0.0036455629509730136,0,0,0.0,0.0,0.0,0.0,0.0,0.0,0.0,0.0,19.5,986.5,0.2,1.4,78,0.0,600
2024-06-18 05:50:00,0,0.0,0.0,0.0,0,0,0.0,0,0,0.0,,0.0,0.0,0,0,0.0,0,0,0,0,0,0,0,0,0,0,0,0,0,0,0,0,0,0,0,0,0,0,0,0,0,0,0,0,0,0,0.999524110790929,0.521809693682668,0.890915741234015,0.8117449009293668,0.5602683401276616,0.0036455629509730136,0,0,0.0,0.0,0.0,0.0,0.0,0.0,0.0,0.0,20.2,986.5,0.5,1.7,76,0.0,599
2024-06-18 05:55:00,0,0.0,0.0,0.0,0,0,0.0,0,0,0.0,,0.0,0.0,0,0,0.0,0,0,0,0,0,0,0,0,0,0,0,0,0,0,0,0,0,0,0,0,0,0,0,0,0,0,0,0,0,0,0.9998810135399545,0.5109074425172806,0.890915741234015,0.8117449009293668,0.5602683401276616,0.0036455629509730136,0,0,0.0,0.0,0.0,0.0,0.0,0.0,0.0,0.0,20.2,986.5,0.5,1.7,76,0.0,599
2024-06-18 06:00:00,0,0.0,0.0,0.0,0,0,0.0,0,0,0.0,,0.0,0.0,0,0,0.0,0,0,0,0,0,0,0,0,0,0,0,0,0,0,0,0,0,0,0,0,0,0,0,0,0,0,0,0,0,0,1.0,0.5,0.890915741234015,0.8117449009293668,0.5602683401276616,0.0036455629509730136,0,0,0.0,0.0,0.0,0.0,0.0,0.0,0.0,0.0,20.7,986.5,0.5,2.1,76,0.0,600
2024-06-18 06:05:00,0,0.0,0.0,0.0,0,0,0.0,0,0,0.0,,0.0,0.0,0,0,0.0,0,0,0,0,0,0,0,0,0,0,0,0,0,0,0,0,0,0,0,0,0,0,0,0,0,0,0,0,0,0,0.9998810135399545,0.48909255748271946,0.890915741234015,0.8117449009293668,0.5602683401276616,0.0036455629509730136,0,0,0.0,0.0,0.0,0.0,0.0,0.0,0.0,0.0,20.7,986.5,0.5,2.1,76,0.0,600
2024-06-18 06:10:00,0,0.0,0.0,0.0,0,0,0.0,0,0,0.0,,0.0,0.0,0,0,0.0,0,0,0,0,0,0,0,0,0,0,0,0,0,0,0,0,0,0,0,0,0,0,0,0,0,0,0,0,0,0,0.999524110790929,0.47819030631733195,0.890915741234015,0.8117449009293668,0.5602683401276616,0.0036455629509730136,0,0,0.0,0.0,0.0,0.0,0.0,0.0,0.0,0.0,20.8,986.6,0.4,2.5,75,0.0,600
2024-06-18 06:15:00,0,0.0,0.0,0.0,0,0,0.0,0,0,0.0,,0.0,0.0,0,0,0.0,0,0,0,0,0,0,0,0,0,0,0,0,0,0,0,0,0,0,0,0,0,0,0,0,0,0,0,0,0,0,0.9989294616193017,0.46729843538492843,0.890915741234015,0.8117449009293668,0.5602683401276616,0.0036455629509730136,0,0,0.0,0.0,0.0,0.0,0.0,0.0,0.0,0.0,20.8,986.6,0.4,2.5,75,0.0,600
2024-06-18 06:20:00,0,0.0,0.0,0.0,0,0,0.0,0,0,0.0,,0.0,0.0,0,0,0.0,0,0,0,0,0,0,0,0,0,0,0,0,0,0,0,0,0,0,0,0,0,0,0,0,0,0,0,0,0,0,0.9980973490458728,0.4564221286261709,0.890915741234015,0.8117449009293668,0.5602683401276616,0.0036455629509730136,0,0,0.0,0.0,0.0,0.0,0.0,0.0,0.0,0.0,21.1,986.6,1.1,2.6,73,0.0,600
2024-06-18 06:25:00,0,0.0,0.0,0.0,0,0,0.0,0,0,0.0,,0.0,0.0,0,0,0.0,0,0,0,0,0,0,0,0,0,0,0,0,0,0,0,0,0,0,0,0,0,0,0,0,0,0,0,0,0,0,0.9970281691111598,0.44556656257401783,0.890915741234015,0.8117449009293668,0.5602683401276616,0.0036455629509730136,0,0,0.0,0.0,0.0,0.0,0.0,0.0,0.0,0.0,21.1,986.6,1.1,2.6,73,0.0,600
2024-06-18 06:30:00,0,0.0,0.0,0.0,0,0,0.0,0,0,0.0,,0.0,0.0,0,0,0.0,0,0,0,0,0,0,0,0,0,0,0,0,0,0,0,0,0,0,0,0,0,0,0,0,0,0,0,0,0,0,0.9957224306869052,0.4347369038899743,0.890915741234015,0.8117449009293668,0.5602683401276616,0.0036455629509730136,0,0,0.0,0.0,0.0,0.0,0.0,0.0,0.0,0.0,22.1,986.5,0.8,2.3,69,0.0,600
2024-06-18 06:35:00,0,0.0,0.0,0.0,0,0,0.0,0,0,0.0,,0.0,0.0,0,0,0.0,0,0,0,0,0,0,0,0,0,0,0,0,0,0,0,0,0,0,0,0,0,0,0,0,0,0,0,0,0,0,0.9941807552338804,0.42393830690504175,0.890915741234015,0.8117449009293668,0.5602683401276616,0.0036455629509730136,0,0,0.0,0.0,0.0,0.0,0.0,0.0,0.0,0.0,22.1,986.5,0.8,2.3,69,0.0,600
2024-06-18 06:40:00,0,0.0,0.0,0.0,0,0,0.0,0,0,0.0,,0.0,0.0,0,0,0.0,0,0,0,0,0,0,0,0,0,0,0,0,0,0,0,0,0,0,0,0,0,0,0,0,0,0,0,0,0,0,0.9924038765061041,0.41317591116653485,0.890915741234015,0.8117449009293668,0.5602683401276616,0.0036455629509730136,0,0,0.0,0.0,0.0,0.0,0.0,0.0,0.0,0.0,22.3,986.5,0.5,2.8,68,0.0,600
2024-06-18 06:45:00,0,0.0,0.0,0.0,0,0,0.0,0,0,0.0,,0.0,0.0,0,0,0.0,0,0,0,0,0,0,0,0,0,0,0,0,0,0,0,0,0,0,0,0,0,0,0,0,0,0,0,0,0,0,0.9903926402016152,0.4024548389919359,0.890915741234015,0.8117449009293668,0.5602683401276616,0.0036455629509730136,0,0,0.0,0.0,0.0,0.0,0.0,0.0,0.0,0.0,22.3,986.5,0.5,2.8,68,0.0,600
2024-06-18 06:50:00,0,0.0,0.0,0.0,0,0,0.0,0,0,0.0,,0.0,0.0,0,0,0.0,0,0,0,0,0,0,0,0,0,0,0,0,0,0,0,0,0,0,0,0,0,0,0,0,0,0,0,0,0,0,0.9881480035599667,0.3917801930309486,0.890915741234015,0.8117449009293668,0.5602683401276616,0.0036455629509730136,0,0,0.0,0.0,0.0,0.0,0.0,0.0,0.0,0.0,22.0,986.5,1.4,2.8,67,0.0,600
2024-06-18 06:55:00,0,0.0,0.0,0.0,0,0,0.0,0,0,0.0,,0.0,0.0,0,0,0.0,0,0,0,0,0,0,0,0,0,0,0,0,0,0,0,0,0,0,0,0,0,0,0,0,0,0,0,0,0,0,0.9856710349066307,0.3811570538369134,0.890915741234015,0.8117449009293668,0.5602683401276616,0.0036455629509730136,0,0,0.0,0.0,0.0,0.0,0.0,0.0,0.0,0.0,22.0,986.5,1.4,2.8,67,0.0,600
2024-06-18 07:00:00,0,0.0,0.0,0.0,0,0,0.0,0,0,0.0,,0.0,0.0,0,0,0.0,0,0,0,0,0,0,0,0,0,0,0,0,0,0,0,0,0,0,0,0,0,0,0,0,0,0,0,0,0,0,0.9829629131445341,0.3705904774487396,0.890915741234015,0.8117449009293668,0.5602683401276616,0.0036455629509730136,0,0,0.0,0.0,0.0,0.0,0.0,0.0,0.0,0.0,22.6,986.6,1.0,3.2,64,0.0,600
2024-06-18 07:05:00,0,0.0,0.0,0.0,0,0,0.0,0,0,0.0,,0.0,0.0,0,0,0.0,0,0,0,0,0,0,0,0,0,0,0,0,0,0,0,0,0,0,0,0,0,0,0,0,0,0,0,0,0,0,0.9800249271929644,0.360085492984504,0.890915741234015,0.8117449009293668,0.5602683401276616,0.0036455629509730136,0,0,0.0,0.0,0.0,0.0,0.0,0.0,0.0,0.0,22.6,986.6,1.0,3.2,64,0.0,600
2024-06-18 07:10:00,0,0.0,0.0,0.0,0,0,0.0,0,0,0.0,,0.0,0.0,0,0,0.0,0,0,0,0,0,0,0,0,0,0,0,0,0,0,0,0,0,0,0,0,0,0,0,0,0,0,0,0,0,0,0.9768584753741134,0.3496471002478635,0.890915741234015,0.8117449009293668,0.5602683401276616,0.0036455629509730136,0,0,0.0,0.0,0.0,0.0,0.0,0.0,0.0,0.0,22.9,986.5,0.8,3.4,63,0.0,600
2024-06-18 07:15:00,0,0.0,0.0,0.0,0,0,0.0,0,0,0.0,,0.0,0.0,0,0,0.0,0,0,0,0,0,0,0,0,0,0,0,0,0,0,0,0,0,0,0,0,0,0,0,0,0,0,0,0,0,0,0.9734650647475529,0.3392802673484193,0.890915741234015,0.8117449009293668,0.5602683401276616,0.0036455629509730136,0,0,0.0,0.0,0.0,0.0,0.0,0.0,0.0,0.0,22.9,986.5,0.8,3.4,63,0.0,600
2024-06-18 07:20:00,0,0.0,0.0,0.0,0,0,0.0,0,0,0.0,,0.0,0.0,0,0,0.0,0,0,0,0,0,0,0,0,0,0,0,0,0,0,0,0,0,0,0,0,0,0,0,0,0,0,0,0,0,0,0.9698463103929542,0.3289899283371658,0.890915741234015,0.8117449009293668,0.5602683401276616,0.0036455629509730136,0,0,0.0,0.0,0.0,0.0,0.0,0.0,0.0,0.0,23.2,986.4,0.8,3.1,64,0.0,600
2024-06-18 07:25:00,0,0.0,0.0,0.0,0,0,0.0,0,0,0.0,,0.0,0.0,0,0,0.0,0,0,0,0,0,0,0,0,0,0,0,0,0,0,0,0,0,0,0,0,0,0,0,0,0,0,0,0,0,0,0.9660039346413993,0.3187809808581492,0.890915741234015,0.8117449009293668,0.5602683401276616,0.0036455629509730136,0,0,0.0,0.0,0.0,0.0,0.0,0.0,0.0,0.0,23.2,986.4,0.8,3.1,64,0.0,600
2024-06-18 07:30:00,0,0.0,0.0,0.0,0,0,0.0,0,0,0.0,,0.0,0.0,0,0,0.0,0,0,0,0,0,0,0,0,0,0,0,0,0,0,0,0,0,0,0,0,0,0,0,0,0,0,0,0,0,0,0.9619397662556434,0.30865828381745514,0.890915741234015,0.8117449009293668,0.5602683401276616,0.0036455629509730136,0,0,0.0,0.0,0.0,0.0,0.0,0.0,0.0,0.0,24.0,986.3,0.7,4.0,63,0.0,600
2024-06-18 07:35:00,0,0.0,0.0,0.0,0,0,0.0,0,0,0.0,,0.0,0.0,0,0,0.0,0,0,0,0,0,0,0,0,0,0,0,0,0,0,0,0,0,0,0,0,0,0,0,0,0,0,0,0,0,0,0.9576557395597236,0.29862665507063146,0.890915741234015,0.8117449009293668,0.5602683401276616,0.0036455629509730136,0,0,0.0,0.0,0.0,0.0,0.0,0.0,0.0,0.0,24.0,986.3,0.7,4.0,63,0.0,600
2024-06-18 07:40:00,0,0.0,0.0,0.0,0,0,0.0,0,0,0.0,,0.0,0.0,0,0,0.0,0,0,0,0,0,0,0,0,0,0,0,0,0,0,0,0,0,0,0,0,0,0,0,0,0,0,0,0,0,0,0.9531538935183249,0.28869086912965014,0.890915741234015,0.8117449009293668,0.5602683401276616,0.0036455629509730136,0,0,0.0,0.0,0.0,0.0,0.0,0.0,0.0,0.0,23.7,986.3,1.6,4.1,62,0.0,600
2024-06-18 07:45:00,0,0.0,0.0,0.0,0,0,0.0,0,0,0.0,,0.0,0.0,0,0,0.0,0,0,0,0,0,0,0,0,0,0,0,0,0,0,0,0,0,0,0,0,0,0,0,0,0,0,0,0,0,0,0.9484363707663441,0.27885565489049946,0.890915741234015,0.8117449009293668,0.5602683401276616,0.0036455629509730136,0,0,0.0,0.0,0.0,0.0,0.0,0.0,0.0,0.0,23.7,986.3,1.6,4.1,62,0.0,600
2024-06-18 07:50:00,0,0.0,0.0,0.0,0,0,0.0,0,0,0.0,,0.0,0.0,0,0,0.0,0,0,0,0,0,0,0,0,0,0,0,0,0,0,0,0,0,0,0,0,0,0,0,0,0,0,0,0,0,0,0.9435054165891109,0.26912569338248316,0.890915741234015,0.8117449009293668,0.5602683401276616,0.0036455629509730136,0,0,0.0,0.0,0.0,0.0,0.0,0.0,0.0,0.0,24.6,986.3,1.9,4.7,61,0.0,600
2024-06-18 07:55:00,0,0.0,0.0,0.0,0,0,0.0,0,0,0.0,,0.0,0.0,0,0,0.0,0,0,0,0,0,0,0,0,0,0,0,0,0,0,0,0,0,0,0,0,0,0,0,0,0,0,0,0,0,0,0.9383633778537539,0.25950561554030627,0.890915741234015,0.8117449009293668,0.5602683401276616,0.0036455629509730136,0,0,0.0,0.0,0.0,0.0,0.0,0.0,0.0,0.0,24.6,986.3,1.9,4.7,61,0.0,600
2024-06-18 08:00:00,0,0.0,0.0,0.0,0,0,0.0,0,0,0.0,,0.0,0.0,0,0,0.0,0,0,0,0,0,0,0,0,0,0,0,0,0,0,0,0,0,0,0,0,0,0,0,0,0,0,0,0,0,0,0.9330127018922194,0.2500000000000001,0.890915741234015,0.8117449009293668,0.5602683401276616,0.0036455629509730136,0,0,0.0,0.0,0.0,0.0,0.0,0.0,0.0,0.0,24.3,986.3,0.9,3.1,61,0.0,600
2024-06-18 08:05:00,1,0.006578947368421052,1.0,0.006578947368421052,0,0,0.0,0,0,0.0,,0.0,0.0,0,0,0.0,0,0,0,0,0,0,0,0,0,0,0,0,0,0,0,0,0,0,0,0,0,0,0,0,0,0,0,0,0,0,0.9274559353364733,0.24061337091973917,0.890915741234015,0.8117449009293668,0.5602683401276616,0.0036455629509730136,0,0,0.0,0.0,0.0,0.0,0.0,0.0,0.0,0.0,24.3,986.3,0.9,3.1,61,0.0,600
2024-06-18 08:10:00,0,0.0,-1.0,-0.006578947368421052,0,0,0.0,0,0,0.0,,0.0,0.0,0,0,0.0,0,0,0,0,0,0,0,0,0,0,0,0,0,0,0,0,0,0,0,0,0,0,0,0,0,0,0,0,0,0,0.9216957229064429,0.23135019582658822,0.890915741234015,0.8117449009293668,0.5602683401276616,0.0036455629509730136,0,0,0.0,0.0,0.0,0.0,0.0,0.0,0.0,0.0,24.6,986.2,1.5,3.2,57,0.0,600
2024-06-18 08:15:00,2,0.013157894736842105,2.0,0.013157894736842105,0,0,0.0,0,0,0.0,,0.0,0.0,0,0,0.0,0,0,0,0,0,0,0,0,0,0,0,0,0,0,0,0,0,0,0,0,0,0,0,0,0,0,0,0,0,0,0.9157348061512727,0.22221488349019902,0.890915741234015,0.8117449009293668,0.5602683401276616,0.0036455629509730136,0,0,0.0,0.0,0.0,0.0,0.0,0.0,0.0,0.0,24.6,986.2,1.5,3.2,57,0.0,600
2024-06-18 08:20:00,6,0.039473684210526314,4.0,0.02631578947368421,0,0,0.0,0,0,0.0,,0.3333333333333333,0.0,0,0,0.0,0,0,0,0,0,0,0,0,0,0,0,0,0,0,0,0,0,0,0,0,0,0,0,0,0,0,0,0,0,0,0.9095760221444958,0.21321178182447692,0.890915741234015,0.8117449009293668,0.5602683401276616,0.0036455629509730136,0,0,0.0,0.03289473684210526,5.0,0.0,5.0,0.0,0.03289473684210526,0.0,24.9,986.2,1.3,3.8,58,0.0,600
2024-06-18 08:25:00,11,0.07236842105263158,5.0,0.03289473684210527,0,0,0.0,0,0,0.0,,0.6666666666666666,0.0,0,0,0.0,0,0,0,0,0,0,0,0,0,0,0,0,0,0,0,0,0,0,0,0,0,0,0,0,0,0,0,0,0,0,0.9032223021337413,0.20434517581820894,0.890915741234015,0.8117449009293668,0.5602683401276616,0.0036455629509730136,0,0,0.0,0.06578947368421052,10.0,0.0,5.0,0.0,0.03289473684210526,0.0,24.9,986.2,1.3,3.8,58,0.0,600
2024-06-18 08:30:00,16,0.10526315789473684,5.0,0.032894736842105254,0,0,0.0,17,0,0.312387096646585,366.560,0.0,0.1118421052631579,1,149,3.0,0,0,1,0,0,1,0,0,0,0,0,0,0,0,0,0,0,0,0,0,0,0,0,0,0,1,0,0,0,0,0.8966766701456176,0.19561928549563967,0.890915741234015,0.8117449009293668,0.5602683401276616,0.0036455629509730136,0,0,0.0,0.07894736842105263,12.0,0.0,2.0,0.0,0.013157894736842105,0.0,25.0,986.2,1.2,2.8,56,0.0,600
2024-06-18 08:35:00,17,0.1118421052631579,1.0,0.006578947368421059,0,0,0.0,17,0,0.312387096646585,366.560,0.0,0.1118421052631579,1,149,3.0,0,0,1,0,0,1,0,0,0,0,0,0,0,0,0,0,0,0,0,0,0,0,0,0,0,1,0,0,0,0,0.8899422415464409,0.18703826390797046,0.890915741234015,0.8117449009293668,0.5602683401276616,0.0036455629509730136,0,0,0.0,0.09210526315789473,14.0,0.0,2.0,0.0,0.013157894736842105,0.0,25.0,986.2,1.2,2.8,56,0.0,600
2024-06-18 08:40:00,17,0.1118421052631579,0.0,0.0,0,0,0.0,17,0,0.312387096646585,366.560,0.0,0.1118421052631579,1,149,3.0,0,0,1,0,0,1,0,0,0,0,0,0,0,0,0,0,0,0,0,0,0,0,0,0,0,1,0,0,0,0,0.883022221559489,0.17860619515673032,0.890915741234015,0.8117449009293668,0.5602683401276616,0.0036455629509730136,0,0,0.0,0.09210526315789473,14.0,0.0,0.0,0.0,0.0,0.0,25.5,986.2,1.2,3.5,52,0.0,600
2024-06-18 08:45:00,17,0.1118421052631579,0.0,0.0,0,0,0.0,17,0,0.312387096646585,366.560,0.0,0.1118421052631579,1,149,3.0,0,0,1,0,0,1,0,0,0,0,0,0,0,0,0,0,0,0,0,0,0,0,0,0,0,1,0,0,0,0,0.8759199037394887,0.17032709244996558,0.890915741234015,0.8117449009293668,0.5602683401276616,0.0036455629509730136,0,0,0.0,0.09210526315789473,14.0,0.0,0.0,0.0,0.0,0.0,25.5,986.2,1.2,3.5,52,0.0,600
2024-06-18 08:50:00,17,0.1118421052631579,0.0,0.0,0,0,0.0,17,0,0.312387096646585,366.560,0.0,0.1118421052631579,1,149,3.0,0,0,1,0,0,1,0,0,0,0,0,0,0,0,0,0,0,0,0,0,0,0,0,0,0,1,0,0,0,0,0.868638668405062,0.16220489619216988,0.890915741234015,0.8117449009293668,0.5602683401276616,0.0036455629509730136,0,0,0.0,0.09210526315789473,14.0,0.0,0.0,0.0,0.0,0.0,25.6,986.2,0.8,3.4,52,0.0,600
2024-06-18 08:55:00,17,0.1118421052631579,0.0,0.0,0,0,0.0,17,0,0.312387096646585,366.560,0.0,0.1118421052631579,1,149,3.0,0,0,1,0,0,1,0,0,0,0,0,0,0,0,0,0,0,0,0,0,0,0,0,0,0,1,0,0,0,0,0.861181981029878,0.15424347210886552,0.890915741234015,0.8117449009293668,0.5602683401276616,0.0036455629509730136,0,0,0.0,0.09210526315789473,14.0,0.0,0.0,0.0,0.0,0.0,25.6,986.2,0.8,3.4,52,0.0,600
2024-06-18 09:00:00,17,0.1118421052631579,0.0,0.0,0,0,0.0,17,0,0.312387096646585,366.560,0.0,0.1118421052631579,1,149,3.0,0,0,1,0,0,1,0,0,0,0,0,0,0,0,0,0,0,0,0,0,0,0,0,0,0,1,0,0,0,0,0.8535533905932737,0.14644660940672627,0.890915741234015,0.8117449009293668,0.5602683401276616,0.0036455629509730136,0,0,0.0,0.09210526315789473,14.0,0.0,0.0,0.0,0.0,0.0,25.5,986.0,1.6,4.4,51,0.0,600
2024-06-18 09:05:00,17,0.1118421052631579,0.0,0.0,0,0,0.0,17,0,0.312387096646585,366.560,0.0,0.1118421052631579,1,149,3.0,0,0,1,0,0,1,0,0,0,0,0,0,0,0,0,0,0,0,0,0,0,0,0,0,0,1,0,0,0,0,0.8457565278911345,0.13881801897012208,0.890915741234015,0.8117449009293668,0.5602683401276616,0.0036455629509730136,0,0,0.0,0.09210526315789473,14.0,0.0,0.0,0.0,0.0,0.0,25.5,986.0,1.6,4.4,51,0.0,600
2024-06-18 09:10:00,17,0.1118421052631579,0.0,0.0,0,0,0.0,17,0,0.312387096646585,366.560,0.0,0.1118421052631579,1,149,3.0,0,0,1,0,0,1,0,0,0,0,0,0,0,0,0,0,0,0,0,0,0,0,0,0,0,1,0,0,0,0,0.8377951038078302,0.131361331594938,0.890915741234015,0.8117449009293668,0.5602683401276616,0.0036455629509730136,0,0,0.0,0.09210526315789473,14.0,0.0,0.0,0.0,0.0,0.0,25.6,985.9,1.5,4.2,49,0.0,600
2024-06-18 09:15:00,17,0.1118421052631579,0.0,0.0,0,0,0.0,17,0,0.312387096646585,366.560,0.0,0.1118421052631579,1,149,3.0,0,0,1,0,0,1,0,0,0,0,0,0,0,0,0,0,0,0,0,0,0,0,0,0,0,1,0,0,0,0,0.8296729075500344,0.12408009626051136,0.890915741234015,0.8117449009293668,0.5602683401276616,0.0036455629509730136,0,0,0.0,0.09210526315789473,14.0,0.0,0.0,0.0,0.0,0.0,25.6,985.9,1.5,4.2,49,0.0,600
2024-06-18 09:20:00,17,0.1118421052631579,0.0,0.0,0,0,0.0,17,0,0.312387096646585,366.560,0.0,0.1118421052631579,1,149,3.0,0,0,1,0,0,1,0,0,0,0,0,0,0,0,0,0,0,0,0,0,0,0,0,0,0,1,0,0,0,0,0.8213938048432697,0.11697777844051105,0.890915741234015,0.8117449009293668,0.5602683401276616,0.0036455629509730136,0,0,0.0,0.09210526315789473,14.0,0.0,0.0,0.0,0.0,0.0,26.0,985.8,0.8,3.3,52,0.0,600
2024-06-18 09:25:00,17,0.1118421052631579,0.0,0.0,0,0,0.0,17,0,0.312387096646585,366.560,0.0,0.1118421052631579,1,149,3.0,0,0,1,0,0,1,0,0,0,0,0,0,0,0,0,0,0,0,0,0,0,0,0,0,0,1,0,0,0,0,0.8129617360920296,0.1100577584535592,0.890915741234015,0.8117449009293668,0.5602683401276616,0.0036455629509730136,0,0,0.0,0.09210526315789473,14.0,0.0,0.0,0.0,0.0,0.0,26.0,985.8,0.8,3.3,52,0.0,600
2024-06-18 09:30:00,17,0.1118421052631579,0.0,0.0,0,0,0.0,17,0,0.312387096646585,366.560,0.0,0.1118421052631579,1,149,3.0,0,0,1,0,0,1,0,0,0,0,0,0,0,0,0,0,0,0,0,0,0,0,0,0,0,1,0,0,0,0,0.8043807145043604,0.10332332985438247,0.890915741234015,0.8117449009293668,0.5602683401276616,0.0036455629509730136,0,0,0.0,0.09210526315789473,14.0,0.0,0.0,0.0,0.0,0.0,26.6,985.6,1.2,4.7,51,0.0,600
2024-06-18 09:35:00,16,0.10526315789473684,-1.0,-0.006578947368421059,0,0,0.0,17,0,0.312387096646585,366.560,0.0,0.1118421052631579,1,149,3.0,0,0,1,0,0,1,0,0,0,0,0,0,0,0,0,0,0,0,0,0,0,0,0,0,0,1,0,0,0,0,0.7956548241817911,0.09677769786625867,0.890915741234015,0.8117449009293668,0.5602683401276616,0.0036455629509730136,0,0,2.0,0.09210526315789473,14.0,0.013157894736842105,0.0,2.0,0.0,0.013157894736842105,26.6,985.6,1.2,4.7,51,0.0,600
2024-06-18 09:40:00,1,0.006578947368421052,-15.0,-0.09868421052631579,0,0,0.0,17,0,0.312387096646585,366.560,0.0,0.1118421052631579,1,149,3.0,0,0,1,0,0,1,0,0,0,0,0,0,0,0,0,0,0,0,0,0,0,0,0,0,0,1,0,0,0,0,0.7867882181755232,0.09042397785550421,0.890915741234015,0.8117449009293668,0.5602683401276616,0.0036455629509730136,0,0,3.0,0.09210526315789473,14.0,0.019736842105263157,0.0,1.0,0.0,0.006578947368421052,26.4,985.6,1.4,3.9,48,0.0,600
2024-06-18 09:45:00,0,0.0,-1.0,-0.006578947368421052,0,0,0.0,17,0,0.312387096646585,366.560,0.0,0.1118421052631579,1,149,3.0,0,0,1,0,0,1,0,0,0,0,0,0,0,0,0,0,0,0,0,0,0,0,0,0,0,1,0,0,0,0,0.7777851165098011,0.08426519384872733,0.890915741234015,0.8117449009293668,0.5602683401276616,0.0036455629509730136,0,0,3.0,0.09210526315789473,14.0,0.019736842105263157,0.0,0.0,0.0,0.0,26.4,985.6,1.4,3.9,48,0.0,600
2024-06-18 09:50:00,0,0.0,0.0,0.0,0,0,0.0,17,0,0.312387096646585,366.560,0.0,0.1118421052631579,1,149,3.0,0,0,1,0,0,1,0,0,0,0,0,0,0,0,0,0,0,0,0,0,0,0,0,0,0,1,0,0,0,0,0.7686498041734119,0.07830427709355714,0.890915741234015,0.8117449009293668,0.5602683401276616,0.0036455629509730136,0,0,3.0,0.09210526315789473,14.0,0.019736842105263157,0.0,0.0,0.0,0.0,27.1,985.6,1.1,3.2,46,0.0,600
2024-06-18 09:55:00,0,0.0,0.0,0.0,0,0,0.0,17,0,0.312387096646585,366.560,0.0,0.1118421052631579,1,149,3.0,0,0,1,0,0,1,0,0,0,0,0,0,0,0,0,0,0,0,0,0,0,0,0,0,0,1,0,0,0,0,0.7593866290802609,0.07254406466352681,0.890915741234015,0.8117449009293668,0.5602683401276616,0.0036455629509730136,0,0,7.0,0.09210526315789473,14.0,0.046052631578947366,0.0,4.0,0.0,0.02631578947368421,27.1,985.6,1.1,3.2,46,0.0,600
2024-06-18 10:00:00,2,0.013157894736842105,2.0,0.013157894736842105,0,0,0.0,17,0,0.312387096646585,366.560,0.0,0.1118421052631579,1,149,3.0,0,0,1,0,0,1,0,0,0,0,0,0,0,0,0,0,0,0,0,0,0,0,0,0,0,1,0,0,0,0,0.75,0.06698729810778065,0.890915741234015,0.8117449009293668,0.5602683401276616,0.0036455629509730136,0,0,11.0,0.02631578947368421,4.0,0.07236842105263158,-10.0,4.0,-0.06578947368421052,0.026315789473684216,26.9,985.5,1.5,4.3,48,0.0,600
2024-06-18 10:05:00,7,0.046052631578947366,5.0,0.03289473684210526,0,0,0.6666666666666666,0,0,0.0,,0.3333333333333333,0.0,0,0,0.0,0,0,0,0,0,0,0,0,0,0,0,0,0,0,0,0,0,0,0,0,0,0,0,0,0,0,0,0,0,0,0.7404943844596938,0.061636622146246156,0.890915741234015,0.8117449009293668,0.5602683401276616,0.0036455629509730136,0,0,17.0,0.03289473684210526,5.0,0.1118421052631579,1.0,6.0,0.006578947368421052,0.039473684210526314,26.9,985.5,1.5,4.3,48,0.0,600
2024-06-18 10:10:00,13,0.08552631578947369,6.0,0.03947368421052632,0,0,0.3333333333333333,0,0,0.0,,0.6666666666666666,0.0,0,0,0.0,0,0,0,0,0,0,0,0,0,0,0,0,0,0,0,0,0,0,0,0,0,0,0,0,0,0,0,0,0,0,0.730874306617517,0.05649458341088914,0.890915741234015,0.8117449009293668,0.5602683401276616,0.0036455629509730136,0,0,23.0,0.05263157894736842,8.0,0.1513157894736842,3.0,6.0,0.019736842105263157,0.039473684210526314,27.3,985.4,1.2,4.0,52,0.0,600
2024-06-18 10:15:00,16,0.10526315789473684,3.0,0.01973684210526315,0,0,0.0,17,0,0.2675320184544513,360.001,0.0,0.1118421052631579,1,121,4.5,0,0,1,0,0,0,0,0,0,0,0,0,0,0,1,0,0,0,0,0,0,0,0,0,0,1,0,0,0,0,0.7211443451095007,0.05156362923365587,0.890915741234015,0.8117449009293668,0.5602683401276616,0.0036455629509730136,0,0,29.0,0.05921052631578947,9.0,0.19078947368421054,1.0,6.0,0.006578947368421052,0.03947368421052633,27.3,985.4,1.2,4.0,52,0.0,600
2024-06-18 10:20:00,17,0.1118421052631579,1.0,0.006578947368421059,0,0,0.0,17,0,0.2675320184544513,360.001,0.0,0.1118421052631579,1,121,4.5,0,0,1,0,0,0,0,0,0,0,0,0,0,0,1,0,0,0,0,0,0,0,0,0,0,1,0,0,0,0,0.7113091308703497,0.04684610648167503,0.890915741234015,0.8117449009293668,0.5602683401276616,0.0036455629509730136,0,0,31.0,0.05921052631578947,9.0,0.20394736842105263,0.0,2.0,0.0,0.01315789473684209,27.0,985.3,2.0,4.3,51,0.0,600
2024-06-18 10:25:00,17,0.1118421052631579,0.0,0.0,0,0,0.0,17,0,0.2675320184544513,360.001,0.0,0.1118421052631579,1,121,4.5,0,0,1,0,0,0,0,0,0,0,0,0,0,0,1,0,0,0,0,0,0,0,0,0,0,1,0,0,0,0,0.7013733449293689,0.04234426044027656,0.890915741234015,0.8117449009293668,0.5602683401276616,0.0036455629509730136,0,0,26.0,0.05921052631578947,9.0,0.17105263157894737,0.0,-5.0,0.0,-0.032894736842105254,27.0,985.3,2.0,4.3,51,0.0,600
2024-06-18 10:30:00,17,0.1118421052631579,0.0,0.0,0,0,0.0,17,0,0.2675320184544513,360.001,0.0,0.1118421052631579,1,121,4.5,0,0,1,0,0,0,0,0,0,0,0,0,0,0,1,0,0,0,0,0,0,0,0,0,0,1,0,0,0,0,0.6913417161825449,0.03806023374435663,0.890915741234015,0.8117449009293668,0.5602683401276616,0.0036455629509730136,0,0,25.0,0.05921052631578947,9.0,0.16447368421052633,0.0,-1.0,0.0,-0.006578947368421045,27.0,985.3,1.3,3.6,49,0.0,600
2024-06-18 10:35:00,17,0.1118421052631579,0.0,0.0,0,0,0.0,17,0,0.2675320184544513,360.001,0.0,0.1118421052631579,1,121,4.5,0,0,1,0,0,0,0,0,0,0,0,0,0,0,1,0,0,0,0,0,0,0,0,0,0,1,0,0,0,0,0.6812190191418507,0.03399606535860067,0.890915741234015,0.8117449009293668,0.5602683401276616,0.0036455629509730136,0,0,25.0,0.06578947368421052,10.0,0.16447368421052633,1.0,0.0,0.006578947368421052,0.0,27.0,985.3,1.3,3.6,49,0.0,600
2024-06-18 10:40:00,17,0.1118421052631579,0.0,0.0,0,0,0.0,17,0,0.2675320184544513,360.001,0.0,0.1118421052631579,1,121,4.5,0,0,1,0,0,0,0,0,0,0,0,0,0,0,1,0,0,0,0,0,0,0,0,0,0,1,0,0,0,0,0.6710100716628344,0.03015368960704584,0.890915741234015,0.8117449009293668,0.5602683401276616,0.0036455629509730136,0,0,25.0,0.06578947368421052,10.0,0.16447368421052633,0.0,0.0,0.0,0.0,27.4,985.2,2.0,4.3,50,0.0,600
2024-06-18 10:45:00,17,0.1118421052631579,0.0,0.0,0,0,0.0,17,0,0.2675320184544513,360.001,0.0,0.1118421052631579,1,121,4.5,0,0,1,0,0,0,0,0,0,0,0,0,0,0,1,0,0,0,0,0,0,0,0,0,0,1,0,0,0,0,0.6607197326515809,0.02653493525244721,0.890915741234015,0.8117449009293668,0.5602683401276616,0.0036455629509730136,0,0,24.0,0.06578947368421052,10.0,0.15789473684210525,0.0,-1.0,0.0,-0.006578947368421073,27.4,985.2,2.0,4.3,50,0.0,600
2024-06-18 10:50:00,17,0.1118421052631579,0.0,0.0,0,0,0.0,17,0,0.2675320184544513,360.001,0.0,0.1118421052631579,1,121,4.5,0,0,1,0,0,0,0,0,0,0,0,0,0,0,1,0,0,0,0,0,0,0,0,0,0,1,0,0,0,0,0.6503528997521366,0.02314152462588659,0.890915741234015,0.8117449009293668,0.5602683401276616,0.0036455629509730136,0,0,23.0,0.06578947368421052,10.0,0.1513157894736842,0.0,-1.0,0.0,-0.006578947368421045,27.7,985.1,2.3,4.9,47,0.0,600
2024-06-18 10:55:00,16,0.10526315789473684,-1.0,-0.006578947368421059,0,0,0.0,17,0,0.2675320184544513,360.001,0.0,0.1118421052631579,1,121,4.5,0,0,1,0,0,0,0,0,0,0,0,0,0,0,1,0,0,0,0,0,0,0,0,0,0,1,0,0,0,0,0.6399145070154961,0.0199750728070357,0.890915741234015,0.8117449009293668,0.5602683401276616,0.0036455629509730136,0,0,23.0,0.06578947368421052,10.0,0.1513157894736842,0.0,0.0,0.0,0.0,27.7,985.1,2.3,4.9,47,0.0,600
2024-06-18 11:00:00,13,0.08552631578947369,-3.0,-0.01973684210526315,0,0,0.0,17,0,0.2675320184544513,360.001,0.0,0.1118421052631579,1,121,4.5,0,0,1,0,0,0,0,0,0,0,0,0,0,0,1,0,0,0,0,0,0,0,0,0,0,1,0,0,0,0,0.6294095225512605,0.0170370868554659,0.890915741234015,0.8117449009293668,0.5602683401276616,0.0036455629509730136,0,0,22.0,0.07236842105263158,11.0,0.14473684210526316,1.0,-1.0,0.006578947368421059,-0.006578947368421045,28.4,985.1,1.6,4.3,45,0.0,600
2024-06-18 11:05:00,13,0.08552631578947369,0.0,0.0,0,0,0.0,17,0,0.2675320184544513,360.001,0.0,0.1118421052631579,1,121,4.5,0,0,1,0,0,0,0,0,0,0,0,0,0,0,1,0,0,0,0,0,0,0,0,0,0,1,0,0,0,0,0.6188429461630864,0.014328965093369284,0.890915741234015,0.8117449009293668,0.5602683401276616,0.0036455629509730136,0,0,22.0,0.07236842105263158,11.0,0.14473684210526316,0.0,0.0,0.0,0.0,28.4,985.1,1.6,4.3,45,0.0,600
2024-06-18 11:10:00,13,0.08552631578947369,0.0,0.0,0,0,0.0,17,0,0.2675320184544513,360.001,0.0,0.1118421052631579,1,121,4.5,0,0,1,0,0,0,0,0,0,0,0,0,0,0,1,0,0,0,0,0,0,0,0,0,0,1,0,0,0,0,0.6082198069690516,0.011851996440033374,0.890915741234015,0.8117449009293668,0.5602683401276616,0.0036455629509730136,0,0,19.0,0.07236842105263158,11.0,0.125,0.0,-3.0,0.0,-0.019736842105263164,28.4,984.8,2.1,4.1,50,0.0,600
2024-06-18 11:15:00,13,0.08552631578947369,0.0,0.0,0,0,0.0,17,0,0.2675320184544513,360.001,0.0,0.1118421052631579,1,121,4.5,0,0,1,0,0,0,0,0,0,0,0,0,0,0,1,0,0,0,0,0,0,0,0,0,0,1,0,0,0,0,0.5975451610080643,0.009607359798384785,0.890915741234015,0.8117449009293668,0.5602683401276616,0.0036455629509730136,0,0,11.0,0.07236842105263158,11.0,0.07236842105263158,0.0,-8.0,0.0,-0.05263157894736842,28.4,984.8,2.1,4.1,50,0.0,600
2024-06-18 11:20:00,13,0.08552631578947369,0.0,0.0,0,0,0.0,17,0,0.2675320184544513,360.001,0.0,0.1118421052631579,1,121,4.5,0,0,1,0,0,0,0,0,0,0,0,0,0,0,1,0,0,0,0,0,0,0,0,0,0,1,0,0,0,0,0.5868240888334652,0.00759612349389599,0.890915741234015,0.8117449009293668,0.5602683401276616,0.0036455629509730136,0,0,3.0,0.07236842105263158,11.0,0.019736842105263157,0.0,-8.0,0.0,-0.052631578947368425,28.5,984.8,2.3,4.4,40,0.0,600
2024-06-18 11:25:00,13,0.08552631578947369,0.0,0.0,0,0,0.0,17,0,0.2675320184544513,360.001,0.0,0.1118421052631579,1,121,4.5,0,0,1,0,0,0,0,0,0,0,0,0,0,0,1,0,0,0,0,0,0,0,0,0,0,1,0,0,0,0,0.5760616930949586,0.005819244766119669,0.890915741234015,0.8117449009293668,0.5602683401276616,0.0036455629509730136,0,0,2.0,0.07236842105263158,11.0,0.013157894736842105,0.0,-1.0,0.0,-0.006578947368421052,28.5,984.8,2.3,4.4,40,0.0,600
2024-06-18 11:30:00,12,0.07894736842105263,-1.0,-0.006578947368421059,0,0,0.0,17,0,0.2675320184544513,360.001,0.0,0.1118421052631579,1,121,4.5,0,0,1,0,0,0,0,0,0,0,0,0,0,0,1,0,0,0,0,0,0,0,0,0,0,1,0,0,0,0,0.5652630961100258,0.004277569313094809,0.890915741234015,0.8117449009293668,0.5602683401276616,0.0036455629509730136,0,0,0.0,0.07236842105263158,11.0,0.0,0.0,-2.0,0.0,-0.013157894736842105,28.9,984.7,1.8,4.6,41,0.0,600
2024-06-18 11:35:00,12,0.07894736842105263,0.0,0.0,0,0,0.0,17,0,0.2675320184544513,360.001,0.0,0.1118421052631579,1,121,4.5,0,0,1,0,0,0,0,0,0,0,0,0,0,0,1,0,0,0,0,0,0,0,0,0,0,1,0,0,0,0,0.5544334374259823,0.0029718308888401768,0.890915741234015,0.8117449009293668,0.5602683401276616,0.0036455629509730136,0,0,2.0,0.07236842105263158,11.0,0.013157894736842105,0.0,2.0,0.0,0.013157894736842105,28.9,984.7,1.8,4.6,41,0.0,600
2024-06-18 11:40:00,5,0.03289473684210526,-7.0,-0.046052631578947366,0,0,0.0,17,0,0.2675320184544513,360.001,0.0,0.1118421052631579,1,121,4.5,0,0,1,0,0,0,0,0,0,0,0,0,0,0,1,0,0,0,0,0,0,0,0,0,0,1,0,0,0,0,0.5435778713738291,0.0019026509541272274,0.890915741234015,0.8117449009293668,0.5602683401276616,0.0036455629509730136,0,0,3.0,0.07894736842105263,12.0,0.019736842105263157,1.0,1.0,0.006578947368421045,0.006578947368421052,29.2,984.5,1.5,4.9,40,0.0,600
2024-06-18 11:45:00,4,0.02631578947368421,-1.0,-0.006578947368421052,0,0,0.0,17,0,0.2675320184544513,360.001,0.0,0.1118421052631579,1,121,4.5,0,0,1,0,0,0,0,0,0,0,0,0,0,0,1,0,0,0,0,0,0,0,0,0,0,1,0,0,0,0,0.5327015646150716,0.0010705383806982605,0.890915741234015,0.8117449009293668,0.5602683401276616,0.0036455629509730136,0,0,4.0,0.05263157894736842,8.0,0.02631578947368421,-4.0,1.0,-0.02631578947368421,0.006578947368421052,29.2,984.5,1.5,4.9,40,0.0,600
2024-06-18 11:50:00,4,0.02631578947368421,0.0,0.0,0,0,0.6666666666666666,0,0,0.0,,0.3333333333333333,0.0,0,0,0.0,0,0,0,0,0,0,0,0,0,0,0,0,0,0,0,0,0,0,0,0,0,0,0,0,0,0,0,0,0,0,0.521809693682668,0.0004758892090711009,0.890915741234015,0.8117449009293668,0.5602683401276616,0.0036455629509730136,0,0,5.0,0.07894736842105263,12.0,0.03289473684210526,4.0,1.0,0.02631578947368421,0.006578947368421052,29.1,984.4,2.1,5.2,34,0.0,600
2024-06-18 11:55:00,3,0.019736842105263157,-1.0,-0.006578947368421052,0,0,0.3333333333333333,0,0,0.0,,0.6666666666666666,0.0,0,0,0.0,0,0,0,0,0,0,0,0,0,0,0,0,0,0,0,0,0,0,0,0,0,0,0,0,0,0,0,0,0,0,0.5109074425172808,0.00011898646004543378,0.890915741234015,0.8117449009293668,0.5602683401276616,0.0036455629509730136,0,0,6.0,0.1118421052631579,17.0,0.039473684210526314,5.0,1.0,0.03289473684210527,0.006578947368421052,29.1,984.4,2.1,5.2,34,0.0,600
2024-06-18 12:00:00,3,0.019736842105263157,0.0,0.0,0,0,0.0,16,0,0.335149472677394,382.037,0.0,0.10526315789473684,1,139,6.0,0,0,1,0,0,0,0,0,0,0,0,0,0,0,0,0,0,0,0,0,0,0,1,1,0,0,0,0,0,0,0.5000000000000001,0.0,0.890915741234015,0.8117449009293668,0.5602683401276616,0.0036455629509730136,0,0,8.0,0.1118421052631579,17.0,0.05263157894736842,0.0,2.0,0.0,0.013157894736842105,29.2,984.3,1.8,5.1,32,0.0,600
2024-06-18 12:05:00,3,0.019736842105263157,0.0,0.0,0,0,0.0,16,0,0.335149472677394,382.037,0.0,0.10526315789473684,1,139,6.0,0,0,1,0,0,0,0,0,0,0,0,0,0,0,0,0,0,0,0,0,0,0,1,1,0,0,0,0,0,0,0.4890925574827195,0.00011898646004543378,0.890915741234015,0.8117449009293668,0.5602683401276616,0.0036455629509730136,0,0,8.0,0.1118421052631579,17.0,0.05263157894736842,0.0,0.0,0.0,0.0,29.2,984.3,1.8,5.1,32,0.0,600
2024-06-18 12:10:00,3,0.019736842105263157,0.0,0.0,0,0,0.0,16,0,0.335149472677394,382.037,0.0,0.10526315789473684,1,139,6.0,0,0,1,0,0,0,0,0,0,0,0,0,0,0,0,0,0,0,0,0,0,0,1,1,0,0,0,0,0,0,0.47819030631733206,0.0004758892090711009,0.890915741234015,0.8117449009293668,0.5602683401276616,0.0036455629509730136,0,0,7.0,0.1118421052631579,17.0,0.046052631578947366,0.0,-1.0,0.0,-0.006578947368421052,29.6,984.2,1.8,5.7,38,0.0,600
2024-06-18 12:15:00,3,0.019736842105263157,0.0,0.0,0,0,0.0,16,0,0.335149472677394,382.037,0.0,0.10526315789473684,1,139,6.0,0,0,1,0,0,0,0,0,0,0,0,0,0,0,0,0,0,0,0,0,0,0,1,1,0,0,0,0,0,0,0.46729843538492855,0.0010705383806982605,0.890915741234015,0.8117449009293668,0.5602683401276616,0.0036455629509730136,0,0,7.0,0.1118421052631579,17.0,0.046052631578947366,0.0,0.0,0.0,0.0,29.6,984.2,1.8,5.7,38,0.0,600
2024-06-18 12:20:00,3,0.019736842105263157,0.0,0.0,0,0,0.0,16,0,0.335149472677394,382.037,0.0,0.10526315789473684,1,139,6.0,0,0,1,0,0,0,0,0,0,0,0,0,0,0,0,0,0,0,0,0,0,0,1,1,0,0,0,0,0,0,0.4564221286261708,0.0019026509541272274,0.890915741234015,0.8117449009293668,0.5602683401276616,0.0036455629509730136,0,0,7.0,0.11842105263157894,18.0,0.046052631578947366,1.0,0.0,0.006578947368421045,0.0,29.3,984.1,1.3,4.3,35,0.0,600
2024-06-18 12:25:00,4,0.02631578947368421,1.0,0.006578947368421052,0,0,0.0,16,0,0.335149472677394,382.037,0.0,0.10526315789473684,1,139,6.0,0,0,1,0,0,0,0,0,0,0,0,0,0,0,0,0,0,0,0,0,0,0,1,1,0,0,0,0,0,0,0.44556656257401805,0.0029718308888401768,0.890915741234015,0.8117449009293668,0.5602683401276616,0.0036455629509730136,0,0,7.0,0.11842105263157894,18.0,0.046052631578947366,0.0,0.0,0.0,0.0,29.3,984.1,1.3,4.3,35,0.0,600
2024-06-18 12:30:00,4,0.02631578947368421,0.0,0.0,0,0,0.0,16,0,0.335149472677394,382.037,0.0,0.10526315789473684,1,139,6.0,0,0,1,0,0,0,0,0,0,0,0,0,0,0,0,0,0,0,0,0,0,0,1,1,0,0,0,0,0,0,0.4347369038899741,0.004277569313094809,0.890915741234015,0.8117449009293668,0.5602683401276616,0.0036455629509730136,0,0,7.0,0.10526315789473684,16.0,0.046052631578947366,-2.0,0.0,-0.013157894736842105,0.0,29.6,984.0,1.1,5.2,36,0.0,600
2024-06-18 12:35:00,4,0.02631578947368421,0.0,0.0,0,0,0.0,16,0,0.335149472677394,382.037,0.0,0.10526315789473684,1,139,6.0,0,0,1,0,0,0,0,0,0,0,0,0,0,0,0,0,0,0,0,0,0,0,1,1,0,0,0,0,0,0,0.4239383069050416,0.005819244766119669,0.890915741234015,0.8117449009293668,0.5602683401276616,0.0036455629509730136,0,0,7.0,0.1118421052631579,17.0,0.046052631578947366,1.0,0.0,0.006578947368421059,0.0,29.6,984.0,1.1,5.2,36,0.0,600
2024-06-18 12:40:00,4,0.02631578947368421,0.0,0.0,0,0,0.0,16,0,0.335149472677394,382.037,0.0,0.10526315789473684,1,139,6.0,0,0,1,0,0,0,0,0,0,0,0,0,0,0,0,0,0,0,0,0,0,0,1,1,0,0,0,0,0,0,0.41317591116653474,0.00759612349389599,0.890915741234015,0.8117449009293668,0.5602683401276616,0.0036455629509730136,0,0,7.0,0.1118421052631579,17.0,0.046052631578947366,0.0,0.0,0.0,0.0,30.0,983.7,2.7,5.0,37,0.0,600
2024-06-18 12:45:00,4,0.02631578947368421,0.0,0.0,0,0,0.0,16,0,0.335149472677394,382.037,0.0,0.10526315789473684,1,139,6.0,0,0,1,0,0,0,0,0,0,0,0,0,0,0,0,0,0,0,0,0,0,0,1,1,0,0,0,0,0,0,0.4024548389919358,0.009607359798384785,0.890915741234015,0.8117449009293668,0.5602683401276616,0.0036455629509730136,0,0,7.0,0.1118421052631579,17.0,0.046052631578947366,0.0,0.0,0.0,0.0,30.0,983.7,2.7,5.0,37,0.0,600
2024-06-18 12:50:00,4,0.02631578947368421,0.0,0.0,0,0,0.0,16,0,0.335149472677394,382.037,0.0,0.10526315789473684,1,139,6.0,0,0,1,0,0,0,0,0,0,0,0,0,0,0,0,0,0,0,0,0,0,0,1,1,0,0,0,0,0,0,0.39178019303094874,0.011851996440033263,0.890915741234015,0.8117449009293668,0.5602683401276616,0.0036455629509730136,0,0,7.0,0.1118421052631579,17.0,0.046052631578947366,0.0,0.0,0.0,0.0,30.0,983.6,1.9,6.2,31,0.0,600
2024-06-18 12:55:00,4,0.02631578947368421,0.0,0.0,0,0,0.0,16,0,0.335149472677394,382.037,0.0,0.10526315789473684,1,139,6.0,0,0,1,0,0,0,0,0,0,0,0,0,0,0,0,0,0,0,0,0,0,0,1,1,0,0,0,0,0,0,0.3811570538369137,0.014328965093369228,0.890915741234015,0.8117449009293668,0.5602683401276616,0.0036455629509730136,0,0,7.0,0.1118421052631579,17.0,0.046052631578947366,0.0,0.0,0.0,0.0,30.0,983.6,1.9,6.2,31,0.0,600
2024-06-18 13:00:00,5,0.03289473684210526,1.0,0.006578947368421052,0,0,0.0,16,0,0.335149472677394,382.037,0.0,0.10526315789473684,1,139,6.0,0,0,1,0,0,0,0,0,0,0,0,0,0,0,0,0,0,0,0,0,0,0,1,1,0,0,0,0,0,0,0.37059047744873985,0.01703708685546579,0.890915741234015,0.8117449009293668,0.5602683401276616,0.0036455629509730136,0,0,7.0,0.1118421052631579,17.0,0.046052631578947366,0.0,0.0,0.0,0.0,30.1,983.4,1.7,6.5,30,0.0,600
2024-06-18 13:05:00,5,0.03289473684210526,0.0,0.0,0,0,0.0,16,0,0.335149472677394,382.037,0.0,0.10526315789473684,1,139,6.0,0,0,1,0,0,0,0,0,0,0,0,0,0,0,0,0,0,0,0,0,0,0,1,1,0,0,0,0,0,0,0.36008549298450376,0.0199750728070357,0.890915741234015,0.8117449009293668,0.5602683401276616,0.0036455629509730136,0,0,7.0,0.1118421052631579,17.0,0.046052631578947366,0.0,0.0,0.0,0.0,30.1,983.4,1.7,6.5,30,0.0,600
2024-06-18 13:10:00,5,0.03289473684210526,0.0,0.0,0,0,0.0,16,0,0.335149472677394,382.037,0.0,0.10526315789473684,1,139,6.0,0,0,1,0,0,0,0,0,0,0,0,0,0,0,0,0,0,0,0,0,0,0,1,1,0,0,0,0,0,0,0.34964710024786366,0.023141524625886478,0.890915741234015,0.8117449009293668,0.5602683401276616,0.0036455629509730136,0,0,7.0,0.1118421052631579,17.0,0.046052631578947366,0.0,0.0,0.0,0.0,30.5,983.4,1.8,5.8,29,0.0,600
2024-06-18 13:15:00,5,0.03289473684210526,0.0,0.0,0,0,0.0,16,0,0.335149472677394,382.037,0.0,0.10526315789473684,1,139,6.0,0,0,1,0,0,0,0,0,0,0,0,0,0,0,0,0,0,0,0,0,0,0,1,1,0,0,0,0,0,0,0.3392802673484192,0.026534935252447156,0.890915741234015,0.8117449009293668,0.5602683401276616,0.0036455629509730136,0,0,8.0,0.1118421052631579,17.0,0.05263157894736842,0.0,1.0,0.0,0.006578947368421052,30.5,983.4,1.8,5.8,29,0.0,600
2024-06-18 13:20:00,5,0.03289473684210526,0.0,0.0,0,0,0.0,16,0,0.335149472677394,382.037,0.0,0.10526315789473684,1,139,6.0,0,0,1,0,0,0,0,0,0,0,0,0,0,0,0,0,0,0,0,0,0,0,1,1,0,0,0,0,0,0,0.32898992833716567,0.030153689607045786,0.890915741234015,0.8117449009293668,0.5602683401276616,0.0036455629509730136,0,0,8.0,0.1118421052631579,17.0,0.05263157894736842,0.0,0.0,0.0,0.0,30.6,983.3,1.5,4.5,29,0.0,600
2024-06-18 13:25:00,5,0.03289473684210526,0.0,0.0,0,0,0.0,16,0,0.335149472677394,382.037,0.0,0.10526315789473684,1,139,6.0,0,0,1,0,0,0,0,0,0,0,0,0,0,0,0,0,0,0,0,0,0,0,1,1,0,0,0,0,0,0,0.3187809808581492,0.033996065358600724,0.890915741234015,0.8117449009293668,0.5602683401276616,0.0036455629509730136,0,0,8.0,0.09868421052631579,15.0,0.05263157894736842,-2.0,0.0,-0.013157894736842105,0.0,30.6,983.3,1.5,4.5,29,0.0,600
2024-06-18 13:30:00,6,0.039473684210526314,1.0,0.006578947368421052,0,0,0.0,16,0,0.335149472677394,382.037,0.0,0.10526315789473684,1,139,6.0,0,0,1,0,0,0,0,0,0,0,0,0,0,0,0,0,0,0,0,0,0,0,1,1,0,0,0,0,0,0,0.3086582838174552,0.038060233744356575,0.890915741234015,0.8117449009293668,0.5602683401276616,0.0036455629509730136,0,0,7.0,0.09210526315789473,14.0,0.046052631578947366,-1.0,-1.0,-0.006578947368421059,-0.006578947368421052,31.0,983.2,2.4,5.0,28,0.0,600
2024-06-18 13:35:00,8,0.05263157894736842,2.0,0.013157894736842105,0,0,0.0,16,0,0.335149472677394,382.037,0.0,0.10526315789473684,1,139,6.0,0,0,1,0,0,0,0,0,0,0,0,0,0,0,0,0,0,0,0,0,0,0,1,1,0,0,0,0,0,0,0.29862665507063146,0.04234426044027639,0.890915741234015,0.8117449009293668,0.5602683401276616,0.0036455629509730136,0,0,0.0,0.1118421052631579,17.0,0.0,3.0,-7.0,0.019736842105263164,-0.046052631578947366,31.0,983.2,2.4,5.0,28,0.0,600
2024-06-18 13:40:00,12,0.07894736842105263,4.0,0.02631578947368421,0,0,0.0,16,0,0.335149472677394,382.037,0.0,0.10526315789473684,1,139,6.0,0,0,1,0,0,0,0,0,0,0,0,0,0,0,0,0,0,0,0,0,0,0,1,1,0,0,0,0,0,0,0.28869086912965036,0.046846106481674976,0.890915741234015,0.8117449009293668,0.5602683401276616,0.0036455629509730136,0,0,0.0,0.11842105263157894,18.0,0.0,1.0,0.0,0.006578947368421045,0.0,31.3,983.1,1.7,4.0,28,0.0,600
2024-06-18 13:45:00,14,0.09210526315789473,2.0,0.013157894736842105,0,0,0.0,16,0,0.335149472677394,382.037,0.0,0.10526315789473684,1,139,6.0,0,0,1,0,0,0,0,0,0,0,0,0,0,0,0,0,0,0,0,0,0,0,1,1,0,0,0,0,0,0,0.27885565489049946,0.05156362923365582,0.890915741234015,0.8117449009293668,0.5602683401276616,0.0036455629509730136,0,0,0.0,0.125,19.0,0.0,1.0,0.0,0.006578947368421059,0.0,31.3,983.1,1.7,4.0,28,0.0,600
2024-06-18 13:50:00,16,0.10526315789473684,2.0,0.013157894736842105,0,0,0.0,16,0,0.335149472677394,382.037,0.0,0.10526315789473684,1,139,6.0,0,0,1,0,0,0,0,0,0,0,0,0,0,0,0,0,0,0,0,0,0,0,1,1,0,0,0,0,0,0,0.26912569338248293,0.0564945834108892,0.890915741234015,0.8117449009293668,0.5602683401276616,0.0036455629509730136,0,0,0.0,0.13157894736842105,20.0,0.0,1.0,0.0,0.006578947368421045,0.0,31.2,983.1,1.2,3.9,27,0.0,600
2024-06-18 13:55:00,16,0.10526315789473684,0.0,0.0,0,0,0.0,16,0,0.335149472677394,382.037,0.0,0.10526315789473684,1,139,6.0,0,0,1,0,0,0,0,0,0,0,0,0,0,0,0,0,0,0,0,0,0,0,1,1,0,0,0,0,0,0,0.2595056155403065,0.06163662214624599,0.890915741234015,0.8117449009293668,0.5602683401276616,0.0036455629509730136,0,0,0.0,0.13157894736842105,20.0,0.0,0.0,0.0,0.0,0.0,31.2,983.1,1.2,3.9,27,0.0,600
2024-06-18 14:00:00,16,0.10526315789473684,0.0,0.0,0,0,0.0,16,0,0.335149472677394,382.037,0.0,0.10526315789473684,1,139,6.0,0,0,1,0,0,0,0,0,0,0,0,0,0,0,0,0,0,0,0,0,0,0,1,1,0,0,0,0,0,0,0.24999999999999994,0.0669872981077807,0.890915741234015,0.8117449009293668,0.5602683401276616,0.0036455629509730136,0,0,0.0,0.13157894736842105,20.0,0.0,0.0,0.0,0.0,0.0,31.5,983.0,1.4,4.7,27,0.0,600
2024-06-18 14:05:00,16,0.10526315789473684,0.0,0.0,0,0,0.0,16,0,0.335149472677394,382.037,0.0,0.10526315789473684,1,139,6.0,0,0,1,0,0,0,0,0,0,0,0,0,0,0,0,0,0,0,0,0,0,0,1,1,0,0,0,0,0,0,0.24061337091973922,0.07254406466352675,0.890915741234015,0.8117449009293668,0.5602683401276616,0.0036455629509730136,0,0,0.0,0.13157894736842105,20.0,0.0,0.0,0.0,0.0,0.0,31.5,983.0,1.4,4.7,27,0.0,600
2024-06-18 14:10:00,16,0.10526315789473684,0.0,0.0,0,0,0.0,16,0,0.335149472677394,382.037,0.0,0.10526315789473684,1,139,6.0,0,0,1,0,0,0,0,0,0,0,0,0,0,0,0,0,0,0,0,0,0,0,1,1,0,0,0,0,0,0,0.23135019582658806,0.0783042770935572,0.890915741234015,0.8117449009293668,0.5602683401276616,0.0036455629509730136,0,0,0.0,0.13157894736842105,20.0,0.0,0.0,0.0,0.0,0.0,31.4,982.7,1.7,4.7,26,0.0,600
2024-06-18 14:15:00,16,0.10526315789473684,0.0,0.0,0,0,0.0,16,0,0.335149472677394,382.037,0.0,0.10526315789473684,1,139,6.0,0,0,1,0,0,0,0,0,0,0,0,0,0,0,0,0,0,0,0,0,0,0,1,1,0,0,0,0,0,0,0.22221488349019902,0.08426519384872727,0.890915741234015,0.8117449009293668,0.5602683401276616,0.0036455629509730136,0,0,0.0,0.13157894736842105,20.0,0.0,0.0,0.0,0.0,0.0,31.4,982.7,1.7,4.7,26,0.0,600
2024-06-18 14:20:00,16,0.10526315789473684,0.0,0.0,0,0,0.0,16,0,0.335149472677394,382.037,0.0,0.10526315789473684,1,139,6.0,0,0,1,0,0,0,0,0,0,0,0,0,0,0,0,0,0,0,0,0,0,0,1,1,0,0,0,0,0,0,0.2132117818244771,0.09042397785550399,0.890915741234015,0.8117449009293668,0.5602683401276616,0.0036455629509730136,0,0,0.0,0.125,19.0,0.0,-1.0,0.0,-0.006578947368421045,0.0,31.4,982.6,1.9,5.9,28,0.0,600
2024-06-18 14:25:00,16,0.10526315789473684,0.0,0.0,0,0,0.0,16,0,0.335149472677394,382.037,0.0,0.10526315789473684,1,139,6.0,0,0,1,0,0,0,0,0,0,0,0,0,0,0,0,0,0,0,0,0,0,0,1,1,0,0,0,0,0,0,0.204345175818209,0.09677769786625862,0.890915741234015,0.8117449009293668,0.5602683401276616,0.0036455629509730136,0,0,0.0,0.13157894736842105,20.0,0.0,1.0,0.0,0.006578947368421045,0.0,31.4,982.6,1.9,5.9,28,0.0,600
2024-06-18 14:30:00,16,0.10526315789473684,0.0,0.0,0,0,0.0,16,0,0.335149472677394,382.037,0.0,0.10526315789473684,1,139,6.0,0,0,1,0,0,0,0,0,0,0,0,0,0,0,0,0,0,0,0,0,0,0,1,1,0,0,0,0,0,0,0.19561928549563984,0.1033233298543823,0.890915741234015,0.8117449009293668,0.5602683401276616,0.0036455629509730136,0,0,0.0,0.13157894736842105,20.0,0.0,0.0,0.0,0.0,0.0,31.4,982.4,2.0,4.8,29,0.0,600
2024-06-18 14:35:00,16,0.10526315789473684,0.0,0.0,0,0,0.0,16,0,0.335149472677394,382.037,0.0,0.10526315789473684,1,139,6.0,0,0,1,0,0,0,0,0,0,0,0,0,0,0,0,0,0,0,0,0,0,0,1,1,0,0,0,0,0,0,0.1870382639079703,0.11005775845355925,0.890915741234015,0.8117449009293668,0.5602683401276616,0.0036455629509730136,0,0,0.0,0.13157894736842105,20.0,0.0,0.0,0.0,0.0,0.0,31.4,982.4,2.0,4.8,29,0.0,600
2024-06-18 14:40:00,16,0.10526315789473684,0.0,0.0,0,0,0.0,16,0,0.335149472677394,382.037,0.0,0.10526315789473684,1,139,6.0,0,0,1,0,0,0,0,0,0,0,0,0,0,0,0,0,0,0,0,0,0,0,1,1,0,0,0,0,0,0,0.17860619515673054,0.11697777844051083,0.890915741234015,0.8117449009293668,0.5602683401276616,0.0036455629509730136,0,0,0.0,0.13157894736842105,20.0,0.0,0.0,0.0,0.0,0.0,31.5,982.3,1.5,4.4,26,0.0,600
2024-06-18 14:45:00,15,0.09868421052631579,-1.0,-0.006578947368421045,0,0,0.0,16,0,0.335149472677394,382.037,0.0,0.10526315789473684,1,139,6.0,0,0,1,0,0,0,0,0,0,0,0,0,0,0,0,0,0,0,0,0,0,0,1,1,0,0,0,0,0,0,0.17032709244996558,0.12408009626051125,0.890915741234015,0.8117449009293668,0.5602683401276616,0.0036455629509730136,0,0,0.0,0.13157894736842105,20.0,0.0,0.0,0.0,0.0,0.0,31.5,982.3,1.5,4.4,26,0.0,600
2024-06-18 14:50:00,15,0.09868421052631579,0.0,0.0,0,0,0.0,16,0,0.335149472677394,382.037,0.0,0.10526315789473684,1,139,6.0,0,0,1,0,0,0,0,0,0,0,0,0,0,0,0,0,0,0,0,0,0,0,1,1,0,0,0,0,0,0,0.16220489619216993,0.13136133159493796,0.890915741234015,0.8117449009293668,0.5602683401276616,0.0036455629509730136,0,0,0.0,0.13157894736842105,20.0,0.0,0.0,0.0,0.0,0.0,31.6,982.2,2.0,5.5,26,0.0,600
2024-06-18 14:55:00,15,0.09868421052631579,0.0,0.0,0,0,0.0,16,0,0.335149472677394,382.037,0.0,0.10526315789473684,1,139,6.0,0,0,1,0,0,0,0,0,0,0,0,0,0,0,0,0,0,0,0,0,0,0,1,1,0,0,0,0,0,0,0.15424347210886535,0.1388180189701222,0.890915741234015,0.8117449009293668,0.5602683401276616,0.0036455629509730136,0,0,0.0,0.13157894736842105,20.0,0.0,0.0,0.0,0.0,0.0,31.6,982.2,2.0,5.5,26,0.0,600
2024-06-18 15:00:00,15,0.09868421052631579,0.0,0.0,0,0,0.0,16,0,0.335149472677394,382.037,0.0,0.10526315789473684,1,139,6.0,0,0,1,0,0,0,0,0,0,0,0,0,0,0,0,0,0,0,0,0,0,0,1,1,0,0,0,0,0,0,0.14644660940672627,0.14644660940672616,0.890915741234015,0.8117449009293668,0.5602683401276616,0.0036455629509730136,0,0,0.0,0.13157894736842105,20.0,0.0,0.0,0.0,0.0,0.0,31.7,982.1,1.6,4.6,26,0.0,600
2024-06-18 15:05:00,15,0.09868421052631579,0.0,0.0,0,0,0.0,16,0,0.335149472677394,382.037,0.0,0.10526315789473684,1,139,6.0,0,0,1,0,0,0,0,0,0,0,0,0,0,0,0,0,0,0,0,0,0,0,1,1,0,0,0,0,0,0,0.13881801897012225,0.15424347210886524,0.890915741234015,0.8117449009293668,0.5602683401276616,0.0036455629509730136,0,0,0.0,0.125,19.0,0.0,-1.0,0.0,-0.006578947368421045,0.0,31.7,982.1,1.6,4.6,26,0.0,600
2024-06-18 15:10:00,15,0.09868421052631579,0.0,0.0,0,0,0.0,16,0,0.335149472677394,382.037,0.0,0.10526315789473684,1,139,6.0,0,0,1,0,0,0,0,0,0,0,0,0,0,0,0,0,0,0,0,0,0,0,1,1,0,0,0,0,0,0,0.13136133159493807,0.16220489619216982,0.890915741234015,0.8117449009293668,0.5602683401276616,0.0036455629509730136,0,0,0.0,0.125,19.0,0.0,0.0,0.0,0.0,0.0,31.3,982.1,3.0,7.0,28,0.0,600
2024-06-18 15:15:00,6,0.039473684210526314,-9.0,-0.05921052631578948,0,0,0.0,16,0,0.335149472677394,382.037,0.0,0.10526315789473684,1,139,6.0,0,0,1,0,0,0,0,0,0,0,0,0,0,0,0,0,0,0,0,0,0,0,1,1,0,0,0,0,0,0,0.12408009626051136,0.17032709244996547,0.890915741234015,0.8117449009293668,0.5602683401276616,0.0036455629509730136,0,0,0.0,0.08552631578947369,13.0,0.0,-6.0,0.0,-0.039473684210526314,0.0,31.3,982.1,3.0,7.0,28,0.0,600
2024-06-18 15:20:00,5,0.03289473684210526,-1.0,-0.006578947368421052,0,0,0.6666666666666666,0,0,0.0,,0.3333333333333333,0.0,0,0,0.0,0,0,0,0,0,0,0,0,0,0,0,0,0,0,0,0,0,0,0,0,0,0,0,0,0,0,0,0,0,0,0.11697777844051077,0.1786061951567306,0.890915741234015,0.8117449009293668,0.5602683401276616,0.0036455629509730136,0,0,0.0,0.07236842105263158,11.0,0.0,-2.0,0.0,-0.013157894736842105,0.0,31.4,982.0,2.1,4.9,26,0.0,600
2024-06-18 15:25:00,10,0.06578947368421052,5.0,0.03289473684210526,0,0,0.3333333333333333,0,0,0.0,,0.6666666666666666,0.0,0,0,0.0,0,0,0,0,0,0,0,0,0,0,0,0,0,0,0,0,0,0,0,0,0,0,0,0,0,0,0,0,0,0,0.1100577584535593,0.18703826390797018,0.890915741234015,0.8117449009293668,0.5602683401276616,0.0036455629509730136,0,0,0.0,0.08552631578947369,13.0,0.0,2.0,0.0,0.013157894736842105,0.0,31.4,982.0,2.1,4.9,26,0.0,600
2024-06-18 15:30:00,11,0.07236842105263158,1.0,0.006578947368421059,0,0,0.0,12,0,0.28537994309475545,229.054,0.0,0.07894736842105263,1,138,6.0,0,0,0,0,1,0,0,0,0,0,0,0,0,0,0,0,0,1,0,0,0,0,0,1,0,0,0,0,0,0,0.10332332985438253,0.19561928549563956,0.890915741234015,0.8117449009293668,0.5602683401276616,0.0036455629509730136,0,0,3.0,0.09868421052631579,15.0,0.019736842105263157,2.0,3.0,0.013157894736842105,0.019736842105263157,31.4,982.0,2.1,4.9,32,0.0,600
2024-06-18 15:35:00,12,0.07894736842105263,1.0,0.006578947368421045,0,0,0.0,12,0,0.28537994309475545,229.054,0.0,0.07894736842105263,1,138,6.0,0,0,0,0,1,0,0,0,0,0,0,0,0,0,0,0,0,1,0,0,0,0,0,1,0,0,0,0,0,0,0.09677769786625867,0.20434517581820888,0.890915741234015,0.8117449009293668,0.5602683401276616,0.0036455629509730136,0,0,0.0,0.10526315789473684,16.0,0.0,1.0,-3.0,0.006578947368421045,-0.019736842105263157,31.4,982.0,2.1,4.9,32,0.0,600
2024-06-18 15:40:00,12,0.07894736842105263,0.0,0.0,0,0,0.0,12,0,0.28537994309475545,229.054,0.0,0.07894736842105263,1,138,6.0,0,0,0,0,1,0,0,0,0,0,0,0,0,0,0,0,0,1,0,0,0,0,0,1,0,0,0,0,0,0,0.09042397785550421,0.2132117818244768,0.890915741234015,0.8117449009293668,0.5602683401276616,0.0036455629509730136,0,0,0.0,0.1118421052631579,17.0,0.0,1.0,0.0,0.006578947368421059,0.0,31.3,982.0,2.0,5.0,31,0.0,600
2024-06-18 15:45:00,12,0.07894736842105263,0.0,0.0,0,0,0.0,12,0,0.28537994309475545,229.054,0.0,0.07894736842105263,1,138,6.0,0,0,0,0,1,0,0,0,0,0,0,0,0,0,0,0,0,1,0,0,0,0,0,1,0,0,0,0,0,0,0.08426519384872738,0.2222148834901989,0.890915741234015,0.8117449009293668,0.5602683401276616,0.0036455629509730136,0,0,0.0,0.1118421052631579,17.0,0.0,0.0,0.0,0.0,0.0,31.3,982.0,2.0,5.0,31,0.0,600
2024-06-18 15:50:00,12,0.07894736842105263,0.0,0.0,0,0,0.0,12,0,0.28537994309475545,229.054,0.0,0.07894736842105263,1,138,6.0,0,0,0,0,1,0,0,0,0,0,0,0,0,0,0,0,0,1,0,0,0,0,0,1,0,0,0,0,0,0,0.07830427709355725,0.2313501958265879,0.890915741234015,0.8117449009293668,0.5602683401276616,0.0036455629509730136,0,0,0.0,0.1118421052631579,17.0,0.0,0.0,0.0,0.0,0.0,31.3,981.9,2.0,5.3,32,0.0,600
2024-06-18 15:55:00,12,0.07894736842105263,0.0,0.0,0,0,0.0,12,0,0.28537994309475545,229.054,0.0,0.07894736842105263,1,138,6.0,0,0,0,0,1,0,0,0,0,0,0,0,0,0,0,0,0,1,0,0,0,0,0,1,0,0,0,0,0,0,0.0725440646635267,0.24061337091973928,0.890915741234015,0.8117449009293668,0.5602683401276616,0.0036455629509730136,0,0,0.0,0.1118421052631579,17.0,0.0,0.0,0.0,0.0,0.0,31.3,981.9,2.0,5.3,32,0.0,600
2024-06-18 16:00:00,12,0.07894736842105263,0.0,0.0,0,0,0.0,12,0,0.28537994309475545,229.054,0.0,0.07894736842105263,1,138,6.0,0,0,0,0,1,0,0,0,0,0,0,0,0,0,0,0,0,1,0,0,0,0,0,1,0,0,0,0,0,0,0.06698729810778081,0.24999999999999978,0.890915741234015,0.8117449009293668,0.5602683401276616,0.0036455629509730136,0,0,0.0,0.1118421052631579,17.0,0.0,0.0,0.0,0.0,0.0,31.3,981.6,1.5,4.9,32,0.0,600
2024-06-18 16:05:00,12,0.07894736842105263,0.0,0.0,0,0,0.0,12,0,0.28537994309475545,229.054,0.0,0.07894736842105263,1,138,6.0,0,0,0,0,1,0,0,0,0,0,0,0,0,0,0,0,0,1,0,0,0,0,0,1,0,0,0,0,0,0,0.061636622146246156,0.25950561554030616,0.890915741234015,0.8117449009293668,0.5602683401276616,0.0036455629509730136,0,0,0.0,0.10526315789473684,16.0,0.0,-1.0,0.0,-0.006578947368421059,0.0,31.3,981.6,1.5,4.9,32,0.0,600
2024-06-18 16:10:00,12,0.07894736842105263,0.0,0.0,0,0,0.0,12,0,0.28537994309475545,229.054,0.0,0.07894736842105263,1,138,6.0,0,0,0,0,1,0,0,0,0,0,0,0,0,0,0,0,0,1,0,0,0,0,0,1,0,0,0,0,0,0,0.05649458341088909,0.2691256933824832,0.890915741234015,0.8117449009293668,0.5602683401276616,0.0036455629509730136,0,0,0.0,0.1118421052631579,17.0,0.0,1.0,0.0,0.006578947368421059,0.0,31.1,981.6,2.0,5.7,32,0.0,600
2024-06-18 16:15:00,12,0.07894736842105263,0.0,0.0,0,0,0.0,12,0,0.28537994309475545,229.054,0.0,0.07894736842105263,1,138,6.0,0,0,0,0,1,0,0,0,0,0,0,0,0,0,0,0,0,1,0,0,0,0,0,1,0,0,0,0,0,0,0.05156362923365587,0.27885565489049935,0.890915741234015,0.8117449009293668,0.5602683401276616,0.0036455629509730136,0,0,0.0,0.1118421052631579,17.0,0.0,0.0,0.0,0.0,0.0,31.1,981.6,2.0,5.7,32,0.0,600
2024-06-18 16:20:00,12,0.07894736842105263,0.0,0.0,0,0,0.0,12,0,0.28537994309475545,229.054,0.0,0.07894736842105263,1,138,6.0,0,0,0,0,1,0,0,0,0,0,0,0,0,0,0,0,0,1,0,0,0,0,0,1,0,0,0,0,0,0,0.04684610648167514,0.28869086912965003,0.890915741234015,0.8117449009293668,0.5602683401276616,0.0036455629509730136,0,0,0.0,0.1118421052631579,17.0,0.0,0.0,0.0,0.0,0.0,31.1,981.6,2.2,5.5,33,0.0,600
2024-06-18 16:25:00,12,0.07894736842105263,0.0,0.0,0,0,0.0,12,0,0.28537994309475545,229.054,0.0,0.07894736842105263,1,138,6.0,0,0,0,0,1,0,0,0,0,0,0,0,0,0,0,0,0,1,0,0,0,0,0,1,0,0,0,0,0,0,0.04234426044027645,0.29862665507063135,0.890915741234015,0.8117449009293668,0.5602683401276616,0.0036455629509730136,0,0,0.0,0.1118421052631579,17.0,0.0,0.0,0.0,0.0,0.0,31.1,981.6,2.2,5.5,33,0.0,600
2024-06-18 16:30:00,12,0.07894736842105263,0.0,0.0,0,0,0.0,12,0,0.28537994309475545,229.054,0.0,0.07894736842105263,1,138,6.0,0,0,0,0,1,0,0,0,0,0,0,0,0,0,0,0,0,1,0,0,0,0,0,1,0,0,0,0,0,0,0.03806023374435674,0.30865828381745486,0.890915741234015,0.8117449009293668,0.5602683401276616,0.0036455629509730136,0,0,0.0,0.1118421052631579,17.0,0.0,0.0,0.0,0.0,0.0,30.9,981.5,2.3,6.8,34,0.0,600
2024-06-18 16:35:00,12,0.07894736842105263,0.0,0.0,0,0,0.0,12,0,0.28537994309475545,229.054,0.0,0.07894736842105263,1,138,6.0,0,0,0,0,1,0,0,0,0,0,0,0,0,0,0,0,0,1,0,0,0,0,0,1,0,0,0,0,0,0,0.03399606535860078,0.3187809808581491,0.890915741234015,0.8117449009293668,0.5602683401276616,0.0036455629509730136,0,0,0.0,0.1118421052631579,17.0,0.0,0.0,0.0,0.0,0.0,30.9,981.5,2.3,6.8,34,0.0,600
2024-06-18 16:40:00,12,0.07894736842105263,0.0,0.0,0,0,0.0,12,0,0.28537994309475545,229.054,0.0,0.07894736842105263,1,138,6.0,0,0,0,0,1,0,0,0,0,0,0,0,0,0,0,0,0,1,0,0,0,0,0,1,0,0,0,0,0,0,0.030153689607045786,0.3289899283371657,0.890915741234015,0.8117449009293668,0.5602683401276616,0.0036455629509730136,0,0,0.0,0.1118421052631579,17.0,0.0,0.0,0.0,0.0,0.0,30.7,981.5,2.1,5.5,36,0.0,600
2024-06-18 16:45:00,12,0.07894736842105263,0.0,0.0,0,0,0.0,12,0,0.28537994309475545,229.054,0.0,0.07894736842105263,1,138,6.0,0,0,0,0,1,0,0,0,0,0,0,0,0,0,0,0,0,1,0,0,0,0,0,1,0,0,0,0,0,0,0.02653493525244721,0.3392802673484191,0.890915741234015,0.8117449009293668,0.5602683401276616,0.0036455629509730136,0,0,0.0,0.10526315789473684,16.0,0.0,-1.0,0.0,-0.006578947368421059,0.0,30.7,981.5,2.1,5.5,36,0.0,600
2024-06-18 16:50:00,12,0.07894736842105263,0.0,0.0,0,0,0.0,12,0,0.28537994309475545,229.054,0.0,0.07894736842105263,1,138,6.0,0,0,0,0,1,0,0,0,0,0,0,0,0,0,0,0,0,1,0,0,0,0,0,1,0,0,0,0,0,0,0.023141524625886645,0.3496471002478631,0.890915741234015,0.8117449009293668,0.5602683401276616,0.0036455629509730136,0,0,0.0,0.10526315789473684,16.0,0.0,0.0,0.0,0.0,0.0,30.5,981.5,2.3,6.2,39,0.0,600
2024-06-18 16:55:00,12,0.07894736842105263,0.0,0.0,0,0,0.0,12,0,0.28537994309475545,229.054,0.0,0.07894736842105263,1,138,6.0,0,0,0,0,1,0,0,0,0,0,0,0,0,0,0,0,0,1,0,0,0,0,0,1,0,0,0,0,0,0,0.0199750728070357,0.3600854929845038,0.890915741234015,0.8117449009293668,0.5602683401276616,0.0036455629509730136,0,0,0.0,0.10526315789473684,16.0,0.0,0.0,0.0,0.0,0.0,30.5,981.5,2.3,6.2,39,0.0,600
2024-06-18 17:00:00,10,0.06578947368421052,-2.0,-0.013157894736842105,0,0,0.0,12,0,0.28537994309475545,229.054,0.0,0.07894736842105263,1,138,6.0,0,0,0,0,1,0,0,0,0,0,0,0,0,0,0,0,0,1,0,0,0,0,0,1,0,0,0,0,0,0,0.017037086855465844,0.3705904774487397,0.890915741234015,0.8117449009293668,0.5602683401276616,0.0036455629509730136,0,0,0.0,0.10526315789473684,16.0,0.0,0.0,0.0,0.0,0.0,30.5,981.4,1.9,5.2,40,0.0,600
2024-06-18 17:05:00,8,0.05263157894736842,-2.0,-0.013157894736842105,0,0,0.0,12,0,0.28537994309475545,229.054,0.0,0.07894736842105263,1,138,6.0,0,0,0,0,1,0,0,0,0,0,0,0,0,0,0,0,0,1,0,0,0,0,0,1,0,0,0,0,0,0,0.014328965093369339,0.3811570538369133,0.890915741234015,0.8117449009293668,0.5602683401276616,0.0036455629509730136,0,0,0.0,0.10526315789473684,16.0,0.0,0.0,0.0,0.0,0.0,30.5,981.4,1.9,5.2,40,0.0,600
2024-06-18 17:10:00,8,0.05263157894736842,0.0,0.0,0,0,0.0,12,0,0.28537994309475545,229.054,0.0,0.07894736842105263,1,138,6.0,0,0,0,0,1,0,0,0,0,0,0,0,0,0,0,0,0,1,0,0,0,0,0,1,0,0,0,0,0,0,0.011851996440033319,0.3917801930309486,0.890915741234015,0.8117449009293668,0.5602683401276616,0.0036455629509730136,0,0,0.0,0.10526315789473684,16.0,0.0,0.0,0.0,0.0,0.0,30.4,981.3,2.0,4.9,41,0.0,600
2024-06-18 17:15:00,2,0.013157894736842105,-6.0,-0.039473684210526314,0,0,0.0,12,0,0.28537994309475545,229.054,0.0,0.07894736842105263,1,138,6.0,0,0,0,0,1,0,0,0,0,0,0,0,0,0,0,0,0,1,0,0,0,0,0,1,0,0,0,0,0,0,0.00960735979838484,0.4024548389919357,0.890915741234015,0.8117449009293668,0.5602683401276616,0.0036455629509730136,0,0,0.0,0.10526315789473684,16.0,0.0,0.0,0.0,0.0,0.0,30.4,981.3,2.0,4.9,41,0.0,600
2024-06-18 17:20:00,0,0.0,-2.0,-0.013157894736842105,0,0,0.0,12,0,0.28537994309475545,229.054,0.0,0.07894736842105263,1,138,6.0,0,0,0,0,1,0,0,0,0,0,0,0,0,0,0,0,0,1,0,0,0,0,0,1,0,0,0,0,0,0,0.00759612349389599,0.41317591116653485,0.890915741234015,0.8117449009293668,0.5602683401276616,0.0036455629509730136,0,0,0.0,0.10526315789473684,16.0,0.0,0.0,0.0,0.0,0.0,30.4,981.3,2.3,5.3,42,0.0,600
2024-06-18 17:25:00,0,0.0,0.0,0.0,0,0,0.0,12,0,0.28537994309475545,229.054,0.0,0.07894736842105263,1,138,6.0,0,0,0,0,1,0,0,0,0,0,0,0,0,0,0,0,0,1,0,0,0,0,0,1,0,0,0,0,0,0,0.005819244766119613,0.42393830690504186,0.890915741234015,0.8117449009293668,0.5602683401276616,0.0036455629509730136,0,0,0.0,0.10526315789473684,16.0,0.0,0.0,0.0,0.0,0.0,30.4,981.3,2.3,5.3,42,0.0,600
2024-06-18 17:30:00,0,0.0,0.0,0.0,0,0,0.0,12,0,0.28537994309475545,229.054,0.0,0.07894736842105263,1,138,6.0,0,0,0,0,1,0,0,0,0,0,0,0,0,0,0,0,0,1,0,0,0,0,0,1,0,0,0,0,0,0,0.004277569313094809,0.4347369038899742,0.890915741234015,0.8117449009293668,0.5602683401276616,0.0036455629509730136,0,0,0.0,0.09210526315789473,14.0,0.0,-2.0,0.0,-0.013157894736842105,0.0,30.3,981.3,0.9,3.3,43,0.0,600
2024-06-18 17:35:00,0,0.0,0.0,0.0,0,0,0.0,12,0,0.28537994309475545,229.054,0.0,0.07894736842105263,1,138,6.0,0,0,0,0,1,0,0,0,0,0,0,0,0,0,0,0,0,1,0,0,0,0,0,1,0,0,0,0,0,0,0.0029718308888402323,0.44556656257401744,0.890915741234015,0.8117449009293668,0.5602683401276616,0.0036455629509730136,0,0,0.0,0.0,0.0,0.0,-14.0,0.0,-0.09210526315789473,0.0,30.3,981.3,0.9,3.3,43,0.0,600
2024-06-18 17:40:00,0,0.0,0.0,0.0,0,0,0.0,12,0,0.28537994309475545,229.054,0.0,0.07894736842105263,1,138,6.0,0,0,0,0,1,0,0,0,0,0,0,0,0,0,0,0,0,1,0,0,0,0,0,1,0,0,0,0,0,0,0.0019026509541272274,0.4564221286261709,0.890915741234015,0.8117449009293668,0.5602683401276616,0.0036455629509730136,0,0,0.0,0.0,0.0,0.0,0.0,0.0,0.0,0.0,29.9,981.2,1.3,3.5,45,0.0,600
2024-06-18 17:45:00,0,0.0,0.0,0.0,0,0,0.0,12,0,0.28537994309475545,229.054,0.0,0.07894736842105263,1,138,6.0,0,0,0,0,1,0,0,0,0,0,0,0,0,0,0,0,0,1,0,0,0,0,0,1,0,0,0,0,0,0,0.0010705383806982605,0.46729843538492866,0.890915741234015,0.8117449009293668,0.5602683401276616,0.0036455629509730136,0,0,0.0,0.0,0.0,0.0,0.0,0.0,0.0,0.0,29.9,981.2,1.3,3.5,45,0.0,600
2024-06-18 17:50:00,0,0.0,0.0,0.0,0,0,0.0,12,0,0.28537994309475545,229.054,0.0,0.07894736842105263,1,138,6.0,0,0,0,0,1,0,0,0,0,0,0,0,0,0,0,0,0,1,0,0,0,0,0,1,0,0,0,0,0,0,0.0004758892090711564,0.4781903063173315,0.890915741234015,0.8117449009293668,0.5602683401276616,0.0036455629509730136,0,0,0.0,0.0,0.0,0.0,0.0,0.0,0.0,0.0,29.8,981.1,1.7,4.1,45,0.0,600
2024-06-18 17:55:00,0,0.0,0.0,0.0,0,0,0.0,12,0,0.28537994309475545,229.054,0.0,0.07894736842105263,1,138,6.0,0,0,0,0,1,0,0,0,0,0,0,0,0,0,0,0,0,1,0,0,0,0,0,1,0,0,0,0,0,0,0.00011898646004543378,0.48909255748271957,0.890915741234015,0.8117449009293668,0.5602683401276616,0.0036455629509730136,0,0,0.0,0.0,0.0,0.0,0.0,0.0,0.0,0.0,29.8,981.1,1.7,4.1,45,0.0,600
2024-06-18 18:00:00,0,0.0,0.0,0.0,0,0,0.0,12,0,0.28537994309475545,229.054,0.0,0.07894736842105263,1,138,6.0,0,0,0,0,1,0,0,0,0,0,0,0,0,0,0,0,0,1,0,0,0,0,0,1,0,0,0,0,0,0,0.0,0.4999999999999999,0.890915741234015,0.8117449009293668,0.5602683401276616,0.0036455629509730136,0,0,0.0,0.0,0.0,0.0,0.0,0.0,0.0,0.0,29.7,981.1,2.2,4.7,46,0.0,600
2024-06-18 18:05:00,0,0.0,0.0,0.0,0,0,0.6666666666666666,0,0,0.0,,0.0,0.0,0,0,0.0,0,0,0,0,0,0,0,0,0,0,0,0,0,0,0,0,0,0,0,0,0,0,0,0,0,0,0,0,0,0,0.00011898646004543378,0.5109074425172803,0.890915741234015,0.8117449009293668,0.5602683401276616,0.0036455629509730136,0,0,0.0,0.0,0.0,0.0,0.0,0.0,0.0,0.0,29.7,981.1,2.2,4.7,46,0.0,600
2024-06-18 18:10:00,0,0.0,0.0,0.0,0,0,0.3333333333333333,0,0,0.0,,0.0,0.0,0,0,0.0,0,0,0,0,0,0,0,0,0,0,0,0,0,0,0,0,0,0,0,0,0,0,0,0,0,0,0,0,0,0,0.0004758892090711564,0.5218096936826683,0.890915741234015,0.8117449009293668,0.5602683401276616,0.0036455629509730136,0,0,0.0,0.0,0.0,0.0,0.0,0.0,0.0,0.0,29.5,981.1,2.0,5.2,47,0.0,133
2024-06-18 18:15:00,0,0.0,0.0,0.0,0,0,0.0,0,0,0.0,,0.0,0.0,0,0,0.0,0,0,0,0,0,0,0,0,0,0,0,0,0,0,0,0,0,0,0,0,0,0,0,0,0,0,0,0,0,0,0.001070538380698205,0.5327015646150712,0.890915741234015,0.8117449009293668,0.5602683401276616,0.0036455629509730136,0,0,0.0,0.0,0.0,0.0,0.0,0.0,0.0,0.0,29.5,981.1,2.0,5.2,47,0.0,133
2024-06-18 18:20:00,0,0.0,0.0,0.0,0,0,0.0,0,0,0.0,,0.0,0.0,0,0,0.0,0,0,0,0,0,0,0,0,0,0,0,0,0,0,0,0,0,0,0,0,0,0,0,0,0,0,0,0,0,0,0.0019026509541272274,0.543577871373829,0.890915741234015,0.8117449009293668,0.5602683401276616,0.0036455629509730136,0,0,0.0,0.0,0.0,0.0,0.0,0.0,0.0,0.0,29.3,981.0,1.8,3.8,49,0.0,0
2024-06-18 18:25:00,0,0.0,0.0,0.0,0,0,0.0,0,0,0.0,,0.0,0.0,0,0,0.0,0,0,0,0,0,0,0,0,0,0,0,0,0,0,0,0,0,0,0,0,0,0,0,0,0,0,0,0,0,0,0.0029718308888401768,0.5544334374259824,0.890915741234015,0.8117449009293668,0.5602683401276616,0.0036455629509730136,0,0,0.0,0.0,0.0,0.0,0.0,0.0,0.0,0.0,29.3,981.0,1.8,3.8,49,0.0,0
2024-06-18 18:30:00,0,0.0,0.0,0.0,0,0,0.0,0,0,0.0,,0.0,0.0,0,0,0.0,0,0,0,0,0,0,0,0,0,0,0,0,0,0,0,0,0,0,0,0,0,0,0,0,0,0,0,0,0,0,0.004277569313094753,0.5652630961100257,0.890915741234015,0.8117449009293668,0.5602683401276616,0.0036455629509730136,0,0,0.0,0.0,0.0,0.0,0.0,0.0,0.0,0.0,29.2,981.0,1.6,3.6,50,0.0,0
2024-06-18 18:35:00,0,0.0,0.0,0.0,0,0,0.0,0,0,0.0,,0.0,0.0,0,0,0.0,0,0,0,0,0,0,0,0,0,0,0,0,0,0,0,0,0,0,0,0,0,0,0,0,0,0,0,0,0,0,0.005819244766119558,0.5760616930949579,0.890915741234015,0.8117449009293668,0.5602683401276616,0.0036455629509730136,0,0,0.0,0.0,0.0,0.0,0.0,0.0,0.0,0.0,29.2,981.0,1.6,3.6,50,0.0,0
2024-06-18 18:40:00,0,0.0,0.0,0.0,0,0,0.0,0,0,0.0,,0.0,0.0,0,0,0.0,0,0,0,0,0,0,0,0,0,0,0,0,0,0,0,0,0,0,0,0,0,0,0,0,0,0,0,0,0,0,0.007596123493895934,0.586824088833465,0.890915741234015,0.8117449009293668,0.5602683401276616,0.0036455629509730136,0,0,0.0,0.0,0.0,0.0,0.0,0.0,0.0,0.0,28.7,981.0,1.3,2.9,52,0.0,0
2024-06-18 18:45:00,0,0.0,0.0,0.0,0,0,0.0,0,0,0.0,,0.0,0.0,0,0,0.0,0,0,0,0,0,0,0,0,0,0,0,0,0,0,0,0,0,0,0,0,0,0,0,0,0,0,0,0,0,0,0.009607359798384785,0.5975451610080642,0.890915741234015,0.8117449009293668,0.5602683401276616,0.0036455629509730136,0,0,0.0,0.0,0.0,0.0,0.0,0.0,0.0,0.0,28.7,981.0,1.3,2.9,52,0.0,0
2024-06-18 18:50:00,0,0.0,0.0,0.0,0,0,0.0,0,0,0.0,,0.0,0.0,0,0,0.0,0,0,0,0,0,0,0,0,0,0,0,0,0,0,0,0,0,0,0,0,0,0,0,0,0,0,0,0,0,0,0.011851996440033263,0.6082198069690512,0.890915741234015,0.8117449009293668,0.5602683401276616,0.0036455629509730136,0,0,0.0,0.0,0.0,0.0,0.0,0.0,0.0,0.0,28.2,981.0,1.2,2.8,56,0.0,0
2024-06-18 18:55:00,0,0.0,0.0,0.0,0,0,0.0,0,0,0.0,,0.0,0.0,0,0,0.0,0,0,0,0,0,0,0,0,0,0,0,0,0,0,0,0,0,0,0,0,0,0,0,0,0,0,0,0,0,0,0.014328965093369284,0.6188429461630865,0.890915741234015,0.8117449009293668,0.5602683401276616,0.0036455629509730136,0,0,0.0,0.0,0.0,0.0,0.0,0.0,0.0,0.0,28.2,981.0,1.2,2.8,56,0.0,0
2024-06-18 19:00:00,0,0.0,0.0,0.0,0,0,0.0,0,0,0.0,,0.0,0.0,0,0,0.0,0,0,0,0,0,0,0,0,0,0,0,0,0,0,0,0,0,0,0,0,0,0,0,0,0,0,0,0,0,0,0.01703708685546579,0.6294095225512601,0.890915741234015,0.8117449009293668,0.5602683401276616,0.0036455629509730136,0,0,0.0,0.0,0.0,0.0,0.0,0.0,0.0,0.0,27.6,981.0,0.9,2.0,57,0.0,0
2024-06-18 19:05:00,0,0.0,0.0,0.0,0,0,0.0,0,0,0.0,,0.0,0.0,0,0,0.0,0,0,0,0,0,0,0,0,0,0,0,0,0,0,0,0,0,0,0,0,0,0,0,0,0,0,0,0,0,0,0.019975072807035643,0.639914507015496,0.890915741234015,0.8117449009293668,0.5602683401276616,0.0036455629509730136,0,0,0.0,0.0,0.0,0.0,0.0,0.0,0.0,0.0,27.6,981.0,0.9,2.0,57,0.0,0
2024-06-18 19:10:00,0,0.0,0.0,0.0,0,0,0.0,0,0,0.0,,0.0,0.0,0,0,0.0,0,0,0,0,0,0,0,0,0,0,0,0,0,0,0,0,0,0,0,0,0,0,0,0,0,0,0,0,0,0,0.02314152462588659,0.6503528997521367,0.890915741234015,0.8117449009293668,0.5602683401276616,0.0036455629509730136,0,0,0.0,0.0,0.0,0.0,0.0,0.0,0.0,0.0,27.1,981.0,1.0,2.4,59,0.0,0
2024-06-18 19:15:00,0,0.0,0.0,0.0,0,0,0.0,0,0,0.0,,0.0,0.0,0,0,0.0,0,0,0,0,0,0,0,0,0,0,0,0,0,0,0,0,0,0,0,0,0,0,0,0,0,0,0,0,0,0,0.026534935252447156,0.6607197326515808,0.890915741234015,0.8117449009293668,0.5602683401276616,0.0036455629509730136,0,0,0.0,0.0,0.0,0.0,0.0,0.0,0.0,0.0,27.1,981.0,1.0,2.4,59,0.0,0
2024-06-18 19:20:00,0,0.0,0.0,0.0,0,0,0.0,0,0,0.0,,0.0,0.0,0,0,0.0,0,0,0,0,0,0,0,0,0,0,0,0,0,0,0,0,0,0,0,0,0,0,0,0,0,0,0,0,0,0,0.03015368960704573,0.6710100716628341,0.890915741234015,0.8117449009293668,0.5602683401276616,0.0036455629509730136,0,0,0.0,0.0,0.0,0.0,0.0,0.0,0.0,0.0,26.8,981.1,1.0,2.6,59,0.0,0
2024-06-18 19:25:00,0,0.0,0.0,0.0,0,0,0.0,0,0,0.0,,0.0,0.0,0,0,0.0,0,0,0,0,0,0,0,0,0,0,0,0,0,0,0,0,0,0,0,0,0,0,0,0,0,0,0,0,0,0,0.033996065358600724,0.6812190191418508,0.890915741234015,0.8117449009293668,0.5602683401276616,0.0036455629509730136,0,0,0.0,0.006578947368421052,1.0,0.0,1.0,0.0,0.006578947368421052,0.0,26.8,981.1,1.0,2.6,59,0.0,0
2024-06-18 19:30:00,0,0.0,0.0,0.0,0,0,0.0,0,0,0.0,,0.0,0.0,0,0,0.0,0,0,0,0,0,0,0,0,0,0,0,0,0,0,0,0,0,0,0,0,0,0,0,0,0,0,0,0,0,0,0.038060233744356686,0.691341716182545,0.890915741234015,0.8117449009293668,0.5602683401276616,0.0036455629509730136,0,0,0.0,0.0,0.0,0.0,-1.0,0.0,-0.006578947368421052,0.0,26.2,981.2,1.6,2.8,61,0.0,0
2024-06-18 19:35:00,0,0.0,0.0,0.0,0,0,0.0,0,0,0.0,,0.0,0.0,0,0,0.0,0,0,0,0,0,0,0,0,0,0,0,0,0,0,0,0,0,0,0,0,0,0,0,0,0,0,0,0,0,0,0.04234426044027639,0.7013733449293685,0.890915741234015,0.8117449009293668,0.5602683401276616,0.0036455629509730136,0,0,0.0,0.0,0.0,0.0,0.0,0.0,0.0,0.0,26.2,981.2,1.6,2.8,61,0.0,0
2024-06-18 19:40:00,0,0.0,0.0,0.0,0,0,0.0,0,0,0.0,,0.0,0.0,0,0,0.0,0,0,0,0,0,0,0,0,0,0,0,0,0,0,0,0,0,0,0,0,0,0,0,0,0,0,0,0,0,0,0.04684610648167503,0.7113091308703499,0.890915741234015,0.8117449009293668,0.5602683401276616,0.0036455629509730136,0,0,0.0,0.0,0.0,0.0,0.0,0.0,0.0,0.0,25.7,981.2,1.2,2.3,63,0.0,0
2024-06-18 19:45:00,0,0.0,0.0,0.0,0,0,0.0,0,0,0.0,,0.0,0.0,0,0,0.0,0,0,0,0,0,0,0,0,0,0,0,0,0,0,0,0,0,0,0,0,0,0,0,0,0,0,0,0,0,0,0.05156362923365576,0.7211443451095005,0.890915741234015,0.8117449009293668,0.5602683401276616,0.0036455629509730136,0,0,0.0,0.0,0.0,0.0,0.0,0.0,0.0,0.0,25.7,981.2,1.2,2.3,63,0.0,0
2024-06-18 19:50:00,0,0.0,0.0,0.0,0,0,0.0,0,0,0.0,,0.0,0.0,0,0,0.0,0,0,0,0,0,0,0,0,0,0,0,0,0,0,0,0,0,0,0,0,0,0,0,0,0,0,0,0,0,0,0.05649458341088898,0.7308743066175166,0.890915741234015,0.8117449009293668,0.5602683401276616,0.0036455629509730136,0,0,0.0,0.0,0.0,0.0,0.0,0.0,0.0,0.0,25.3,981.3,0.8,1.3,65,0.0,0
2024-06-18 19:55:00,0,0.0,0.0,0.0,0,0,0.0,0,0,0.0,,0.0,0.0,0,0,0.0,0,0,0,0,0,0,0,0,0,0,0,0,0,0,0,0,0,0,0,0,0,0,0,0,0,0,0,0,0,0,0.061636622146246045,0.7404943844596936,0.890915741234015,0.8117449009293668,0.5602683401276616,0.0036455629509730136,0,0,0.0,0.0,0.0,0.0,0.0,0.0,0.0,0.0,25.3,981.3,0.8,1.3,65,0.0,0
2024-06-18 20:00:00,0,0.0,0.0,0.0,0,0,0.0,0,0,0.0,,0.0,0.0,0,0,0.0,0,0,0,0,0,0,0,0,0,0,0,0,0,0,0,0,0,0,0,0,0,0,0,0,0,0,0,0,0,0,0.0669872981077807,0.75,0.890915741234015,0.8117449009293668,0.5602683401276616,0.0036455629509730136,0,0,0.0,0.0,0.0,0.0,0.0,0.0,0.0,0.0,24.9,981.2,0.9,1.5,66,0.0,0
2024-06-18 20:05:00,0,0.0,0.0,0.0,0,0,0.0,0,0,0.0,,0.0,0.0,0,0,0.0,0,0,0,0,0,0,0,0,0,0,0,0,0,0,0,0,0,0,0,0,0,0,0,0,0,0,0,0,0,0,0.07254406466352659,0.7593866290802606,0.890915741234015,0.8117449009293668,0.5602683401276616,0.0036455629509730136,0,0,0.0,0.0,0.0,0.0,0.0,0.0,0.0,0.0,24.9,981.2,0.9,1.5,66,0.0,0
2024-06-18 20:10:00,0,0.0,0.0,0.0,0,0,0.0,0,0,0.0,,0.0,0.0,0,0,0.0,0,0,0,0,0,0,0,0,0,0,0,0,0,0,0,0,0,0,0,0,0,0,0,0,0,0,0,0,0,0,0.07830427709355714,0.768649804173412,0.890915741234015,0.8117449009293668,0.5602683401276616,0.0036455629509730136,0,0,0.0,0.0,0.0,0.0,0.0,0.0,0.0,0.0,24.4,981.3,0.9,1.3,68,0.0,0
2024-06-18 20:15:00,0,0.0,0.0,0.0,0,0,0.0,0,0,0.0,,0.0,0.0,0,0,0.0,0,0,0,0,0,0,0,0,0,0,0,0,0,0,0,0,0,0,0,0,0,0,0,0,0,0,0,0,0,0,0.08426519384872727,0.7777851165098009,0.890915741234015,0.8117449009293668,0.5602683401276616,0.0036455629509730136,0,0,0.0,0.0,0.0,0.0,0.0,0.0,0.0,0.0,24.4,981.3,0.9,1.3,68,0.0,0
2024-06-18 20:20:00,0,0.0,0.0,0.0,0,0,0.0,0,0,0.0,,0.0,0.0,0,0,0.0,0,0,0,0,0,0,0,0,0,0,0,0,0,0,0,0,0,0,0,0,0,0,0,0,0,0,0,0,0,0,0.0904239778555041,0.786788218175523,0.890915741234015,0.8117449009293668,0.5602683401276616,0.0036455629509730136,0,0,0.0,0.0,0.0,0.0,0.0,0.0,0.0,0.0,24.1,981.1,0.9,2.0,68,0.0,0
2024-06-18 20:25:00,0,0.0,0.0,0.0,0,0,0.0,0,0,0.0,,0.0,0.0,0,0,0.0,0,0,0,0,0,0,0,0,0,0,0,0,0,0,0,0,0,0,0,0,0,0,0,0,0,0,0,0,0,0,0.09677769786625884,0.7956548241817913,0.890915741234015,0.8117449009293668,0.5602683401276616,0.0036455629509730136,0,0,0.0,0.0,0.0,0.0,0.0,0.0,0.0,0.0,24.1,981.1,0.9,2.0,68,0.0,0
2024-06-18 20:30:00,0,0.0,0.0,0.0,0,0,0.0,0,0,0.0,,0.0,0.0,0,0,0.0,0,0,0,0,0,0,0,0,0,0,0,0,0,0,0,0,0,0,0,0,0,0,0,0,0,0,0,0,0,0,0.10332332985438242,0.8043807145043602,0.890915741234015,0.8117449009293668,0.5602683401276616,0.0036455629509730136,0,0,0.0,0.0,0.0,0.0,0.0,0.0,0.0,0.0,23.9,981.0,1.0,2.0,70,0.0,0
2024-06-18 20:35:00,0,0.0,0.0,0.0,0,0,0.0,0,0,0.0,,0.0,0.0,0,0,0.0,0,0,0,0,0,0,0,0,0,0,0,0,0,0,0,0,0,0,0,0,0,0,0,0,0,0,0,0,0,0,0.11005775845355892,0.8129617360920294,0.890915741234015,0.8117449009293668,0.5602683401276616,0.0036455629509730136,0,0,0.0,0.0,0.0,0.0,0.0,0.0,0.0,0.0,23.9,981.0,1.0,2.0,70,0.0,0
2024-06-18 20:40:00,0,0.0,0.0,0.0,0,0,0.0,0,0,0.0,,0.0,0.0,0,0,0.0,0,0,0,0,0,0,0,0,0,0,0,0,0,0,0,0,0,0,0,0,0,0,0,0,0,0,0,0,0,0,0.11697777844051094,0.8213938048432696,0.890915741234015,0.8117449009293668,0.5602683401276616,0.0036455629509730136,0,0,0.0,0.0,0.0,0.0,0.0,0.0,0.0,0.0,23.6,981.0,1.2,1.8,71,0.0,0
2024-06-18 20:45:00,0,0.0,0.0,0.0,0,0,0.0,0,0,0.0,,0.0,0.0,0,0,0.0,0,0,0,0,0,0,0,0,0,0,0,0,0,0,0,0,0,0,0,0,0,0,0,0,0,0,0,0,0,0,0.12408009626051142,0.8296729075500345,0.890915741234015,0.8117449009293668,0.5602683401276616,0.0036455629509730136,0,0,0.0,0.0,0.0,0.0,0.0,0.0,0.0,0.0,23.6,981.0,1.2,1.8,71,0.0,0
2024-06-18 20:50:00,0,0.0,0.0,0.0,0,0,0.0,0,0,0.0,,0.0,0.0,0,0,0.0,0,0,0,0,0,0,0,0,0,0,0,0,0,0,0,0,0,0,0,0,0,0,0,0,0,0,0,0,0,0,0.13136133159493762,0.8377951038078297,0.890915741234015,0.8117449009293668,0.5602683401276616,0.0036455629509730136,0,0,0.0,0.0,0.0,0.0,0.0,0.0,0.0,0.0,23.4,981.0,1.3,2.2,71,0.0,0
2024-06-18 20:55:00,0,0.0,0.0,0.0,0,0,0.0,0,0,0.0,,0.0,0.0,0,0,0.0,0,0,0,0,0,0,0,0,0,0,0,0,0,0,0,0,0,0,0,0,0,0,0,0,0,0,0,0,0,0,0.1388180189701223,0.8457565278911348,0.890915741234015,0.8117449009293668,0.5602683401276616,0.0036455629509730136,0,0,0.0,0.0,0.0,0.0,0.0,0.0,0.0,0.0,23.4,981.0,1.3,2.2,71,0.0,0
2024-06-18 21:00:00,0,0.0,0.0,0.0,0,0,0.0,0,0,0.0,,0.0,0.0,0,0,0.0,0,0,0,0,0,0,0,0,0,0,0,0,0,0,0,0,0,0,0,0,0,0,0,0,0,0,0,0,0,0,0.14644660940672616,0.8535533905932737,0.890915741234015,0.8117449009293668,0.5602683401276616,0.0036455629509730136,0,0,0.0,0.0,0.0,0.0,0.0,0.0,0.0,0.0,23.4,981.0,1.3,2.2,71,0.0,0
2024-06-18 21:05:00,0,0.0,0.0,0.0,0,0,0.0,0,0,0.0,,0.0,0.0,0,0,0.0,0,0,0,0,0,0,0,0,0,0,0,0,0,0,0,0,0,0,0,0,0,0,0,0,0,0,0,0,0,0,0.15424347210886508,0.8611819810298775,0.890915741234015,0.8117449009293668,0.5602683401276616,0.0036455629509730136,0,0,0.0,0.0,0.0,0.0,0.0,0.0,0.0,0.0,23.4,981.0,1.3,2.2,71,0.0,0
2024-06-18 21:10:00,1,0.006578947368421052,1.0,0.006578947368421052,0,0,0.0,0,0,0.0,,0.0,0.0,0,0,0.0,0,0,0,0,0,0,0,0,0,0,0,0,0,0,0,0,0,0,0,0,0,0,0,0,0,0,0,0,0,0,0.1622048961921701,0.8686386684050622,0.890915741234015,0.8117449009293668,0.5602683401276616,0.0036455629509730136,0,0,0.0,0.0,0.0,0.0,0.0,0.0,0.0,0.0,23.2,980.9,1.2,1.9,71,0.0,0
2024-06-18 21:15:00,0,0.0,-1.0,-0.006578947368421052,0,0,0.0,0,0,0.0,,0.0,0.0,0,0,0.0,0,0,0,0,0,0,0,0,0,0,0,0,0,0,0,0,0,0,0,0,0,0,0,0,0,0,0,0,0,0,0.1703270924499653,0.8759199037394885,0.890915741234015,0.8117449009293668,0.5602683401276616,0.0036455629509730136,0,0,0.0,0.0,0.0,0.0,0.0,0.0,0.0,0.0,23.2,980.9,1.2,1.9,71,0.0,0
2024-06-18 21:20:00,0,0.0,0.0,0.0,0,0,0.0,0,0,0.0,,0.0,0.0,0,0,0.0,0,0,0,0,0,0,0,0,0,0,0,0,0,0,0,0,0,0,0,0,0,0,0,0,0,0,0,0,0,0,0.1786061951567302,0.883022221559489,0.890915741234015,0.8117449009293668,0.5602683401276616,0.0036455629509730136,0,0,0.0,0.0,0.0,0.0,0.0,0.0,0.0,0.0,22.9,980.9,1.3,2.3,73,0.0,0
2024-06-18 21:25:00,0,0.0,0.0,0.0,0,0,0.0,0,0,0.0,,0.0,0.0,0,0,0.0,0,0,0,0,0,0,0,0,0,0,0,0,0,0,0,0,0,0,0,0,0,0,0,0,0,0,0,0,0,0,0.18703826390797051,0.8899422415464409,0.890915741234015,0.8117449009293668,0.5602683401276616,0.0036455629509730136,0,0,0.0,0.0,0.0,0.0,0.0,0.0,0.0,0.0,22.9,980.9,1.3,2.3,73,0.0,0
2024-06-18 21:30:00,0,0.0,0.0,0.0,0,0,0.0,0,0,0.0,,0.0,0.0,0,0,0.0,0,0,0,0,0,0,0,0,0,0,0,0,0,0,0,0,0,0,0,0,0,0,0,0,0,0,0,0,0,0,0.19561928549563956,0.8966766701456175,0.890915741234015,0.8117449009293668,0.5602683401276616,0.0036455629509730136,0,0,0.0,0.0,0.0,0.0,0.0,0.0,0.0,0.0,23.0,981.0,0.8,1.7,72,0.0,0
2024-06-18 21:35:00,0,0.0,0.0,0.0,0,0,0.0,0,0,0.0,,0.0,0.0,0,0,0.0,0,0,0,0,0,0,0,0,0,0,0,0,0,0,0,0,0,0,0,0,0,0,0,0,0,0,0,0,0,0,0.2043451758182085,0.9032223021337411,0.890915741234015,0.8117449009293668,0.5602683401276616,0.0036455629509730136,0,0,0.0,0.0,0.0,0.0,0.0,0.0,0.0,0.0,23.0,981.0,0.8,1.7,72,0.0,0
2024-06-18 21:40:00,0,0.0,0.0,0.0,0,0,0.0,0,0,0.0,,0.0,0.0,0,0,0.0,0,0,0,0,0,0,0,0,0,0,0,0,0,0,0,0,0,0,0,0,0,0,0,0,0,0,0,0,0,0,0.21321178182447675,0.9095760221444957,0.890915741234015,0.8117449009293668,0.5602683401276616,0.0036455629509730136,0,0,0.0,0.0,0.0,0.0,0.0,0.0,0.0,0.0,22.8,980.9,0.9,1.4,72,0.0,0
2024-06-18 21:45:00,0,0.0,0.0,0.0,0,0,0.0,0,0,0.0,,0.0,0.0,0,0,0.0,0,0,0,0,0,0,0,0,0,0,0,0,0,0,0,0,0,0,0,0,0,0,0,0,0,0,0,0,0,0,0.2222148834901989,0.9157348061512727,0.890915741234015,0.8117449009293668,0.5602683401276616,0.0036455629509730136,0,0,0.0,0.0,0.0,0.0,0.0,0.0,0.0,0.0,22.8,980.9,0.9,1.4,72,0.0,0
2024-06-18 21:50:00,0,0.0,0.0,0.0,0,0,0.0,0,0,0.0,,0.0,0.0,0,0,0.0,0,0,0,0,0,0,0,0,0,0,0,0,0,0,0,0,0,0,0,0,0,0,0,0,0,0,0,0,0,0,0.2313501958265879,0.9216957229064427,0.890915741234015,0.8117449009293668,0.5602683401276616,0.0036455629509730136,0,0,0.0,0.0,0.0,0.0,0.0,0.0,0.0,0.0,22.7,980.8,0.7,1.4,72,0.0,0
2024-06-18 21:55:00,0,0.0,0.0,0.0,0,0,0.0,0,0,0.0,,0.0,0.0,0,0,0.0,0,0,0,0,0,0,0,0,0,0,0,0,0,0,0,0,0,0,0,0,0,0,0,0,0,0,0,0,0,0,0.24061337091973928,0.9274559353364733,0.890915741234015,0.8117449009293668,0.5602683401276616,0.0036455629509730136,0,0,0.0,0.0,0.0,0.0,0.0,0.0,0.0,0.0,22.7,980.8,0.7,1.4,72,0.0,0
2024-06-18 22:00:00,0,0.0,0.0,0.0,0,0,0.0,0,0,0.0,,0.0,0.0,0,0,0.0,0,0,0,0,0,0,0,0,0,0,0,0,0,0,0,0,0,0,0,0,0,0,0,0,0,0,0,0,0,0,0.24999999999999978,0.9330127018922192,0.890915741234015,0.8117449009293668,0.5602683401276616,0.0036455629509730136,0,0,0.0,0.0,0.0,0.0,0.0,0.0,0.0,0.0,22.4,980.9,0.6,1.3,74,0.0,0
2024-06-18 22:05:00,0,0.0,0.0,0.0,0,0,0.0,0,0,0.0,,0.0,0.0,0,0,0.0,0,0,0,0,0,0,0,0,0,0,0,0,0,0,0,0,0,0,0,0,0,0,0,0,0,0,0,0,0,0,0.25950561554030616,0.9383633778537539,0.890915741234015,0.8117449009293668,0.5602683401276616,0.0036455629509730136,0,0,0.0,0.0,0.0,0.0,0.0,0.0,0.0,0.0,22.4,980.9,0.6,1.3,74,0.0,0
2024-06-18 22:10:00,0,0.0,0.0,0.0,0,0,0.0,0,0,0.0,,0.0,0.0,0,0,0.0,0,0,0,0,0,0,0,0,0,0,0,0,0,0,0,0,0,0,0,0,0,0,0,0,0,0,0,0,0,0,0.26912569338248316,0.9435054165891109,0.890915741234015,0.8117449009293668,0.5602683401276616,0.0036455629509730136,0,0,0.0,0.0,0.0,0.0,0.0,0.0,0.0,0.0,22.3,980.8,0.6,1.2,74,0.0,0
2024-06-18 22:15:00,0,0.0,0.0,0.0,0,0,0.0,0,0,0.0,,0.0,0.0,0,0,0.0,0,0,0,0,0,0,0,0,0,0,0,0,0,0,0,0,0,0,0,0,0,0,0,0,0,0,0,0,0,0,0.2788556548904993,0.9484363707663441,0.890915741234015,0.8117449009293668,0.5602683401276616,0.0036455629509730136,0,0,0.0,0.0,0.0,0.0,0.0,0.0,0.0,0.0,22.3,980.8,0.6,1.2,74,0.0,0
2024-06-18 22:20:00,0,0.0,0.0,0.0,0,0,0.0,0,0,0.0,,0.0,0.0,0,0,0.0,0,0,0,0,0,0,0,0,0,0,0,0,0,0,0,0,0,0,0,0,0,0,0,0,0,0,0,0,0,0,0.28869086912965003,0.9531538935183248,0.890915741234015,0.8117449009293668,0.5602683401276616,0.0036455629509730136,0,0,0.0,0.0,0.0,0.0,0.0,0.0,0.0,0.0,22.1,980.7,0.8,1.1,75,0.0,0
2024-06-18 22:25:00,0,0.0,0.0,0.0,0,0,0.0,0,0,0.0,,0.0,0.0,0,0,0.0,0,0,0,0,0,0,0,0,0,0,0,0,0,0,0,0,0,0,0,0,0,0,0,0,0,0,0,0,0,0,0.2986266550706313,0.9576557395597236,0.890915741234015,0.8117449009293668,0.5602683401276616,0.0036455629509730136,0,0,0.0,0.0,0.0,0.0,0.0,0.0,0.0,0.0,22.1,980.7,0.8,1.1,75,0.0,0
2024-06-18 22:30:00,0,0.0,0.0,0.0,0,0,0.0,0,0,0.0,,0.0,0.0,0,0,0.0,0,0,0,0,0,0,0,0,0,0,0,0,0,0,0,0,0,0,0,0,0,0,0,0,0,0,0,0,0,0,0.3086582838174548,0.9619397662556433,0.890915741234015,0.8117449009293668,0.5602683401276616,0.0036455629509730136,0,0,0.0,0.0,0.0,0.0,0.0,0.0,0.0,0.0,21.8,980.7,0.7,1.1,76,0.0,0
2024-06-18 22:35:00,0,0.0,0.0,0.0,0,0,0.0,0,0,0.0,,0.0,0.0,0,0,0.0,0,0,0,0,0,0,0,0,0,0,0,0,0,0,0,0,0,0,0,0,0,0,0,0,0,0,0,0,0,0,0.3187809808581491,0.9660039346413992,0.890915741234015,0.8117449009293668,0.5602683401276616,0.0036455629509730136,0,0,0.0,0.0,0.0,0.0,0.0,0.0,0.0,0.0,21.8,980.7,0.7,1.1,76,0.0,0
2024-06-18 22:40:00,0,0.0,0.0,0.0,0,0,0.0,0,0,0.0,,0.0,0.0,0,0,0.0,0,0,0,0,0,0,0,0,0,0,0,0,0,0,0,0,0,0,0,0,0,0,0,0,0,0,0,0,0,0,0.32898992833716567,0.9698463103929542,0.890915741234015,0.8117449009293668,0.5602683401276616,0.0036455629509730136,0,0,0.0,0.0,0.0,0.0,0.0,0.0,0.0,0.0,21.6,980.8,0.4,1.2,76,0.0,0
2024-06-18 22:45:00,0,0.0,0.0,0.0,0,0,0.0,0,0,0.0,,0.0,0.0,0,0,0.0,0,0,0,0,0,0,0,0,0,0,0,0,0,0,0,0,0,0,0,0,0,0,0,0,0,0,0,0,0,0,0.3392802673484191,0.9734650647475528,0.890915741234015,0.8117449009293668,0.5602683401276616,0.0036455629509730136,0,0,0.0,0.0,0.0,0.0,0.0,0.0,0.0,0.0,21.6,980.8,0.4,1.2,76,0.0,0
2024-06-18 22:50:00,0,0.0,0.0,0.0,0,0,0.0,0,0,0.0,,0.0,0.0,0,0,0.0,0,0,0,0,0,0,0,0,0,0,0,0,0,0,0,0,0,0,0,0,0,0,0,0,0,0,0,0,0,0,0.34964710024786305,0.9768584753741134,0.890915741234015,0.8117449009293668,0.5602683401276616,0.0036455629509730136,0,0,0.0,0.0,0.0,0.0,0.0,0.0,0.0,0.0,21.5,980.9,0.5,0.9,77,0.0,0
2024-06-18 22:55:00,0,0.0,0.0,0.0,0,0,0.0,0,0,0.0,,0.0,0.0,0,0,0.0,0,0,0,0,0,0,0,0,0,0,0,0,0,0,0,0,0,0,0,0,0,0,0,0,0,0,0,0,0,0,0.36008549298450376,0.9800249271929643,0.890915741234015,0.8117449009293668,0.5602683401276616,0.0036455629509730136,0,0,0.0,0.0,0.0,0.0,0.0,0.0,0.0,0.0,21.5,980.9,0.5,0.9,77,0.0,0
2024-06-18 23:00:00,0,0.0,0.0,0.0,0,0,0.0,0,0,0.0,,0.0,0.0,0,0,0.0,0,0,0,0,0,0,0,0,0,0,0,0,0,0,0,0,0,0,0,0,0,0,0,0,0,0,0,0,0,0,0.37059047744873963,0.9829629131445341,0.890915741234015,0.8117449009293668,0.5602683401276616,0.0036455629509730136,0,0,0.0,0.0,0.0,0.0,0.0,0.0,0.0,0.0,21.3,980.9,0.4,0.8,77,0.0,0
2024-06-18 23:05:00,0,0.0,0.0,0.0,0,0,0.0,0,0,0.0,,0.0,0.0,0,0,0.0,0,0,0,0,0,0,0,0,0,0,0,0,0,0,0,0,0,0,0,0,0,0,0,0,0,0,0,0,0,0,0.38115705383691323,0.9856710349066307,0.890915741234015,0.8117449009293668,0.5602683401276616,0.0036455629509730136,0,0,0.0,0.0,0.0,0.0,0.0,0.0,0.0,0.0,21.3,980.9,0.4,0.8,77,0.0,0
2024-06-18 23:10:00,0,0.0,0.0,0.0,0,0,0.0,0,0,0.0,,0.0,0.0,0,0,0.0,0,0,0,0,0,0,0,0,0,0,0,0,0,0,0,0,0,0,0,0,0,0,0,0,0,0,0,0,0,0,0.3917801930309486,0.9881480035599667,0.890915741234015,0.8117449009293668,0.5602683401276616,0.0036455629509730136,0,0,0.0,0.0,0.0,0.0,0.0,0.0,0.0,0.0,21.2,980.9,0.4,0.9,78,0.0,0
2024-06-18 23:15:00,0,0.0,0.0,0.0,0,0,0.0,0,0,0.0,,0.0,0.0,0,0,0.0,0,0,0,0,0,0,0,0,0,0,0,0,0,0,0,0,0,0,0,0,0,0,0,0,0,0,0,0,0,0,0.4024548389919356,0.9903926402016152,0.890915741234015,0.8117449009293668,0.5602683401276616,0.0036455629509730136,0,0,0.0,0.0,0.0,0.0,0.0,0.0,0.0,0.0,21.2,980.9,0.4,0.9,78,0.0,0
2024-06-18 23:20:00,0,0.0,0.0,0.0,0,0,0.0,0,0,0.0,,0.0,0.0,0,0,0.0,0,0,0,0,0,0,0,0,0,0,0,0,0,0,0,0,0,0,0,0,0,0,0,0,0,0,0,0,0,0,0.4131759111665348,0.9924038765061041,0.890915741234015,0.8117449009293668,0.5602683401276616,0.0036455629509730136,0,0,0.0,0.0,0.0,0.0,0.0,0.0,0.0,0.0,21.1,980.9,0.7,1.6,79,0.0,0
2024-06-18 23:25:00,0,0.0,0.0,0.0,0,0,0.0,0,0,0.0,,0.0,0.0,0,0,0.0,0,0,0,0,0,0,0,0,0,0,0,0,0,0,0,0,0,0,0,0,0,0,0,0,0,0,0,0,0,0,0.42393830690504186,0.9941807552338804,0.890915741234015,0.8117449009293668,0.5602683401276616,0.0036455629509730136,0,0,0.0,0.0,0.0,0.0,0.0,0.0,0.0,0.0,21.1,980.9,0.7,1.6,79,0.0,0
2024-06-18 23:30:00,0,0.0,0.0,0.0,0,0,0.0,0,0,0.0,,0.0,0.0,0,0,0.0,0,0,0,0,0,0,0,0,0,0,0,0,0,0,0,0,0,0,0,0,0,0,0,0,0,0,0,0,0,0,0.43473690388997416,0.9957224306869052,0.890915741234015,0.8117449009293668,0.5602683401276616,0.0036455629509730136,0,0,0.0,0.0,0.0,0.0,0.0,0.0,0.0,0.0,20.9,981.0,0.4,0.9,79,0.0,0
2024-06-18 23:35:00,0,0.0,0.0,0.0,0,0,0.0,0,0,0.0,,0.0,0.0,0,0,0.0,0,0,0,0,0,0,0,0,0,0,0,0,0,0,0,0,0,0,0,0,0,0,0,0,0,0,0,0,0,0,0.44556656257401744,0.9970281691111598,0.890915741234015,0.8117449009293668,0.5602683401276616,0.0036455629509730136,0,0,0.0,0.0,0.0,0.0,0.0,0.0,0.0,0.0,20.9,981.0,0.4,0.9,79,0.0,0
2024-06-18 23:40:00,0,0.0,0.0,0.0,0,0,0.0,0,0,0.0,,0.0,0.0,0,0,0.0,0,0,0,0,0,0,0,0,0,0,0,0,0,0,0,0,0,0,0,0,0,0,0,0,0,0,0,0,0,0,0.4564221286261708,0.9980973490458728,0.890915741234015,0.8117449009293668,0.5602683401276616,0.0036455629509730136,0,0,0.0,0.0,0.0,0.0,0.0,0.0,0.0,0.0,20.8,981.0,0.7,1.3,80,0.0,0
2024-06-18 23:45:00,0,0.0,0.0,0.0,0,0,0.0,0,0,0.0,,0.0,0.0,0,0,0.0,0,0,0,0,0,0,0,0,0,0,0,0,0,0,0,0,0,0,0,0,0,0,0,0,0,0,0,0,0,0,0.4672984353849286,0.9989294616193017,0.890915741234015,0.8117449009293668,0.5602683401276616,0.0036455629509730136,0,0,0.0,0.0,0.0,0.0,0.0,0.0,0.0,0.0,20.8,981.0,0.7,1.3,80,0.0,0
2024-06-18 23:50:00,0,0.0,0.0,0.0,0,0,0.0,0,0,0.0,,0.0,0.0,0,0,0.0,0,0,0,0,0,0,0,0,0,0,0,0,0,0,0,0,0,0,0,0,0,0,0,0,0,0,0,0,0,0,0.47819030631733145,0.9995241107909288,0.890915741234015,0.8117449009293668,0.5602683401276616,0.0036455629509730136,0,0,0.0,0.0,0.0,0.0,0.0,0.0,0.0,0.0,20.7,981.0,0.4,1.1,80,0.0,0
2024-06-18 23:55:00,0,0.0,0.0,0.0,0,0,0.0,0,0,0.0,,0.0,0.0,0,0,0.0,0,0,0,0,0,0,0,0,0,0,0,0,0,0,0,0,0,0,0,0,0,0,0,0,0,0,0,0,0,0,0.48909255748271957,0.9998810135399545,0.890915741234015,0.8117449009293668,0.5602683401276616,0.0036455629509730136,0,0,0.0,0.0,0.0,0.0,0.0,0.0,0.0,0.0,20.7,981.0,0.4,1.1,80,0.0,0
2024-06-19 00:00:00,0,0.0,0.0,0.0,0,0,0.0,0,0,0.0,,0.0,0.0,0,0,0.0,0,0,0,0,0,0,0,0,0,0,0,0,0,0,0,0,0,0,0,0,0,0,0,0,0,0,0,0,0,0,0.5,1.0,0.9874639560909118,0.38873953302184283,0.5602683401276616,0.0036455629509730136,0,0,0.0,0.0,0.0,0.0,0.0,0.0,0.0,0.0,20.6,981.0,0.2,0.7,81,0.0,0
2024-06-19 00:05:00,0,0.0,0.0,0.0,0,0,0.0,0,0,0.0,,0.0,0.0,0,0,0.0,0,0,0,0,0,0,0,0,0,0,0,0,0,0,0,0,0,0,0,0,0,0,0,0,0,0,0,0,0,0,0.5109074425172806,0.9998810135399545,0.9874639560909118,0.38873953302184283,0.5602683401276616,0.0036455629509730136,0,0,0.0,0.0,0.0,0.0,0.0,0.0,0.0,0.0,20.6,981.0,0.2,0.7,81,0.0,0
2024-06-19 00:10:00,0,0.0,0.0,0.0,0,0,0.0,0,0,0.0,,0.0,0.0,0,0,0.0,0,0,0,0,0,0,0,0,0,0,0,0,0,0,0,0,0,0,0,0,0,0,0,0,0,0,0,0,0,0,0.521809693682668,0.999524110790929,0.9874639560909118,0.38873953302184283,0.5602683401276616,0.0036455629509730136,0,0,0.0,0.0,0.0,0.0,0.0,0.0,0.0,0.0,20.5,981.0,0.2,0.8,81,0.0,0
2024-06-19 00:15:00,0,0.0,0.0,0.0,0,0,0.0,0,0,0.0,,0.0,0.0,0,0,0.0,0,0,0,0,0,0,0,0,0,0,0,0,0,0,0,0,0,0,0,0,0,0,0,0,0,0,0,0,0,0,0.5327015646150716,0.9989294616193017,0.9874639560909118,0.38873953302184283,0.5602683401276616,0.0036455629509730136,0,0,0.0,0.0,0.0,0.0,0.0,0.0,0.0,0.0,20.5,981.0,0.2,0.8,81,0.0,0
2024-06-19 00:20:00,0,0.0,0.0,0.0,0,0,0.0,0,0,0.0,,0.0,0.0,0,0,0.0,0,0,0,0,0,0,0,0,0,0,0,0,0,0,0,0,0,0,0,0,0,0,0,0,0,0,0,0,0,0,0.5435778713738291,0.9980973490458728,0.9874639560909118,0.38873953302184283,0.5602683401276616,0.0036455629509730136,0,0,0.0,0.0,0.0,0.0,0.0,0.0,0.0,0.0,20.3,981.0,0.3,0.5,81,0.0,0
2024-06-19 00:25:00,0,0.0,0.0,0.0,0,0,0.0,0,0,0.0,,0.0,0.0,0,0,0.0,0,0,0,0,0,0,0,0,0,0,0,0,0,0,0,0,0,0,0,0,0,0,0,0,0,0,0,0,0,0,0.5544334374259823,0.9970281691111598,0.9874639560909118,0.38873953302184283,0.5602683401276616,0.0036455629509730136,0,0,0.0,0.0,0.0,0.0,0.0,0.0,0.0,0.0,20.3,981.0,0.3,0.5,81,0.0,0
2024-06-19 00:30:00,0,0.0,0.0,0.0,0,0,0.0,0,0,0.0,,0.0,0.0,0,0,0.0,0,0,0,0,0,0,0,0,0,0,0,0,0,0,0,0,0,0,0,0,0,0,0,0,0,0,0,0,0,0,0.5652630961100258,0.9957224306869052,0.9874639560909118,0.38873953302184283,0.5602683401276616,0.0036455629509730136,0,0,0.0,0.0,0.0,0.0,0.0,0.0,0.0,0.0,20.2,981.0,0.4,1.0,82,0.0,0
2024-06-19 00:35:00,0,0.0,0.0,0.0,0,0,0.0,0,0,0.0,,0.0,0.0,0,0,0.0,0,0,0,0,0,0,0,0,0,0,0,0,0,0,0,0,0,0,0,0,0,0,0,0,0,0,0,0,0,0,0.5760616930949584,0.9941807552338804,0.9874639560909118,0.38873953302184283,0.5602683401276616,0.0036455629509730136,0,0,0.0,0.0,0.0,0.0,0.0,0.0,0.0,0.0,20.2,981.0,0.4,1.0,82,0.0,0
2024-06-19 00:40:00,0,0.0,0.0,0.0,0,0,0.0,0,0,0.0,,0.0,0.0,0,0,0.0,0,0,0,0,0,0,0,0,0,0,0,0,0,0,0,0,0,0,0,0,0,0,0,0,0,0,0,0,0,0,0.5868240888334652,0.9924038765061041,0.9874639560909118,0.38873953302184283,0.5602683401276616,0.0036455629509730136,0,0,0.0,0.0,0.0,0.0,0.0,0.0,0.0,0.0,20.2,981.0,0.5,1.0,82,0.0,0
2024-06-19 00:45:00,0,0.0,0.0,0.0,0,0,0.0,0,0,0.0,,0.0,0.0,0,0,0.0,0,0,0,0,0,0,0,0,0,0,0,0,0,0,0,0,0,0,0,0,0,0,0,0,0,0,0,0,0,0,0.5975451610080641,0.9903926402016152,0.9874639560909118,0.38873953302184283,0.5602683401276616,0.0036455629509730136,0,0,0.0,0.0,0.0,0.0,0.0,0.0,0.0,0.0,20.2,981.0,0.5,1.0,82,0.0,0
2024-06-19 00:50:00,0,0.0,0.0,0.0,0,0,0.0,0,0,0.0,,0.0,0.0,0,0,0.0,0,0,0,0,0,0,0,0,0,0,0,0,0,0,0,0,0,0,0,0,0,0,0,0,0,0,0,0,0,0,0.6082198069690514,0.9881480035599667,0.9874639560909118,0.38873953302184283,0.5602683401276616,0.0036455629509730136,0,0,0.0,0.0,0.0,0.0,0.0,0.0,0.0,0.0,20.1,980.9,0.6,1.0,82,0.0,0
2024-06-19 00:55:00,0,0.0,0.0,0.0,0,0,0.0,0,0,0.0,,0.0,0.0,0,0,0.0,0,0,0,0,0,0,0,0,0,0,0,0,0,0,0,0,0,0,0,0,0,0,0,0,0,0,0,0,0,0,0.6188429461630865,0.9856710349066307,0.9874639560909118,0.38873953302184283,0.5602683401276616,0.0036455629509730136,0,0,0.0,0.0,0.0,0.0,0.0,0.0,0.0,0.0,20.1,980.9,0.6,1.0,82,0.0,0
2024-06-19 01:00:00,0,0.0,0.0,0.0,0,0,0.0,0,0,0.0,,0.0,0.0,0,0,0.0,0,0,0,0,0,0,0,0,0,0,0,0,0,0,0,0,0,0,0,0,0,0,0,0,0,0,0,0,0,0,0.6294095225512604,0.9829629131445341,0.9874639560909118,0.38873953302184283,0.5602683401276616,0.0036455629509730136,0,0,0.0,0.0,0.0,0.0,0.0,0.0,0.0,0.0,20.0,980.9,0.8,1.1,82,0.0,0
2024-06-19 01:05:00,0,0.0,0.0,0.0,0,0,0.0,0,0,0.0,,0.0,0.0,0,0,0.0,0,0,0,0,0,0,0,0,0,0,0,0,0,0,0,0,0,0,0,0,0,0,0,0,0,0,0,0,0,0,0.639914507015496,0.9800249271929644,0.9874639560909118,0.38873953302184283,0.5602683401276616,0.0036455629509730136,0,0,0.0,0.0,0.0,0.0,0.0,0.0,0.0,0.0,20.0,980.9,0.8,1.1,82,0.0,0
2024-06-19 01:10:00,0,0.0,0.0,0.0,0,0,0.0,0,0,0.0,,0.0,0.0,0,0,0.0,0,0,0,0,0,0,0,0,0,0,0,0,0,0,0,0,0,0,0,0,0,0,0,0,0,0,0,0,0,0,0.6503528997521366,0.9768584753741134,0.9874639560909118,0.38873953302184283,0.5602683401276616,0.0036455629509730136,0,0,0.0,0.0,0.0,0.0,0.0,0.0,0.0,0.0,19.9,980.9,0.4,0.8,82,0.0,0
2024-06-19 01:15:00,0,0.0,0.0,0.0,0,0,0.0,0,0,0.0,,0.0,0.0,0,0,0.0,0,0,0,0,0,0,0,0,0,0,0,0,0,0,0,0,0,0,0,0,0,0,0,0,0,0,0,0,0,0,0.6607197326515808,0.9734650647475529,0.9874639560909118,0.38873953302184283,0.5602683401276616,0.0036455629509730136,0,0,0.0,0.0,0.0,0.0,0.0,0.0,0.0,0.0,19.9,980.9,0.4,0.8,82,0.0,0
2024-06-19 01:20:00,0,0.0,0.0,0.0,0,0,0.0,0,0,0.0,,0.0,0.0,0,0,0.0,0,0,0,0,0,0,0,0,0,0,0,0,0,0,0,0,0,0,0,0,0,0,0,0,0,0,0,0,0,0,0.6710100716628343,0.9698463103929542,0.9874639560909118,0.38873953302184283,0.5602683401276616,0.0036455629509730136,0,0,0.0,0.0,0.0,0.0,0.0,0.0,0.0,0.0,19.8,980.9,0.4,0.8,84,0.0,0
2024-06-19 01:25:00,0,0.0,0.0,0.0,0,0,0.0,0,0,0.0,,0.0,0.0,0,0,0.0,0,0,0,0,0,0,0,0,0,0,0,0,0,0,0,0,0,0,0,0,0,0,0,0,0,0,0,0,0,0,0.6812190191418508,0.9660039346413993,0.9874639560909118,0.38873953302184283,0.5602683401276616,0.0036455629509730136,0,0,0.0,0.0,0.0,0.0,0.0,0.0,0.0,0.0,19.8,980.9,0.4,0.8,84,0.0,0
2024-06-19 01:30:00,0,0.0,0.0,0.0,0,0,0.0,0,0,0.0,,0.0,0.0,0,0,0.0,0,0,0,0,0,0,0,0,0,0,0,0,0,0,0,0,0,0,0,0,0,0,0,0,0,0,0,0,0,0,0.6913417161825449,0.9619397662556434,0.9874639560909118,0.38873953302184283,0.5602683401276616,0.0036455629509730136,0,0,0.0,0.0,0.0,0.0,0.0,0.0,0.0,0.0,19.7,981.0,0.6,1.1,84,0.0,0
2024-06-19 01:35:00,0,0.0,0.0,0.0,0,0,0.0,0,0,0.0,,0.0,0.0,0,0,0.0,0,0,0,0,0,0,0,0,0,0,0,0,0,0,0,0,0,0,0,0,0,0,0,0,0,0,0,0,0,0,0.7013733449293686,0.9576557395597236,0.9874639560909118,0.38873953302184283,0.5602683401276616,0.0036455629509730136,0,0,0.0,0.0,0.0,0.0,0.0,0.0,0.0,0.0,19.7,981.0,0.6,1.1,84,0.0,0
2024-06-19 01:40:00,0,0.0,0.0,0.0,0,0,0.0,0,0,0.0,,0.0,0.0,0,0,0.0,0,0,0,0,0,0,0,0,0,0,0,0,0,0,0,0,0,0,0,0,0,0,0,0,0,0,0,0,0,0,0.7113091308703496,0.953153893518325,0.9874639560909118,0.38873953302184283,0.5602683401276616,0.0036455629509730136,0,0,0.0,0.0,0.0,0.0,0.0,0.0,0.0,0.0,19.7,981.0,0.2,0.7,84,0.0,0
2024-06-19 01:45:00,0,0.0,0.0,0.0,0,0,0.0,0,0,0.0,,0.0,0.0,0,0,0.0,0,0,0,0,0,0,0,0,0,0,0,0,0,0,0,0,0,0,0,0,0,0,0,0,0,0,0,0,0,0,0.7211443451095007,0.9484363707663441,0.9874639560909118,0.38873953302184283,0.5602683401276616,0.0036455629509730136,0,0,0.0,0.0,0.0,0.0,0.0,0.0,0.0,0.0,19.7,981.0,0.2,0.7,84,0.0,0
2024-06-19 01:50:00,0,0.0,0.0,0.0,0,0,0.0,0,0,0.0,,0.0,0.0,0,0,0.0,0,0,0,0,0,0,0,0,0,0,0,0,0,0,0,0,0,0,0,0,0,0,0,0,0,0,0,0,0,0,0.730874306617517,0.9435054165891108,0.9874639560909118,0.38873953302184283,0.5602683401276616,0.0036455629509730136,0,0,0.0,0.0,0.0,0.0,0.0,0.0,0.0,0.0,19.5,981.0,0.5,1.2,85,0.0,0
2024-06-19 01:55:00,0,0.0,0.0,0.0,0,0,0.0,0,0,0.0,,0.0,0.0,0,0,0.0,0,0,0,0,0,0,0,0,0,0,0,0,0,0,0,0,0,0,0,0,0,0,0,0,0,0,0,0,0,0,0.7404943844596938,0.9383633778537539,0.9874639560909118,0.38873953302184283,0.5602683401276616,0.0036455629509730136,0,0,0.0,0.0,0.0,0.0,0.0,0.0,0.0,0.0,19.5,981.0,0.5,1.2,85,0.0,0
2024-06-19 02:00:00,0,0.0,0.0,0.0,0,0,0.0,0,0,0.0,,0.0,0.0,0,0,0.0,0,0,0,0,0,0,0,0,0,0,0,0,0,0,0,0,0,0,0,0,0,0,0,0,0,0,0,0,0,0,0.75,0.9330127018922194,0.9874639560909118,0.38873953302184283,0.5602683401276616,0.0036455629509730136,0,0,0.0,0.0,0.0,0.0,0.0,0.0,0.0,0.0,19.5,981.0,0.5,1.3,85,0.0,0
2024-06-19 02:05:00,0,0.0,0.0,0.0,0,0,0.0,0,0,0.0,,0.0,0.0,0,0,0.0,0,0,0,0,0,0,0,0,0,0,0,0,0,0,0,0,0,0,0,0,0,0,0,0,0,0,0,0,0,0,0.7593866290802607,0.9274559353364733,0.9874639560909118,0.38873953302184283,0.5602683401276616,0.0036455629509730136,0,0,0.0,0.0,0.0,0.0,0.0,0.0,0.0,0.0,19.5,981.0,0.5,1.3,85,0.0,0
2024-06-19 02:10:00,0,0.0,0.0,0.0,0,0,0.0,0,0,0.0,,0.0,0.0,0,0,0.0,0,0,0,0,0,0,0,0,0,0,0,0,0,0,0,0,0,0,0,0,0,0,0,0,0,0,0,0,0,0,0.768649804173412,0.9216957229064429,0.9874639560909118,0.38873953302184283,0.5602683401276616,0.0036455629509730136,0,0,0.0,0.0,0.0,0.0,0.0,0.0,0.0,0.0,19.4,981.1,0.3,0.9,85,0.0,0
2024-06-19 02:15:00,0,0.0,0.0,0.0,0,0,0.0,0,0,0.0,,0.0,0.0,0,0,0.0,0,0,0,0,0,0,0,0,0,0,0,0,0,0,0,0,0,0,0,0,0,0,0,0,0,0,0,0,0,0,0.7777851165098011,0.9157348061512727,0.9874639560909118,0.38873953302184283,0.5602683401276616,0.0036455629509730136,0,0,0.0,0.0,0.0,0.0,0.0,0.0,0.0,0.0,19.4,981.1,0.3,0.9,85,0.0,0
2024-06-19 02:20:00,0,0.0,0.0,0.0,0,0,0.0,0,0,0.0,,0.0,0.0,0,0,0.0,0,0,0,0,0,0,0,0,0,0,0,0,0,0,0,0,0,0,0,0,0,0,0,0,0,0,0,0,0,0,0.786788218175523,0.909576022144496,0.9874639560909118,0.38873953302184283,0.5602683401276616,0.0036455629509730136,0,0,0.0,0.0,0.0,0.0,0.0,0.0,0.0,0.0,19.3,981.2,0.2,0.5,86,0.0,0
2024-06-19 02:25:00,0,0.0,0.0,0.0,0,0,0.0,0,0,0.0,,0.0,0.0,0,0,0.0,0,0,0,0,0,0,0,0,0,0,0,0,0,0,0,0,0,0,0,0,0,0,0,0,0,0,0,0,0,0,0.7956548241817911,0.9032223021337413,0.9874639560909118,0.38873953302184283,0.5602683401276616,0.0036455629509730136,0,0,0.0,0.0,0.0,0.0,0.0,0.0,0.0,0.0,19.3,981.2,0.2,0.5,86,0.0,0
2024-06-19 02:30:00,0,0.0,0.0,0.0,0,0,0.0,0,0,0.0,,0.0,0.0,0,0,0.0,0,0,0,0,0,0,0,0,0,0,0,0,0,0,0,0,0,0,0,0,0,0,0,0,0,0,0,0,0,0,0.8043807145043603,0.8966766701456176,0.9874639560909118,0.38873953302184283,0.5602683401276616,0.0036455629509730136,0,0,0.0,0.0,0.0,0.0,0.0,0.0,0.0,0.0,19.3,981.3,0.5,1.1,86,0.0,0
2024-06-19 02:35:00,0,0.0,0.0,0.0,0,0,0.0,0,0,0.0,,0.0,0.0,0,0,0.0,0,0,0,0,0,0,0,0,0,0,0,0,0,0,0,0,0,0,0,0,0,0,0,0,0,0,0,0,0,0,0.8129617360920296,0.8899422415464409,0.9874639560909118,0.38873953302184283,0.5602683401276616,0.0036455629509730136,0,0,0.0,0.0,0.0,0.0,0.0,0.0,0.0,0.0,19.3,981.3,0.5,1.1,86,0.0,0
2024-06-19 02:40:00,0,0.0,0.0,0.0,0,0,0.0,0,0,0.0,,0.0,0.0,0,0,0.0,0,0,0,0,0,0,0,0,0,0,0,0,0,0,0,0,0,0,0,0,0,0,0,0,0,0,0,0,0,0,0.8213938048432696,0.883022221559489,0.9874639560909118,0.38873953302184283,0.5602683401276616,0.0036455629509730136,0,0,0.0,0.0,0.0,0.0,0.0,0.0,0.0,0.0,19.1,981.3,0.2,0.9,87,0.0,0
2024-06-19 02:45:00,0,0.0,0.0,0.0,0,0,0.0,0,0,0.0,,0.0,0.0,0,0,0.0,0,0,0,0,0,0,0,0,0,0,0,0,0,0,0,0,0,0,0,0,0,0,0,0,0,0,0,0,0,0,0.8296729075500344,0.8759199037394887,0.9874639560909118,0.38873953302184283,0.5602683401276616,0.0036455629509730136,0,0,0.0,0.0,0.0,0.0,0.0,0.0,0.0,0.0,19.1,981.3,0.2,0.9,87,0.0,0
2024-06-19 02:50:00,0,0.0,0.0,0.0,0,0,0.0,0,0,0.0,,0.0,0.0,0,0,0.0,0,0,0,0,0,0,0,0,0,0,0,0,0,0,0,0,0,0,0,0,0,0,0,0,0,0,0,0,0,0,0.8377951038078302,0.868638668405062,0.9874639560909118,0.38873953302184283,0.5602683401276616,0.0036455629509730136,0,0,0.0,0.0,0.0,0.0,0.0,0.0,0.0,0.0,19.0,981.4,0.3,1.1,87,0.0,0
2024-06-19 02:55:00,0,0.0,0.0,0.0,0,0,0.0,0,0,0.0,,0.0,0.0,0,0,0.0,0,0,0,0,0,0,0,0,0,0,0,0,0,0,0,0,0,0,0,0,0,0,0,0,0,0,0,0,0,0,0.8457565278911348,0.8611819810298778,0.9874639560909118,0.38873953302184283,0.5602683401276616,0.0036455629509730136,0,0,0.0,0.0,0.0,0.0,0.0,0.0,0.0,0.0,19.0,981.4,0.3,1.1,87,0.0,0
2024-06-19 03:00:00,0,0.0,0.0,0.0,0,0,0.0,0,0,0.0,,0.0,0.0,0,0,0.0,0,0,0,0,0,0,0,0,0,0,0,0,0,0,0,0,0,0,0,0,0,0,0,0,0,0,0,0,0,0,0.8535533905932737,0.8535533905932737,0.9874639560909118,0.38873953302184283,0.5602683401276616,0.0036455629509730136,0,0,0.0,0.0,0.0,0.0,0.0,0.0,0.0,0.0,18.9,981.3,0.4,0.8,88,0.0,0
2024-06-19 03:05:00,0,0.0,0.0,0.0,0,0,0.0,0,0,0.0,,0.0,0.0,0,0,0.0,0,0,0,0,0,0,0,0,0,0,0,0,0,0,0,0,0,0,0,0,0,0,0,0,0,0,0,0,0,0,0.8611819810298778,0.8457565278911346,0.9874639560909118,0.38873953302184283,0.5602683401276616,0.0036455629509730136,0,0,0.0,0.0,0.0,0.0,0.0,0.0,0.0,0.0,18.9,981.3,0.4,0.8,88,0.0,0
2024-06-19 03:10:00,0,0.0,0.0,0.0,0,0,0.0,0,0,0.0,,0.0,0.0,0,0,0.0,0,0,0,0,0,0,0,0,0,0,0,0,0,0,0,0,0,0,0,0,0,0,0,0,0,0,0,0,0,0,0.868638668405062,0.8377951038078302,0.9874639560909118,0.38873953302184283,0.5602683401276616,0.0036455629509730136,0,0,0.0,0.0,0.0,0.0,0.0,0.0,0.0,0.0,18.9,981.4,0.4,0.8,88,0.0,0
2024-06-19 03:15:00,0,0.0,0.0,0.0,0,0,0.0,0,0,0.0,,0.0,0.0,0,0,0.0,0,0,0,0,0,0,0,0,0,0,0,0,0,0,0,0,0,0,0,0,0,0,0,0,0,0,0,0,0,0,0.8759199037394887,0.8296729075500344,0.9874639560909118,0.38873953302184283,0.5602683401276616,0.0036455629509730136,0,0,0.0,0.0,0.0,0.0,0.0,0.0,0.0,0.0,18.9,981.4,0.4,0.8,88,0.0,0
2024-06-19 03:20:00,0,0.0,0.0,0.0,0,0,0.0,0,0,0.0,,0.0,0.0,0,0,0.0,0,0,0,0,0,0,0,0,0,0,0,0,0,0,0,0,0,0,0,0,0,0,0,0,0,0,0,0,0,0,0.883022221559489,0.8213938048432696,0.9874639560909118,0.38873953302184283,0.5602683401276616,0.0036455629509730136,0,0,0.0,0.0,0.0,0.0,0.0,0.0,0.0,0.0,18.9,981.4,0.8,1.9,87,0.0,0
2024-06-19 03:25:00,0,0.0,0.0,0.0,0,0,0.0,0,0,0.0,,0.0,0.0,0,0,0.0,0,0,0,0,0,0,0,0,0,0,0,0,0,0,0,0,0,0,0,0,0,0,0,0,0,0,0,0,0,0,0.8899422415464409,0.8129617360920296,0.9874639560909118,0.38873953302184283,0.5602683401276616,0.0036455629509730136,0,0,0.0,0.0,0.0,0.0,0.0,0.0,0.0,0.0,18.9,981.4,0.8,1.9,87,0.0,0
2024-06-19 03:30:00,0,0.0,0.0,0.0,0,0,0.0,0,0,0.0,,0.0,0.0,0,0,0.0,0,0,0,0,0,0,0,0,0,0,0,0,0,0,0,0,0,0,0,0,0,0,0,0,0,0,0,0,0,0,0.8966766701456176,0.8043807145043603,0.9874639560909118,0.38873953302184283,0.5602683401276616,0.0036455629509730136,0,0,0.0,0.0,0.0,0.0,0.0,0.0,0.0,0.0,18.9,981.4,0.7,1.8,87,0.0,0
2024-06-19 03:35:00,0,0.0,0.0,0.0,0,0,0.0,0,0,0.0,,0.0,0.0,0,0,0.0,0,0,0,0,0,0,0,0,0,0,0,0,0,0,0,0,0,0,0,0,0,0,0,0,0,0,0,0,0,0,0.9032223021337413,0.7956548241817912,0.9874639560909118,0.38873953302184283,0.5602683401276616,0.0036455629509730136,0,0,0.0,0.0,0.0,0.0,0.0,0.0,0.0,0.0,18.9,981.4,0.7,1.8,87,0.0,0
2024-06-19 03:40:00,0,0.0,0.0,0.0,0,0,0.0,0,0,0.0,,0.0,0.0,0,0,0.0,0,0,0,0,0,0,0,0,0,0,0,0,0,0,0,0,0,0,0,0,0,0,0,0,0,0,0,0,0,0,0.9095760221444958,0.786788218175523,0.9874639560909118,0.38873953302184283,0.5602683401276616,0.0036455629509730136,0,0,0.0,0.0,0.0,0.0,0.0,0.0,0.0,0.0,19.0,981.4,0.9,1.5,87,0.0,0
2024-06-19 03:45:00,0,0.0,0.0,0.0,0,0,0.0,0,0,0.0,,0.0,0.0,0,0,0.0,0,0,0,0,0,0,0,0,0,0,0,0,0,0,0,0,0,0,0,0,0,0,0,0,0,0,0,0,0,0,0.9157348061512727,0.7777851165098011,0.9874639560909118,0.38873953302184283,0.5602683401276616,0.0036455629509730136,0,0,0.0,0.0,0.0,0.0,0.0,0.0,0.0,0.0,19.0,981.4,0.9,1.5,87,0.0,0
2024-06-19 03:50:00,0,0.0,0.0,0.0,0,0,0.0,0,0,0.0,,0.0,0.0,0,0,0.0,0,0,0,0,0,0,0,0,0,0,0,0,0,0,0,0,0,0,0,0,0,0,0,0,0,0,0,0,0,0,0.9216957229064429,0.7686498041734118,0.9874639560909118,0.38873953302184283,0.5602683401276616,0.0036455629509730136,0,0,0.0,0.0,0.0,0.0,0.0,0.0,0.0,0.0,18.9,981.5,0.4,1.4,87,0.0,188
2024-06-19 03:55:00,0,0.0,0.0,0.0,0,0,0.0,0,0,0.0,,0.0,0.0,0,0,0.0,0,0,0,0,0,0,0,0,0,0,0,0,0,0,0,0,0,0,0,0,0,0,0,0,0,0,0,0,0,0,0.9274559353364733,0.7593866290802608,0.9874639560909118,0.38873953302184283,0.5602683401276616,0.0036455629509730136,0,0,0.0,0.0,0.0,0.0,0.0,0.0,0.0,0.0,18.9,981.5,0.4,1.4,87,0.0,188
2024-06-19 04:00:00,0,0.0,0.0,0.0,0,0,0.0,0,0,0.0,,0.0,0.0,0,0,0.0,0,0,0,0,0,0,0,0,0,0,0,0,0,0,0,0,0,0,0,0,0,0,0,0,0,0,0,0,0,0,0.9330127018922193,0.75,0.9874639560909118,0.38873953302184283,0.5602683401276616,0.0036455629509730136,0,0,0.0,0.0,0.0,0.0,0.0,0.0,0.0,0.0,19.0,981.6,0.3,0.9,87,0.0,304
2024-06-19 04:05:00,0,0.0,0.0,0.0,0,0,0.0,0,0,0.0,,0.0,0.0,0,0,0.0,0,0,0,0,0,0,0,0,0,0,0,0,0,0,0,0,0,0,0,0,0,0,0,0,0,0,0,0,0,0,0.9383633778537539,0.7404943844596938,0.9874639560909118,0.38873953302184283,0.5602683401276616,0.0036455629509730136,0,0,0.0,0.0,0.0,0.0,0.0,0.0,0.0,0.0,19.0,981.6,0.3,0.9,87,0.0,304
2024-06-19 04:10:00,0,0.0,0.0,0.0,0,0,0.0,0,0,0.0,,0.0,0.0,0,0,0.0,0,0,0,0,0,0,0,0,0,0,0,0,0,0,0,0,0,0,0,0,0,0,0,0,0,0,0,0,0,0,0.9435054165891108,0.730874306617517,0.9874639560909118,0.38873953302184283,0.5602683401276616,0.0036455629509730136,0,0,0.0,0.0,0.0,0.0,0.0,0.0,0.0,0.0,19.0,981.6,0.0,1.0,87,0.0,600
2024-06-19 04:15:00,0,0.0,0.0,0.0,0,0,0.0,0,0,0.0,,0.0,0.0,0,0,0.0,0,0,0,0,0,0,0,0,0,0,0,0,0,0,0,0,0,0,0,0,0,0,0,0,0,0,0,0,0,0,0.9484363707663441,0.7211443451095007,0.9874639560909118,0.38873953302184283,0.5602683401276616,0.0036455629509730136,0,0,0.0,0.0,0.0,0.0,0.0,0.0,0.0,0.0,19.0,981.6,0.0,1.0,87,0.0,600
2024-06-19 04:20:00,0,0.0,0.0,0.0,0,0,0.0,0,0,0.0,,0.0,0.0,0,0,0.0,0,0,0,0,0,0,0,0,0,0,0,0,0,0,0,0,0,0,0,0,0,0,0,0,0,0,0,0,0,0,0.953153893518325,0.7113091308703497,0.9874639560909118,0.38873953302184283,0.5602683401276616,0.0036455629509730136,0,0,0.0,0.0,0.0,0.0,0.0,0.0,0.0,0.0,19.3,981.8,0.1,0.6,85,0.0,600
2024-06-19 04:25:00,0,0.0,0.0,0.0,0,0,0.0,0,0,0.0,,0.0,0.0,0,0,0.0,0,0,0,0,0,0,0,0,0,0,0,0,0,0,0,0,0,0,0,0,0,0,0,0,0,0,0,0,0,0,0.9576557395597236,0.7013733449293686,0.9874639560909118,0.38873953302184283,0.5602683401276616,0.0036455629509730136,0,0,0.0,0.0,0.0,0.0,0.0,0.0,0.0,0.0,19.3,981.8,0.1,0.6,85,0.0,600
2024-06-19 04:30:00,0,0.0,0.0,0.0,0,0,0.0,0,0,0.0,,0.0,0.0,0,0,0.0,0,0,0,0,0,0,0,0,0,0,0,0,0,0,0,0,0,0,0,0,0,0,0,0,0,0,0,0,0,0,0.9619397662556434,0.6913417161825449,0.9874639560909118,0.38873953302184283,0.5602683401276616,0.0036455629509730136,0,0,0.0,0.0,0.0,0.0,0.0,0.0,0.0,0.0,19.5,982.0,0.4,1.0,84,0.0,600
2024-06-19 04:35:00,0,0.0,0.0,0.0,0,0,0.0,0,0,0.0,,0.0,0.0,0,0,0.0,0,0,0,0,0,0,0,0,0,0,0,0,0,0,0,0,0,0,0,0,0,0,0,0,0,0,0,0,0,0,0.9660039346413992,0.6812190191418508,0.9874639560909118,0.38873953302184283,0.5602683401276616,0.0036455629509730136,0,0,0.0,0.0,0.0,0.0,0.0,0.0,0.0,0.0,19.5,982.0,0.4,1.0,84,0.0,600
2024-06-19 04:40:00,0,0.0,0.0,0.0,0,0,0.0,0,0,0.0,,0.0,0.0,0,0,0.0,0,0,0,0,0,0,0,0,0,0,0,0,0,0,0,0,0,0,0,0,0,0,0,0,0,0,0,0,0,0,0.9698463103929542,0.6710100716628344,0.9874639560909118,0.38873953302184283,0.5602683401276616,0.0036455629509730136,0,0,0.0,0.0,0.0,0.0,0.0,0.0,0.0,0.0,19.8,982.1,0.2,0.6,83,0.0,600
2024-06-19 04:45:00,0,0.0,0.0,0.0,0,0,0.0,0,0,0.0,,0.0,0.0,0,0,0.0,0,0,0,0,0,0,0,0,0,0,0,0,0,0,0,0,0,0,0,0,0,0,0,0,0,0,0,0,0,0,0.9734650647475528,0.6607197326515808,0.9874639560909118,0.38873953302184283,0.5602683401276616,0.0036455629509730136,0,0,0.0,0.0,0.0,0.0,0.0,0.0,0.0,0.0,19.8,982.1,0.2,0.6,83,0.0,600
2024-06-19 04:50:00,0,0.0,0.0,0.0,0,0,0.0,0,0,0.0,,0.0,0.0,0,0,0.0,0,0,0,0,0,0,0,0,0,0,0,0,0,0,0,0,0,0,0,0,0,0,0,0,0,0,0,0,0,0,0.9768584753741134,0.6503528997521366,0.9874639560909118,0.38873953302184283,0.5602683401276616,0.0036455629509730136,0,0,0.0,0.0,0.0,0.0,0.0,0.0,0.0,0.0,20.1,982.2,0.5,1.5,81,0.0,600
2024-06-19 04:55:00,0,0.0,0.0,0.0,0,0,0.0,0,0,0.0,,0.0,0.0,0,0,0.0,0,0,0,0,0,0,0,0,0,0,0,0,0,0,0,0,0,0,0,0,0,0,0,0,0,0,0,0,0,0,0.9800249271929644,0.639914507015496,0.9874639560909118,0.38873953302184283,0.5602683401276616,0.0036455629509730136,0,0,0.0,0.0,0.0,0.0,0.0,0.0,0.0,0.0,20.1,982.2,0.5,1.5,81,0.0,600
2024-06-19 05:00:00,0,0.0,0.0,0.0,0,0,0.0,0,0,0.0,,0.0,0.0,0,0,0.0,0,0,0,0,0,0,0,0,0,0,0,0,0,0,0,0,0,0,0,0,0,0,0,0,0,0,0,0,0,0,0.9829629131445341,0.6294095225512604,0.9874639560909118,0.38873953302184283,0.5602683401276616,0.0036455629509730136,0,0,0.0,0.0,0.0,0.0,0.0,0.0,0.0,0.0,20.5,982.3,0.5,1.1,78,0.0,600
2024-06-19 05:05:00,0,0.0,0.0,0.0,0,0,0.0,0,0,0.0,,0.0,0.0,0,0,0.0,0,0,0,0,0,0,0,0,0,0,0,0,0,0,0,0,0,0,0,0,0,0,0,0,0,0,0,0,0,0,0.9856710349066307,0.6188429461630865,0.9874639560909118,0.38873953302184283,0.5602683401276616,0.0036455629509730136,0,0,0.0,0.0,0.0,0.0,0.0,0.0,0.0,0.0,20.5,982.3,0.5,1.1,78,0.0,600
2024-06-19 05:10:00,0,0.0,0.0,0.0,0,0,0.0,0,0,0.0,,0.0,0.0,0,0,0.0,0,0,0,0,0,0,0,0,0,0,0,0,0,0,0,0,0,0,0,0,0,0,0,0,0,0,0,0,0,0,0.9881480035599667,0.6082198069690514,0.9874639560909118,0.38873953302184283,0.5602683401276616,0.0036455629509730136,0,0,0.0,0.0,0.0,0.0,0.0,0.0,0.0,0.0,20.8,982.3,0.5,1.7,77,0.0,600
2024-06-19 05:15:00,0,0.0,0.0,0.0,0,0,0.0,0,0,0.0,,0.0,0.0,0,0,0.0,0,0,0,0,0,0,0,0,0,0,0,0,0,0,0,0,0,0,0,0,0,0,0,0,0,0,0,0,0,0,0.9903926402016152,0.5975451610080642,0.9874639560909118,0.38873953302184283,0.5602683401276616,0.0036455629509730136,0,0,0.0,0.0,0.0,0.0,0.0,0.0,0.0,0.0,20.8,982.3,0.5,1.7,77,0.0,600
2024-06-19 05:20:00,0,0.0,0.0,0.0,0,0,0.0,0,0,0.0,,0.0,0.0,0,0,0.0,0,0,0,0,0,0,0,0,0,0,0,0,0,0,0,0,0,0,0,0,0,0,0,0,0,0,0,0,0,0,0.9924038765061041,0.5868240888334653,0.9874639560909118,0.38873953302184283,0.5602683401276616,0.0036455629509730136,0,0,0.0,0.0,0.0,0.0,0.0,0.0,0.0,0.0,20.9,982.3,0.4,0.9,78,0.0,600
2024-06-19 05:25:00,0,0.0,0.0,0.0,0,0,0.0,0,0,0.0,,0.0,0.0,0,0,0.0,0,0,0,0,0,0,0,0,0,0,0,0,0,0,0,0,0,0,0,0,0,0,0,0,0,0,0,0,0,0,0.9941807552338804,0.5760616930949584,0.9874639560909118,0.38873953302184283,0.5602683401276616,0.0036455629509730136,0,0,0.0,0.0,0.0,0.0,0.0,0.0,0.0,0.0,20.9,982.3,0.4,0.9,78,0.0,600
2024-06-19 05:30:00,0,0.0,0.0,0.0,0,0,0.0,0,0,0.0,,0.0,0.0,0,0,0.0,0,0,0,0,0,0,0,0,0,0,0,0,0,0,0,0,0,0,0,0,0,0,0,0,0,0,0,0,0,0,0.9957224306869052,0.5652630961100259,0.9874639560909118,0.38873953302184283,0.5602683401276616,0.0036455629509730136,0,0,0.0,0.0,0.0,0.0,0.0,0.0,0.0,0.0,21.3,982.4,0.4,0.9,76,0.0,600
2024-06-19 05:35:00,0,0.0,0.0,0.0,0,0,0.0,0,0,0.0,,0.0,0.0,0,0,0.0,0,0,0,0,0,0,0,0,0,0,0,0,0,0,0,0,0,0,0,0,0,0,0,0,0,0,0,0,0,0,0.9970281691111598,0.5544334374259824,0.9874639560909118,0.38873953302184283,0.5602683401276616,0.0036455629509730136,0,0,0.0,0.0,0.0,0.0,0.0,0.0,0.0,0.0,21.3,982.4,0.4,0.9,76,0.0,600
2024-06-19 05:40:00,0,0.0,0.0,0.0,0,0,0.0,0,0,0.0,,0.0,0.0,0,0,0.0,0,0,0,0,0,0,0,0,0,0,0,0,0,0,0,0,0,0,0,0,0,0,0,0,0,0,0,0,0,0,0.9980973490458728,0.5435778713738291,0.9874639560909118,0.38873953302184283,0.5602683401276616,0.0036455629509730136,0,0,0.0,0.0,0.0,0.0,0.0,0.0,0.0,0.0,21.6,982.4,0.6,1.7,76,0.0,600
2024-06-19 05:45:00,0,0.0,0.0,0.0,0,0,0.0,0,0,0.0,,0.0,0.0,0,0,0.0,0,0,0,0,0,0,0,0,0,0,0,0,0,0,0,0,0,0,0,0,0,0,0,0,0,0,0,0,0,0,0.9989294616193017,0.5327015646150716,0.9874639560909118,0.38873953302184283,0.5602683401276616,0.0036455629509730136,0,0,0.0,0.0,0.0,0.0,0.0,0.0,0.0,0.0,21.6,982.4,0.6,1.7,76,0.0,600
2024-06-19 05:50:00,0,0.0,0.0,0.0,0,0,0.0,0,0,0.0,,0.0,0.0,0,0,0.0,0,0,0,0,0,0,0,0,0,0,0,0,0,0,0,0,0,0,0,0,0,0,0,0,0,0,0,0,0,0,0.999524110790929,0.521809693682668,0.9874639560909118,0.38873953302184283,0.5602683401276616,0.0036455629509730136,0,0,0.0,0.0,0.0,0.0,0.0,0.0,0.0,0.0,22.7,982.4,0.7,2.1,74,0.0,600
2024-06-19 05:55:00,0,0.0,0.0,0.0,0,0,0.0,0,0,0.0,,0.0,0.0,0,0,0.0,0,0,0,0,0,0,0,0,0,0,0,0,0,0,0,0,0,0,0,0,0,0,0,0,0,0,0,0,0,0,0.9998810135399545,0.5109074425172806,0.9874639560909118,0.38873953302184283,0.5602683401276616,0.0036455629509730136,0,0,0.0,0.0,0.0,0.0,0.0,0.0,0.0,0.0,22.7,982.4,0.7,2.1,74,0.0,600
2024-06-19 06:00:00,0,0.0,0.0,0.0,0,0,0.0,0,0,0.0,,0.0,0.0,0,0,0.0,0,0,0,0,0,0,0,0,0,0,0,0,0,0,0,0,0,0,0,0,0,0,0,0,0,0,0,0,0,0,1.0,0.5,0.9874639560909118,0.38873953302184283,0.5602683401276616,0.0036455629509730136,0,0,0.0,0.0,0.0,0.0,0.0,0.0,0.0,0.0,22.7,982.5,1.1,2.4,74,0.0,600
2024-06-19 06:05:00,0,0.0,0.0,0.0,0,0,0.0,0,0,0.0,,0.0,0.0,0,0,0.0,0,0,0,0,0,0,0,0,0,0,0,0,0,0,0,0,0,0,0,0,0,0,0,0,0,0,0,0,0,0,0.9998810135399545,0.48909255748271946,0.9874639560909118,0.38873953302184283,0.5602683401276616,0.0036455629509730136,0,0,0.0,0.0,0.0,0.0,0.0,0.0,0.0,0.0,22.7,982.5,1.1,2.4,74,0.0,600
2024-06-19 06:10:00,0,0.0,0.0,0.0,0,0,0.0,0,0,0.0,,0.0,0.0,0,0,0.0,0,0,0,0,0,0,0,0,0,0,0,0,0,0,0,0,0,0,0,0,0,0,0,0,0,0,0,0,0,0,0.999524110790929,0.47819030631733195,0.9874639560909118,0.38873953302184283,0.5602683401276616,0.0036455629509730136,0,0,0.0,0.0,0.0,0.0,0.0,0.0,0.0,0.0,22.9,982.5,1.4,2.8,73,0.0,600
2024-06-19 06:15:00,0,0.0,0.0,0.0,0,0,0.0,0,0,0.0,,0.0,0.0,0,0,0.0,0,0,0,0,0,0,0,0,0,0,0,0,0,0,0,0,0,0,0,0,0,0,0,0,0,0,0,0,0,0,0.9989294616193017,0.46729843538492843,0.9874639560909118,0.38873953302184283,0.5602683401276616,0.0036455629509730136,0,0,0.0,0.0,0.0,0.0,0.0,0.0,0.0,0.0,22.9,982.5,1.4,2.8,73,0.0,600
2024-06-19 06:20:00,0,0.0,0.0,0.0,0,0,0.0,0,0,0.0,,0.0,0.0,0,0,0.0,0,0,0,0,0,0,0,0,0,0,0,0,0,0,0,0,0,0,0,0,0,0,0,0,0,0,0,0,0,0,0.9980973490458728,0.4564221286261709,0.9874639560909118,0.38873953302184283,0.5602683401276616,0.0036455629509730136,0,0,0.0,0.0,0.0,0.0,0.0,0.0,0.0,0.0,23.0,982.4,0.5,2.4,71,0.0,600
2024-06-19 06:25:00,0,0.0,0.0,0.0,0,0,0.0,0,0,0.0,,0.0,0.0,0,0,0.0,0,0,0,0,0,0,0,0,0,0,0,0,0,0,0,0,0,0,0,0,0,0,0,0,0,0,0,0,0,0,0.9970281691111598,0.44556656257401783,0.9874639560909118,0.38873953302184283,0.5602683401276616,0.0036455629509730136,0,0,0.0,0.0,0.0,0.0,0.0,0.0,0.0,0.0,23.0,982.4,0.5,2.4,71,0.0,600
2024-06-19 06:30:00,0,0.0,0.0,0.0,0,0,0.0,0,0,0.0,,0.0,0.0,0,0,0.0,0,0,0,0,0,0,0,0,0,0,0,0,0,0,0,0,0,0,0,0,0,0,0,0,0,0,0,0,0,0,0.9957224306869052,0.4347369038899743,0.9874639560909118,0.38873953302184283,0.5602683401276616,0.0036455629509730136,0,0,0.0,0.0,0.0,0.0,0.0,0.0,0.0,0.0,24.4,982.4,1.0,2.3,70,0.0,600
2024-06-19 06:35:00,0,0.0,0.0,0.0,0,0,0.0,0,0,0.0,,0.0,0.0,0,0,0.0,0,0,0,0,0,0,0,0,0,0,0,0,0,0,0,0,0,0,0,0,0,0,0,0,0,0,0,0,0,0,0.9941807552338804,0.42393830690504175,0.9874639560909118,0.38873953302184283,0.5602683401276616,0.0036455629509730136,0,0,0.0,0.0,0.0,0.0,0.0,0.0,0.0,0.0,24.4,982.4,1.0,2.3,70,0.0,600
2024-06-19 06:40:00,0,0.0,0.0,0.0,0,0,0.0,0,0,0.0,,0.0,0.0,0,0,0.0,0,0,0,0,0,0,0,0,0,0,0,0,0,0,0,0,0,0,0,0,0,0,0,0,0,0,0,0,0,0,0.9924038765061041,0.41317591116653485,0.9874639560909118,0.38873953302184283,0.5602683401276616,0.0036455629509730136,0,0,0.0,0.0,0.0,0.0,0.0,0.0,0.0,0.0,24.4,982.4,0.5,1.9,69,0.0,600
2024-06-19 06:45:00,0,0.0,0.0,0.0,0,0,0.0,0,0,0.0,,0.0,0.0,0,0,0.0,0,0,0,0,0,0,0,0,0,0,0,0,0,0,0,0,0,0,0,0,0,0,0,0,0,0,0,0,0,0,0.9903926402016152,0.4024548389919359,0.9874639560909118,0.38873953302184283,0.5602683401276616,0.0036455629509730136,0,0,0.0,0.0,0.0,0.0,0.0,0.0,0.0,0.0,24.4,982.4,0.5,1.9,69,0.0,600
2024-06-19 06:50:00,0,0.0,0.0,0.0,0,0,0.0,0,0,0.0,,0.0,0.0,0,0,0.0,0,0,0,0,0,0,0,0,0,0,0,0,0,0,0,0,0,0,0,0,0,0,0,0,0,0,0,0,0,0,0.9881480035599667,0.3917801930309486,0.9874639560909118,0.38873953302184283,0.5602683401276616,0.0036455629509730136,0,0,0.0,0.0,0.0,0.0,0.0,0.0,0.0,0.0,24.5,982.4,1.0,1.9,66,0.0,600
2024-06-19 06:55:00,0,0.0,0.0,0.0,0,0,0.0,0,0,0.0,,0.0,0.0,0,0,0.0,0,0,0,0,0,0,0,0,0,0,0,0,0,0,0,0,0,0,0,0,0,0,0,0,0,0,0,0,0,0,0.9856710349066307,0.3811570538369134,0.9874639560909118,0.38873953302184283,0.5602683401276616,0.0036455629509730136,0,0,0.0,0.0,0.0,0.0,0.0,0.0,0.0,0.0,24.5,982.4,1.0,1.9,66,0.0,600
2024-06-19 07:00:00,0,0.0,0.0,0.0,0,0,0.0,0,0,0.0,,0.0,0.0,0,0,0.0,0,0,0,0,0,0,0,0,0,0,0,0,0,0,0,0,0,0,0,0,0,0,0,0,0,0,0,0,0,0,0.9829629131445341,0.3705904774487396,0.9874639560909118,0.38873953302184283,0.5602683401276616,0.0036455629509730136,0,0,0.0,0.0,0.0,0.0,0.0,0.0,0.0,0.0,24.7,982.5,0.9,1.9,65,0.0,600
2024-06-19 07:05:00,0,0.0,0.0,0.0,0,0,0.0,0,0,0.0,,0.0,0.0,0,0,0.0,0,0,0,0,0,0,0,0,0,0,0,0,0,0,0,0,0,0,0,0,0,0,0,0,0,0,0,0,0,0,0.9800249271929644,0.360085492984504,0.9874639560909118,0.38873953302184283,0.5602683401276616,0.0036455629509730136,0,0,0.0,0.0,0.0,0.0,0.0,0.0,0.0,0.0,24.7,982.5,0.9,1.9,65,0.0,600
2024-06-19 07:10:00,0,0.0,0.0,0.0,0,0,0.0,0,0,0.0,,0.0,0.0,0,0,0.0,0,0,0,0,0,0,0,0,0,0,0,0,0,0,0,0,0,0,0,0,0,0,0,0,0,0,0,0,0,0,0.9768584753741134,0.3496471002478635,0.9874639560909118,0.38873953302184283,0.5602683401276616,0.0036455629509730136,0,0,0.0,0.0,0.0,0.0,0.0,0.0,0.0,0.0,25.1,982.4,1.1,2.3,64,0.0,600
2024-06-19 07:15:00,0,0.0,0.0,0.0,0,0,0.0,0,0,0.0,,0.0,0.0,0,0,0.0,0,0,0,0,0,0,0,0,0,0,0,0,0,0,0,0,0,0,0,0,0,0,0,0,0,0,0,0,0,0,0.9734650647475529,0.3392802673484193,0.9874639560909118,0.38873953302184283,0.5602683401276616,0.0036455629509730136,0,0,0.0,0.0,0.0,0.0,0.0,0.0,0.0,0.0,25.1,982.4,1.1,2.3,64,0.0,600
2024-06-19 07:20:00,0,0.0,0.0,0.0,0,0,0.0,0,0,0.0,,0.0,0.0,0,0,0.0,0,0,0,0,0,0,0,0,0,0,0,0,0,0,0,0,0,0,0,0,0,0,0,0,0,0,0,0,0,0,0.9698463103929542,0.3289899283371658,0.9874639560909118,0.38873953302184283,0.5602683401276616,0.0036455629509730136,0,0,0.0,0.0,0.0,0.0,0.0,0.0,0.0,0.0,26.2,982.4,1.0,2.7,62,0.0,600
2024-06-19 07:25:00,0,0.0,0.0,0.0,0,0,0.0,0,0,0.0,,0.0,0.0,0,0,0.0,0,0,0,0,0,0,0,0,0,0,0,0,0,0,0,0,0,0,0,0,0,0,0,0,0,0,0,0,0,0,0.9660039346413993,0.3187809808581492,0.9874639560909118,0.38873953302184283,0.5602683401276616,0.0036455629509730136,0,0,0.0,0.0,0.0,0.0,0.0,0.0,0.0,0.0,26.2,982.4,1.0,2.7,62,0.0,600
2024-06-19 07:30:00,0,0.0,0.0,0.0,0,0,0.0,0,0,0.0,,0.0,0.0,0,0,0.0,0,0,0,0,0,0,0,0,0,0,0,0,0,0,0,0,0,0,0,0,0,0,0,0,0,0,0,0,0,0,0.9619397662556434,0.30865828381745514,0.9874639560909118,0.38873953302184283,0.5602683401276616,0.0036455629509730136,0,0,0.0,0.0,0.0,0.0,0.0,0.0,0.0,0.0,25.7,982.4,1.3,2.7,63,0.0,600
2024-06-19 07:35:00,1,0.006578947368421052,1.0,0.006578947368421052,0,0,0.0,0,0,0.0,,0.0,0.0,0,0,0.0,0,0,0,0,0,0,0,0,0,0,0,0,0,0,0,0,0,0,0,0,0,0,0,0,0,0,0,0,0,0,0.9576557395597236,0.29862665507063146,0.9874639560909118,0.38873953302184283,0.5602683401276616,0.0036455629509730136,0,0,0.0,0.006578947368421052,1.0,0.0,1.0,0.0,0.006578947368421052,0.0,25.7,982.4,1.3,2.7,63,0.0,600
2024-06-19 07:40:00,0,0.0,-1.0,-0.006578947368421052,0,0,0.0,0,0,0.0,,0.0,0.0,0,0,0.0,0,0,0,0,0,0,0,0,0,0,0,0,0,0,0,0,0,0,0,0,0,0,0,0,0,0,0,0,0,0,0.9531538935183249,0.28869086912965014,0.9874639560909118,0.38873953302184283,0.5602683401276616,0.0036455629509730136,0,0,0.0,0.006578947368421052,1.0,0.0,0.0,0.0,0.0,0.0,26.2,982.4,1.4,3.0,63,0.0,600
2024-06-19 07:45:00,0,0.0,0.0,0.0,0,0,0.0,0,0,0.0,,0.0,0.0,0,0,0.0,0,0,0,0,0,0,0,0,0,0,0,0,0,0,0,0,0,0,0,0,0,0,0,0,0,0,0,0,0,0,0.9484363707663441,0.27885565489049946,0.9874639560909118,0.38873953302184283,0.5602683401276616,0.0036455629509730136,0,0,0.0,0.006578947368421052,1.0,0.0,0.0,0.0,0.0,0.0,26.2,982.4,1.4,3.0,63,0.0,600
2024-06-19 07:50:00,0,0.0,0.0,0.0,0,0,0.0,0,0,0.0,,0.0,0.0,0,0,0.0,0,0,0,0,0,0,0,0,0,0,0,0,0,0,0,0,0,0,0,0,0,0,0,0,0,0,0,0,0,0,0.9435054165891109,0.26912569338248316,0.9874639560909118,0.38873953302184283,0.5602683401276616,0.0036455629509730136,0,0,0.0,0.019736842105263157,3.0,0.0,2.0,0.0,0.013157894736842105,0.0,26.6,982.5,1.8,4.2,61,0.0,600
2024-06-19 07:55:00,1,0.006578947368421052,1.0,0.006578947368421052,0,0,0.0,0,0,0.0,,0.0,0.0,0,0,0.0,0,0,0,0,0,0,0,0,0,0,0,0,0,0,0,0,0,0,0,0,0,0,0,0,0,0,0,0,0,0,0.9383633778537539,0.25950561554030627,0.9874639560909118,0.38873953302184283,0.5602683401276616,0.0036455629509730136,0,0,0.0,0.05263157894736842,8.0,0.0,5.0,0.0,0.03289473684210526,0.0,26.6,982.5,1.8,4.2,61,0.0,600
2024-06-19 08:00:00,7,0.046052631578947366,6.0,0.039473684210526314,0,0,0.0,0,0,0.0,,0.0,0.0,0,0,0.0,0,0,0,0,0,0,0,0,0,0,0,0,0,0,0,0,0,0,0,0,0,0,0,0,0,0,0,0,0,0,0.9330127018922194,0.2500000000000001,0.9874639560909118,0.38873953302184283,0.5602683401276616,0.0036455629509730136,0,0,0.0,0.07236842105263158,11.0,0.0,3.0,0.0,0.019736842105263164,0.0,27.1,982.6,0.4,3.1,59,0.0,600
2024-06-19 08:05:00,8,0.05263157894736842,1.0,0.006578947368421052,0,0,0.0,0,0,0.0,,0.0,0.0,0,0,0.0,0,0,0,0,0,0,0,0,0,0,0,0,0,0,0,0,0,0,0,0,0,0,0,0,0,0,0,0,0,0,0.9274559353364733,0.24061337091973917,0.9874639560909118,0.38873953302184283,0.5602683401276616,0.0036455629509730136,0,0,1.0,0.1118421052631579,17.0,0.006578947368421052,6.0,1.0,0.039473684210526314,0.006578947368421052,27.1,982.6,0.4,3.1,59,0.0,600
2024-06-19 08:10:00,9,0.05921052631578947,1.0,0.006578947368421052,0,0,0.0,0,0,0.0,,0.0,0.0,0,0,0.0,0,0,0,0,0,0,0,0,0,0,0,0,0,0,0,0,0,0,0,0,0,0,0,0,0,0,0,0,0,0,0.9216957229064429,0.23135019582658822,0.9874639560909118,0.38873953302184283,0.5602683401276616,0.0036455629509730136,0,0,0.0,0.17105263157894737,26.0,0.0,9.0,-1.0,0.05921052631578948,-0.006578947368421052,27.3,982.6,1.2,3.6,58,0.0,600
2024-06-19 08:15:00,8,0.05263157894736842,-1.0,-0.006578947368421052,0,0,0.0,0,0,0.0,,0.0,0.0,0,0,0.0,0,0,0,0,0,0,0,0,0,0,0,0,0,0,0,0,0,0,0,0,0,0,0,0,0,0,0,0,0,0,0.9157348061512727,0.22221488349019902,0.9874639560909118,0.38873953302184283,0.5602683401276616,0.0036455629509730136,0,0,2.0,0.27631578947368424,42.0,0.013157894736842105,16.0,2.0,0.10526315789473686,0.013157894736842105,27.3,982.6,1.2,3.6,58,0.0,600
2024-06-19 08:20:00,12,0.07894736842105263,4.0,0.02631578947368421,0,0,0.0,0,0,0.0,,0.3333333333333333,0.0,0,0,0.0,0,0,0,0,0,0,0,0,0,0,0,0,0,0,0,0,0,0,0,0,0,0,0,0,0,0,0,0,0,0,0.9095760221444958,0.21321178182447692,0.9874639560909118,0.38873953302184283,0.5602683401276616,0.0036455629509730136,0,0,6.0,0.375,57.0,0.039473684210526314,15.0,4.0,0.09868421052631576,0.02631578947368421,27.1,982.6,0.6,3.4,56,0.0,600
2024-06-19 08:25:00,12,0.07894736842105263,0.0,0.0,0,0,0.0,0,0,0.0,,0.6666666666666666,0.0,0,0,0.0,0,0,0,0,0,0,0,0,0,0,0,0,0,0,0,0,0,0,0,0,0,0,0,0,0,0,0,0,0,0,0.9032223021337413,0.20434517581820894,0.9874639560909118,0.38873953302184283,0.5602683401276616,0.0036455629509730136,0,0,11.0,0.4342105263157895,66.0,0.07236842105263158,9.0,5.0,0.05921052631578949,0.03289473684210527,27.1,982.6,0.6,3.4,56,0.0,600
2024-06-19 08:30:00,13,0.08552631578947369,1.0,0.006578947368421059,1,0,0.0,13,0,-1.0,239.010,0.0,0.08552631578947369,1,0,3.0,0,0,0,0,1,0,1,0,0,0,0,0,0,0,0,0,0,0,0,0,0,0,0,0,1,0,0,0,0,0,0.8966766701456176,0.19561928549563967,0.9874639560909118,0.38873953302184283,0.5602683401276616,0.0036455629509730136,0,0,16.0,0.46710526315789475,71.0,0.10526315789473684,5.0,5.0,0.032894736842105254,0.032894736842105254,27.2,982.6,1.2,3.8,54,0.0,600
2024-06-19 08:35:00,13,0.08552631578947369,0.0,0.0,1,0,0.0,13,0,-1.0,239.010,0.0,0.08552631578947369,1,0,3.0,0,0,0,0,1,0,1,0,0,0,0,0,0,0,0,0,0,0,0,0,0,0,0,0,1,0,0,0,0,0,0.8899422415464409,0.18703826390797046,0.9874639560909118,0.38873953302184283,0.5602683401276616,0.0036455629509730136,0,0,17.0,0.48026315789473684,73.0,0.1118421052631579,2.0,1.0,0.01315789473684209,0.006578947368421059,27.2,982.6,1.2,3.8,54,0.0,600
2024-06-19 08:40:00,13,0.08552631578947369,0.0,0.0,1,0,0.0,13,0,-1.0,239.010,0.0,0.08552631578947369,1,0,3.0,0,0,0,0,1,0,1,0,0,0,0,0,0,0,0,0,0,0,0,0,0,0,0,0,1,0,0,0,0,0,0.883022221559489,0.17860619515673032,0.9874639560909118,0.38873953302184283,0.5602683401276616,0.0036455629509730136,0,0,17.0,0.48026315789473684,73.0,0.1118421052631579,0.0,0.0,0.0,0.0,27.1,982.6,1.8,4.8,56,0.0,600
2024-06-19 08:45:00,13,0.08552631578947369,0.0,0.0,1,0,0.0,13,0,-1.0,239.010,0.0,0.08552631578947369,1,0,3.0,0,0,0,0,1,0,1,0,0,0,0,0,0,0,0,0,0,0,0,0,0,0,0,0,1,0,0,0,0,0,0.8759199037394887,0.17032709244996558,0.9874639560909118,0.38873953302184283,0.5602683401276616,0.0036455629509730136,0,0,17.0,0.48026315789473684,73.0,0.1118421052631579,0.0,0.0,0.0,0.0,27.1,982.6,1.8,4.8,56,0.0,600
2024-06-19 08:50:00,13,0.08552631578947369,0.0,0.0,1,0,0.0,13,0,-1.0,239.010,0.0,0.08552631578947369,1,0,3.0,0,0,0,0,1,0,1,0,0,0,0,0,0,0,0,0,0,0,0,0,0,0,0,0,1,0,0,0,0,0,0.868638668405062,0.16220489619216988,0.9874639560909118,0.38873953302184283,0.5602683401276616,0.0036455629509730136,0,0,17.0,0.48026315789473684,73.0,0.1118421052631579,0.0,0.0,0.0,0.0,27.4,982.7,1.3,4.7,55,0.0,600
2024-06-19 08:55:00,13,0.08552631578947369,0.0,0.0,1,0,0.0,13,0,-1.0,239.010,0.0,0.08552631578947369,1,0,3.0,0,0,0,0,1,0,1,0,0,0,0,0,0,0,0,0,0,0,0,0,0,0,0,0,1,0,0,0,0,0,0.861181981029878,0.15424347210886552,0.9874639560909118,0.38873953302184283,0.5602683401276616,0.0036455629509730136,0,0,17.0,0.4407894736842105,67.0,0.1118421052631579,-6.0,0.0,-0.03947368421052633,0.0,27.4,982.7,1.3,4.7,55,0.0,600
2024-06-19 09:00:00,13,0.08552631578947369,0.0,0.0,1,0,0.0,13,0,-1.0,239.010,0.0,0.08552631578947369,1,0,3.0,0,0,0,0,1,0,1,0,0,0,0,0,0,0,0,0,0,0,0,0,0,0,0,0,1,0,0,0,0,0,0.8535533905932737,0.14644660940672627,0.9874639560909118,0.38873953302184283,0.5602683401276616,0.0036455629509730136,0,0,17.0,0.3355263157894737,51.0,0.1118421052631579,-16.0,0.0,-0.10526315789473684,0.0,27.4,982.6,0.6,2.8,55,0.0,600
2024-06-19 09:05:00,13,0.08552631578947369,0.0,0.0,1,0,0.0,13,0,-1.0,239.010,0.0,0.08552631578947369,1,0,3.0,0,0,0,0,1,0,1,0,0,0,0,0,0,0,0,0,0,0,0,0,0,0,0,0,1,0,0,0,0,0,0.8457565278911345,0.13881801897012208,0.9874639560909118,0.38873953302184283,0.5602683401276616,0.0036455629509730136,0,0,17.0,0.13815789473684212,21.0,0.1118421052631579,-30.0,0.0,-0.19736842105263155,0.0,27.4,982.6,0.6,2.8,55,0.0,600
2024-06-19 09:10:00,13,0.08552631578947369,0.0,0.0,1,0,0.0,13,0,-1.0,239.010,0.0,0.08552631578947369,1,0,3.0,0,0,0,0,1,0,1,0,0,0,0,0,0,0,0,0,0,0,0,0,0,0,0,0,1,0,0,0,0,0,0.8377951038078302,0.131361331594938,0.9874639560909118,0.38873953302184283,0.5602683401276616,0.0036455629509730136,0,0,17.0,0.06578947368421052,10.0,0.1118421052631579,-11.0,0.0,-0.0723684210526316,0.0,27.6,982.6,0.6,3.1,54,0.0,600
2024-06-19 09:15:00,13,0.08552631578947369,0.0,0.0,1,0,0.0,13,0,-1.0,239.010,0.0,0.08552631578947369,1,0,3.0,0,0,0,0,1,0,1,0,0,0,0,0,0,0,0,0,0,0,0,0,0,0,0,0,1,0,0,0,0,0,0.8296729075500344,0.12408009626051136,0.9874639560909118,0.38873953302184283,0.5602683401276616,0.0036455629509730136,0,0,17.0,0.02631578947368421,4.0,0.1118421052631579,-6.0,0.0,-0.039473684210526314,0.0,27.6,982.6,0.6,3.1,54,0.0,600
2024-06-19 09:20:00,13,0.08552631578947369,0.0,0.0,1,0,0.0,13,0,-1.0,239.010,0.0,0.08552631578947369,1,0,3.0,0,0,0,0,1,0,1,0,0,0,0,0,0,0,0,0,0,0,0,0,0,0,0,0,1,0,0,0,0,0,0.8213938048432697,0.11697777844051105,0.9874639560909118,0.38873953302184283,0.5602683401276616,0.0036455629509730136,0,0,17.0,0.006578947368421052,1.0,0.1118421052631579,-3.0,0.0,-0.019736842105263157,0.0,28.3,982.4,0.4,2.3,55,0.0,600
2024-06-19 09:25:00,13,0.08552631578947369,0.0,0.0,1,0,0.0,13,0,-1.0,239.010,0.0,0.08552631578947369,1,0,3.0,0,0,0,0,1,0,1,0,0,0,0,0,0,0,0,0,0,0,0,0,0,0,0,0,1,0,0,0,0,0,0.8129617360920296,0.1100577584535592,0.9874639560909118,0.38873953302184283,0.5602683401276616,0.0036455629509730136,0,0,17.0,0.0,0.0,0.1118421052631579,-1.0,0.0,-0.006578947368421052,0.0,28.3,982.4,0.4,2.3,55,0.0,600
2024-06-19 09:30:00,13,0.08552631578947369,0.0,0.0,1,0,0.0,13,0,-1.0,239.010,0.0,0.08552631578947369,1,0,3.0,0,0,0,0,1,0,1,0,0,0,0,0,0,0,0,0,0,0,0,0,0,0,0,0,1,0,0,0,0,0,0.8043807145043604,0.10332332985438247,0.9874639560909118,0.38873953302184283,0.5602683401276616,0.0036455629509730136,0,0,17.0,0.0,0.0,0.1118421052631579,0.0,0.0,0.0,0.0,28.2,982.4,2.0,4.4,57,0.0,600
2024-06-19 09:35:00,13,0.08552631578947369,0.0,0.0,1,0,0.0,13,0,-1.0,239.010,0.0,0.08552631578947369,1,0,3.0,0,0,0,0,1,0,1,0,0,0,0,0,0,0,0,0,0,0,0,0,0,0,0,0,1,0,0,0,0,0,0.7956548241817911,0.09677769786625867,0.9874639560909118,0.38873953302184283,0.5602683401276616,0.0036455629509730136,0,0,16.0,0.0,0.0,0.10526315789473684,0.0,-1.0,0.0,-0.006578947368421059,28.2,982.4,2.0,4.4,57,0.0,600
2024-06-19 09:40:00,11,0.07236842105263158,-2.0,-0.013157894736842105,1,0,0.0,13,0,-1.0,239.010,0.0,0.08552631578947369,1,0,3.0,0,0,0,0,1,0,1,0,0,0,0,0,0,0,0,0,0,0,0,0,0,0,0,0,1,0,0,0,0,0,0.7867882181755232,0.09042397785550421,0.9874639560909118,0.38873953302184283,0.5602683401276616,0.0036455629509730136,0,0,1.0,0.0,0.0,0.006578947368421052,0.0,-15.0,0.0,-0.09868421052631579,28.2,982.4,2.0,4.7,54,0.0,600
2024-06-19 09:45:00,11,0.07236842105263158,0.0,0.0,1,0,0.0,13,0,-1.0,239.010,0.0,0.08552631578947369,1,0,3.0,0,0,0,0,1,0,1,0,0,0,0,0,0,0,0,0,0,0,0,0,0,0,0,0,1,0,0,0,0,0,0.7777851165098011,0.08426519384872733,0.9874639560909118,0.38873953302184283,0.5602683401276616,0.0036455629509730136,0,0,0.0,0.0,0.0,0.0,0.0,-1.0,0.0,-0.006578947368421052,28.2,982.4,2.0,4.7,54,0.0,600
2024-06-19 09:50:00,9,0.05921052631578947,-2.0,-0.013157894736842111,1,0,0.0,13,0,-1.0,239.010,0.0,0.08552631578947369,1,0,3.0,0,0,0,0,1,0,1,0,0,0,0,0,0,0,0,0,0,0,0,0,0,0,0,0,1,0,0,0,0,0,0.7686498041734119,0.07830427709355714,0.9874639560909118,0.38873953302184283,0.5602683401276616,0.0036455629509730136,0,0,0.0,0.0,0.0,0.0,0.0,0.0,0.0,0.0,28.1,982.3,1.7,3.7,55,0.0,600
2024-06-19 09:55:00,8,0.05263157894736842,-1.0,-0.006578947368421052,1,0,0.0,13,0,-1.0,239.010,0.0,0.08552631578947369,1,0,3.0,0,0,0,0,1,0,1,0,0,0,0,0,0,0,0,0,0,0,0,0,0,0,0,0,1,0,0,0,0,0,0.7593866290802609,0.07254406466352681,0.9874639560909118,0.38873953302184283,0.5602683401276616,0.0036455629509730136,0,0,0.0,0.0,0.0,0.0,0.0,0.0,0.0,0.0,28.1,982.3,1.7,3.7,55,0.0,600
2024-06-19 10:00:00,7,0.046052631578947366,-1.0,-0.006578947368421052,1,0,0.0,13,0,-1.0,239.010,0.0,0.08552631578947369,1,0,3.0,0,0,0,0,1,0,1,0,0,0,0,0,0,0,0,0,0,0,0,0,0,0,0,0,1,0,0,0,0,0,0.75,0.06698729810778065,0.9874639560909118,0.38873953302184283,0.5602683401276616,0.0036455629509730136,0,0,2.0,0.0,0.0,0.013157894736842105,0.0,2.0,0.0,0.013157894736842105,28.3,982.3,1.9,4.9,56,0.0,600
2024-06-19 10:05:00,0,0.0,-7.0,-0.046052631578947366,0,0,0.6666666666666666,0,0,0.0,,0.3333333333333333,0.0,0,0,0.0,0,0,0,0,0,0,0,0,0,0,0,0,0,0,0,0,0,0,0,0,0,0,0,0,0,0,0,0,0,0,0.7404943844596938,0.061636622146246156,0.9874639560909118,0.38873953302184283,0.5602683401276616,0.0036455629509730136,0,0,7.0,0.0,0.0,0.046052631578947366,0.0,5.0,0.0,0.03289473684210526,28.3,982.3,1.9,4.9,56,0.0,600
2024-06-19 10:10:00,2,0.013157894736842105,2.0,0.013157894736842105,0,0,0.3333333333333333,0,0,0.0,,0.6666666666666666,0.0,0,0,0.0,0,0,0,0,0,0,0,0,0,0,0,0,0,0,0,0,0,0,0,0,0,0,0,0,0,0,0,0,0,0,0.730874306617517,0.05649458341088914,0.9874639560909118,0.38873953302184283,0.5602683401276616,0.0036455629509730136,0,0,13.0,0.05921052631578947,9.0,0.08552631578947369,9.0,6.0,0.05921052631578947,0.03947368421052632,28.8,982.3,1.0,3.6,52,0.0,600
2024-06-19 10:15:00,7,0.046052631578947366,5.0,0.03289473684210526,0,0,0.0,11,0,0.2949679456651211,327.029,0.0,0.07236842105263158,1,95,6.0,0,0,0,0,1,0,0,0,0,0,0,0,0,1,0,0,0,0,0,0,0,0,0,0,0,0,1,0,0,0,0.7211443451095007,0.05156362923365587,0.9874639560909118,0.38873953302184283,0.5602683401276616,0.0036455629509730136,0,0,16.0,0.11842105263157894,18.0,0.10526315789473684,9.0,3.0,0.05921052631578947,0.01973684210526315,28.8,982.3,1.0,3.6,52,0.0,600
2024-06-19 10:20:00,9,0.05921052631578947,2.0,0.013157894736842105,0,0,0.0,11,0,0.2949679456651211,327.029,0.0,0.07236842105263158,1,95,6.0,0,0,0,0,1,0,0,0,0,0,0,0,0,1,0,0,0,0,0,0,0,0,0,0,0,0,1,0,0,0,0.7113091308703497,0.04684610648167503,0.9874639560909118,0.38873953302184283,0.5602683401276616,0.0036455629509730136,0,0,17.0,0.14473684210526316,22.0,0.1118421052631579,4.0,1.0,0.026315789473684223,0.006578947368421059,28.7,982.2,1.2,3.7,52,0.0,600
2024-06-19 10:25:00,10,0.06578947368421052,1.0,0.006578947368421052,0,0,0.0,11,0,0.2949679456651211,327.029,0.0,0.07236842105263158,1,95,6.0,0,0,0,0,1,0,0,0,0,0,0,0,0,1,0,0,0,0,0,0,0,0,0,0,0,0,1,0,0,0,0.7013733449293689,0.04234426044027656,0.9874639560909118,0.38873953302184283,0.5602683401276616,0.0036455629509730136,0,0,17.0,0.14473684210526316,22.0,0.1118421052631579,0.0,0.0,0.0,0.0,28.7,982.2,1.2,3.7,52,0.0,600
2024-06-19 10:30:00,10,0.06578947368421052,0.0,0.0,0,0,0.0,11,0,0.2949679456651211,327.029,0.0,0.07236842105263158,1,95,6.0,0,0,0,0,1,0,0,0,0,0,0,0,0,1,0,0,0,0,0,0,0,0,0,0,0,0,1,0,0,0,0.6913417161825449,0.03806023374435663,0.9874639560909118,0.38873953302184283,0.5602683401276616,0.0036455629509730136,0,0,17.0,0.14473684210526316,22.0,0.1118421052631579,0.0,0.0,0.0,0.0,29.4,982.1,1.3,3.9,52,0.0,600
2024-06-19 10:35:00,10,0.06578947368421052,0.0,0.0,0,0,0.0,11,0,0.2949679456651211,327.029,0.0,0.07236842105263158,1,95,6.0,0,0,0,0,1,0,0,0,0,0,0,0,0,1,0,0,0,0,0,0,0,0,0,0,0,0,1,0,0,0,0.6812190191418507,0.03399606535860067,0.9874639560909118,0.38873953302184283,0.5602683401276616,0.0036455629509730136,0,0,17.0,0.14473684210526316,22.0,0.1118421052631579,0.0,0.0,0.0,0.0,29.4,982.1,1.3,3.9,52,0.0,600
2024-06-19 10:40:00,10,0.06578947368421052,0.0,0.0,0,0,0.0,11,0,0.2949679456651211,327.029,0.0,0.07236842105263158,1,95,6.0,0,0,0,0,1,0,0,0,0,0,0,0,0,1,0,0,0,0,0,0,0,0,0,0,0,0,1,0,0,0,0.6710100716628344,0.03015368960704584,0.9874639560909118,0.38873953302184283,0.5602683401276616,0.0036455629509730136,0,0,17.0,0.14473684210526316,22.0,0.1118421052631579,0.0,0.0,0.0,0.0,29.5,982.1,1.6,3.5,51,0.0,600
2024-06-19 10:45:00,10,0.06578947368421052,0.0,0.0,0,0,0.0,11,0,0.2949679456651211,327.029,0.0,0.07236842105263158,1,95,6.0,0,0,0,0,1,0,0,0,0,0,0,0,0,1,0,0,0,0,0,0,0,0,0,0,0,0,1,0,0,0,0.6607197326515809,0.02653493525244721,0.9874639560909118,0.38873953302184283,0.5602683401276616,0.0036455629509730136,0,0,17.0,0.14473684210526316,22.0,0.1118421052631579,0.0,0.0,0.0,0.0,29.5,982.1,1.6,3.5,51,0.0,600
2024-06-19 10:50:00,10,0.06578947368421052,0.0,0.0,0,0,0.0,11,0,0.2949679456651211,327.029,0.0,0.07236842105263158,1,95,6.0,0,0,0,0,1,0,0,0,0,0,0,0,0,1,0,0,0,0,0,0,0,0,0,0,0,0,1,0,0,0,0.6503528997521366,0.02314152462588659,0.9874639560909118,0.38873953302184283,0.5602683401276616,0.0036455629509730136,0,0,17.0,0.14473684210526316,22.0,0.1118421052631579,0.0,0.0,0.0,0.0,29.9,982.1,1.2,3.4,49,0.0,600
2024-06-19 10:55:00,10,0.06578947368421052,0.0,0.0,0,0,0.0,11,0,0.2949679456651211,327.029,0.0,0.07236842105263158,1,95,6.0,0,0,0,0,1,0,0,0,0,0,0,0,0,1,0,0,0,0,0,0,0,0,0,0,0,0,1,0,0,0,0.6399145070154961,0.0199750728070357,0.9874639560909118,0.38873953302184283,0.5602683401276616,0.0036455629509730136,0,0,16.0,0.14473684210526316,22.0,0.10526315789473684,0.0,-1.0,0.0,-0.006578947368421059,29.9,982.1,1.2,3.4,49,0.0,600
2024-06-19 11:00:00,10,0.06578947368421052,0.0,0.0,0,0,0.0,11,0,0.2949679456651211,327.029,0.0,0.07236842105263158,1,95,6.0,0,0,0,0,1,0,0,0,0,0,0,0,0,1,0,0,0,0,0,0,0,0,0,0,0,0,1,0,0,0,0.6294095225512605,0.0170370868554659,0.9874639560909118,0.38873953302184283,0.5602683401276616,0.0036455629509730136,0,0,13.0,0.14473684210526316,22.0,0.08552631578947369,0.0,-3.0,0.0,-0.01973684210526315,30.2,982.0,0.8,3.1,48,0.0,600
2024-06-19 11:05:00,10,0.06578947368421052,0.0,0.0,0,0,0.0,11,0,0.2949679456651211,327.029,0.0,0.07236842105263158,1,95,6.0,0,0,0,0,1,0,0,0,0,0,0,0,0,1,0,0,0,0,0,0,0,0,0,0,0,0,1,0,0,0,0.6188429461630864,0.014328965093369284,0.9874639560909118,0.38873953302184283,0.5602683401276616,0.0036455629509730136,0,0,13.0,0.14473684210526316,22.0,0.08552631578947369,0.0,0.0,0.0,0.0,30.2,982.0,0.8,3.1,48,0.0,600
2024-06-19 11:10:00,10,0.06578947368421052,0.0,0.0,0,0,0.0,11,0,0.2949679456651211,327.029,0.0,0.07236842105263158,1,95,6.0,0,0,0,0,1,0,0,0,0,0,0,0,0,1,0,0,0,0,0,0,0,0,0,0,0,0,1,0,0,0,0.6082198069690516,0.011851996440033374,0.9874639560909118,0.38873953302184283,0.5602683401276616,0.0036455629509730136,0,0,13.0,0.13815789473684212,21.0,0.08552631578947369,-1.0,0.0,-0.006578947368421045,0.0,30.3,982.0,1.0,4.0,47,0.0,600
2024-06-19 11:15:00,10,0.06578947368421052,0.0,0.0,0,0,0.0,11,0,0.2949679456651211,327.029,0.0,0.07236842105263158,1,95,6.0,0,0,0,0,1,0,0,0,0,0,0,0,0,1,0,0,0,0,0,0,0,0,0,0,0,0,1,0,0,0,0.5975451610080643,0.009607359798384785,0.9874639560909118,0.38873953302184283,0.5602683401276616,0.0036455629509730136,0,0,13.0,0.14473684210526316,22.0,0.08552631578947369,1.0,0.0,0.006578947368421045,0.0,30.3,982.0,1.0,4.0,47,0.0,600
2024-06-19 11:20:00,10,0.06578947368421052,0.0,0.0,0,0,0.0,11,0,0.2949679456651211,327.029,0.0,0.07236842105263158,1,95,6.0,0,0,0,0,1,0,0,0,0,0,0,0,0,1,0,0,0,0,0,0,0,0,0,0,0,0,1,0,0,0,0.5868240888334652,0.00759612349389599,0.9874639560909118,0.38873953302184283,0.5602683401276616,0.0036455629509730136,0,0,13.0,0.14473684210526316,22.0,0.08552631578947369,0.0,0.0,0.0,0.0,29.8,982.0,1.3,3.7,46,0.0,600
2024-06-19 11:25:00,10,0.06578947368421052,0.0,0.0,0,0,0.0,11,0,0.2949679456651211,327.029,0.0,0.07236842105263158,1,95,6.0,0,0,0,0,1,0,0,0,0,0,0,0,0,1,0,0,0,0,0,0,0,0,0,0,0,0,1,0,0,0,0.5760616930949586,0.005819244766119669,0.9874639560909118,0.38873953302184283,0.5602683401276616,0.0036455629509730136,0,0,13.0,0.14473684210526316,22.0,0.08552631578947369,0.0,0.0,0.0,0.0,29.8,982.0,1.3,3.7,46,0.0,600
2024-06-19 11:30:00,11,0.07236842105263158,1.0,0.006578947368421059,0,0,0.0,11,0,0.2949679456651211,327.029,0.0,0.07236842105263158,1,95,6.0,0,0,0,0,1,0,0,0,0,0,0,0,0,1,0,0,0,0,0,0,0,0,0,0,0,0,1,0,0,0,0.5652630961100258,0.004277569313094809,0.9874639560909118,0.38873953302184283,0.5602683401276616,0.0036455629509730136,0,0,12.0,0.14473684210526316,22.0,0.07894736842105263,0.0,-1.0,0.0,-0.006578947368421059,30.3,981.9,1.4,3.9,48,0.0,600
2024-06-19 11:35:00,11,0.07236842105263158,0.0,0.0,0,0,0.0,11,0,0.2949679456651211,327.029,0.0,0.07236842105263158,1,95,6.0,0,0,0,0,1,0,0,0,0,0,0,0,0,1,0,0,0,0,0,0,0,0,0,0,0,0,1,0,0,0,0.5544334374259823,0.0029718308888401768,0.9874639560909118,0.38873953302184283,0.5602683401276616,0.0036455629509730136,0,0,12.0,0.14473684210526316,22.0,0.07894736842105263,0.0,0.0,0.0,0.0,30.3,981.9,1.4,3.9,48,0.0,600
2024-06-19 11:40:00,11,0.07236842105263158,0.0,0.0,0,0,0.0,11,0,0.2949679456651211,327.029,0.0,0.07236842105263158,1,95,6.0,0,0,0,0,1,0,0,0,0,0,0,0,0,1,0,0,0,0,0,0,0,0,0,0,0,0,1,0,0,0,0.5435778713738291,0.0019026509541272274,0.9874639560909118,0.38873953302184283,0.5602683401276616,0.0036455629509730136,0,0,5.0,0.1513157894736842,23.0,0.03289473684210526,1.0,-7.0,0.006578947368421045,-0.046052631578947366,30.0,982.0,1.8,4.8,48,0.0,600
2024-06-19 11:45:00,10,0.06578947368421052,-1.0,-0.006578947368421059,0,0,0.0,11,0,0.2949679456651211,327.029,0.0,0.07236842105263158,1,95,6.0,0,0,0,0,1,0,0,0,0,0,0,0,0,1,0,0,0,0,0,0,0,0,0,0,0,0,1,0,0,0,0.5327015646150716,0.0010705383806982605,0.9874639560909118,0.38873953302184283,0.5602683401276616,0.0036455629509730136,0,0,4.0,0.1513157894736842,23.0,0.02631578947368421,0.0,-1.0,0.0,-0.006578947368421052,30.0,982.0,1.8,4.8,48,0.0,600
2024-06-19 11:50:00,4,0.02631578947368421,-6.0,-0.039473684210526314,0,0,0.6666666666666666,0,0,0.0,,0.3333333333333333,0.0,0,0,0.0,0,0,0,0,0,0,0,0,0,0,0,0,0,0,0,0,0,0,0,0,0,0,0,0,0,0,0,0,0,0,0.521809693682668,0.0004758892090711009,0.9874639560909118,0.38873953302184283,0.5602683401276616,0.0036455629509730136,0,0,4.0,0.05921052631578947,9.0,0.02631578947368421,-14.0,0.0,-0.09210526315789475,0.0,30.5,982.1,1.4,4.1,47,0.0,600
2024-06-19 11:55:00,11,0.07236842105263158,7.0,0.04605263157894737,0,0,0.3333333333333333,0,0,0.0,,0.6666666666666666,0.0,0,0,0.0,0,0,0,0,0,0,0,0,0,0,0,0,0,0,0,0,0,0,0,0,0,0,0,0,0,0,0,0,0,0,0.5109074425172808,0.00011898646004543378,0.9874639560909118,0.38873953302184283,0.5602683401276616,0.0036455629509730136,0,0,3.0,0.013157894736842105,2.0,0.019736842105263157,-7.0,-1.0,-0.046052631578947366,-0.006578947368421052,30.5,982.1,1.4,4.1,47,0.0,600
2024-06-19 12:00:00,18,0.11842105263157894,7.0,0.04605263157894736,0,1,0.0,27,0,0.4357050343563682,259.022,0.0,0.17763157894736842,1,62,4.5,0,0,0,0,1,1,0,0,0,0,0,0,0,0,0,0,0,0,0,0,0,0,0,0,0,0,1,0,0,0,0.5000000000000001,0.0,0.9874639560909118,0.38873953302184283,0.5602683401276616,0.0036455629509730136,0,0,3.0,0.0,0.0,0.019736842105263157,-2.0,0.0,-0.013157894736842105,0.0,30.7,982.1,1.5,4.6,48,0.0,600
2024-06-19 12:05:00,22,0.14473684210526316,4.0,0.026315789473684223,0,1,0.0,27,0,0.4357050343563682,259.022,0.0,0.17763157894736842,1,62,4.5,0,0,0,0,1,1,0,0,0,0,0,0,0,0,0,0,0,0,0,0,0,0,0,0,0,0,1,0,0,0,0.4890925574827195,0.00011898646004543378,0.9874639560909118,0.38873953302184283,0.5602683401276616,0.0036455629509730136,0,0,3.0,0.0,0.0,0.019736842105263157,0.0,0.0,0.0,0.0,30.7,982.1,1.5,4.6,48,0.0,600
2024-06-19 12:10:00,23,0.1513157894736842,1.0,0.006578947368421045,0,1,0.0,27,0,0.4357050343563682,259.022,0.0,0.17763157894736842,1,62,4.5,0,0,0,0,1,1,0,0,0,0,0,0,0,0,0,0,0,0,0,0,0,0,0,0,0,0,1,0,0,0,0.47819030631733206,0.0004758892090711009,0.9874639560909118,0.38873953302184283,0.5602683401276616,0.0036455629509730136,0,0,3.0,0.0,0.0,0.019736842105263157,0.0,0.0,0.0,0.0,31.0,982.2,0.9,4.4,47,0.0,600
2024-06-19 12:15:00,26,0.17105263157894737,3.0,0.019736842105263164,0,1,0.0,27,0,0.4357050343563682,259.022,0.0,0.17763157894736842,1,62,4.5,0,0,0,0,1,1,0,0,0,0,0,0,0,0,0,0,0,0,0,0,0,0,0,0,0,0,1,0,0,0,0.46729843538492855,0.0010705383806982605,0.9874639560909118,0.38873953302184283,0.5602683401276616,0.0036455629509730136,0,0,3.0,0.0,0.0,0.019736842105263157,0.0,0.0,0.0,0.0,31.0,982.2,0.9,4.4,47,0.0,600
2024-06-19 12:20:00,26,0.17105263157894737,0.0,0.0,0,1,0.0,27,0,0.4357050343563682,259.022,0.0,0.17763157894736842,1,62,4.5,0,0,0,0,1,1,0,0,0,0,0,0,0,0,0,0,0,0,0,0,0,0,0,0,0,0,1,0,0,0,0.4564221286261708,0.0019026509541272274,0.9874639560909118,0.38873953302184283,0.5602683401276616,0.0036455629509730136,0,0,3.0,0.0,0.0,0.019736842105263157,0.0,0.0,0.0,0.0,30.9,982.2,1.7,5.5,42,0.0,600
2024-06-19 12:25:00,27,0.17763157894736842,1.0,0.006578947368421045,0,1,0.0,27,0,0.4357050343563682,259.022,0.0,0.17763157894736842,1,62,4.5,0,0,0,0,1,1,0,0,0,0,0,0,0,0,0,0,0,0,0,0,0,0,0,0,0,0,1,0,0,0,0.44556656257401805,0.0029718308888401768,0.9874639560909118,0.38873953302184283,0.5602683401276616,0.0036455629509730136,0,0,4.0,0.0,0.0,0.02631578947368421,0.0,1.0,0.0,0.006578947368421052,30.9,982.2,1.7,5.5,42,0.0,600
2024-06-19 12:30:00,27,0.17763157894736842,0.0,0.0,0,1,0.0,27,0,0.4357050343563682,259.022,0.0,0.17763157894736842,1,62,4.5,0,0,0,0,1,1,0,0,0,0,0,0,0,0,0,0,0,0,0,0,0,0,0,0,0,0,1,0,0,0,0.4347369038899741,0.004277569313094809,0.9874639560909118,0.38873953302184283,0.5602683401276616,0.0036455629509730136,0,0,4.0,0.0,0.0,0.02631578947368421,0.0,0.0,0.0,0.0,30.9,982.1,1.5,4.1,45,0.0,600
2024-06-19 12:35:00,27,0.17763157894736842,0.0,0.0,0,1,0.0,27,0,0.4357050343563682,259.022,0.0,0.17763157894736842,1,62,4.5,0,0,0,0,1,1,0,0,0,0,0,0,0,0,0,0,0,0,0,0,0,0,0,0,0,0,1,0,0,0,0.4239383069050416,0.005819244766119669,0.9874639560909118,0.38873953302184283,0.5602683401276616,0.0036455629509730136,0,0,4.0,0.0,0.0,0.02631578947368421,0.0,0.0,0.0,0.0,30.9,982.1,1.5,4.1,45,0.0,600
2024-06-19 12:40:00,27,0.17763157894736842,0.0,0.0,0,1,0.0,27,0,0.4357050343563682,259.022,0.0,0.17763157894736842,1,62,4.5,0,0,0,0,1,1,0,0,0,0,0,0,0,0,0,0,0,0,0,0,0,0,0,0,0,0,1,0,0,0,0.41317591116653474,0.00759612349389599,0.9874639560909118,0.38873953302184283,0.5602683401276616,0.0036455629509730136,0,0,4.0,0.0,0.0,0.02631578947368421,0.0,0.0,0.0,0.0,30.9,982.0,1.3,4.7,44,0.0,600
2024-06-19 12:45:00,27,0.17763157894736842,0.0,0.0,0,1,0.0,27,0,0.4357050343563682,259.022,0.0,0.17763157894736842,1,62,4.5,0,0,0,0,1,1,0,0,0,0,0,0,0,0,0,0,0,0,0,0,0,0,0,0,0,0,1,0,0,0,0.4024548389919358,0.009607359798384785,0.9874639560909118,0.38873953302184283,0.5602683401276616,0.0036455629509730136,0,0,4.0,0.0,0.0,0.02631578947368421,0.0,0.0,0.0,0.0,30.9,982.0,1.3,4.7,44,0.0,600
2024-06-19 12:50:00,27,0.17763157894736842,0.0,0.0,0,1,0.0,27,0,0.4357050343563682,259.022,0.0,0.17763157894736842,1,62,4.5,0,0,0,0,1,1,0,0,0,0,0,0,0,0,0,0,0,0,0,0,0,0,0,0,0,0,1,0,0,0,0.39178019303094874,0.011851996440033263,0.9874639560909118,0.38873953302184283,0.5602683401276616,0.0036455629509730136,0,0,4.0,0.0,0.0,0.02631578947368421,0.0,0.0,0.0,0.0,31.2,982.0,1.7,4.5,42,0.0,600
2024-06-19 12:55:00,27,0.17763157894736842,0.0,0.0,0,1,0.0,27,0,0.4357050343563682,259.022,0.0,0.17763157894736842,1,62,4.5,0,0,0,0,1,1,0,0,0,0,0,0,0,0,0,0,0,0,0,0,0,0,0,0,0,0,1,0,0,0,0.3811570538369137,0.014328965093369228,0.9874639560909118,0.38873953302184283,0.5602683401276616,0.0036455629509730136,0,0,4.0,0.0,0.0,0.02631578947368421,0.0,0.0,0.0,0.0,31.2,982.0,1.7,4.5,42,0.0,600
2024-06-19 13:00:00,27,0.17763157894736842,0.0,0.0,0,1,0.0,27,0,0.4357050343563682,259.022,0.0,0.17763157894736842,1,62,4.5,0,0,0,0,1,1,0,0,0,0,0,0,0,0,0,0,0,0,0,0,0,0,0,0,0,0,1,0,0,0,0.37059047744873985,0.01703708685546579,0.9874639560909118,0.38873953302184283,0.5602683401276616,0.0036455629509730136,0,0,5.0,0.0,0.0,0.03289473684210526,0.0,1.0,0.0,0.006578947368421052,31.0,982.0,1.8,5.3,42,0.0,600
2024-06-19 13:05:00,26,0.17105263157894737,-1.0,-0.006578947368421045,0,1,0.0,27,0,0.4357050343563682,259.022,0.0,0.17763157894736842,1,62,4.5,0,0,0,0,1,1,0,0,0,0,0,0,0,0,0,0,0,0,0,0,0,0,0,0,0,0,1,0,0,0,0.36008549298450376,0.0199750728070357,0.9874639560909118,0.38873953302184283,0.5602683401276616,0.0036455629509730136,0,0,5.0,0.0,0.0,0.03289473684210526,0.0,0.0,0.0,0.0,31.0,982.0,1.8,5.3,42,0.0,600
2024-06-19 13:10:00,26,0.17105263157894737,0.0,0.0,0,1,0.0,27,0,0.4357050343563682,259.022,0.0,0.17763157894736842,1,62,4.5,0,0,0,0,1,1,0,0,0,0,0,0,0,0,0,0,0,0,0,0,0,0,0,0,0,0,1,0,0,0,0.34964710024786366,0.023141524625886478,0.9874639560909118,0.38873953302184283,0.5602683401276616,0.0036455629509730136,0,0,5.0,0.006578947368421052,1.0,0.03289473684210526,1.0,0.0,0.006578947368421052,0.0,31.3,982.1,0.8,4.7,41,0.0,600
2024-06-19 13:15:00,26,0.17105263157894737,0.0,0.0,0,1,0.0,27,0,0.4357050343563682,259.022,0.0,0.17763157894736842,1,62,4.5,0,0,0,0,1,1,0,0,0,0,0,0,0,0,0,0,0,0,0,0,0,0,0,0,0,0,1,0,0,0,0.3392802673484192,0.026534935252447156,0.9874639560909118,0.38873953302184283,0.5602683401276616,0.0036455629509730136,0,0,5.0,0.006578947368421052,1.0,0.03289473684210526,0.0,0.0,0.0,0.0,31.3,982.1,0.8,4.7,41,0.0,600
2024-06-19 13:20:00,7,0.046052631578947366,-19.0,-0.125,0,1,0.0,27,0,0.4357050343563682,259.022,0.0,0.17763157894736842,1,62,4.5,0,0,0,0,1,1,0,0,0,0,0,0,0,0,0,0,0,0,0,0,0,0,0,0,0,0,1,0,0,0,0.32898992833716567,0.030153689607045786,0.9874639560909118,0.38873953302184283,0.5602683401276616,0.0036455629509730136,0,0,5.0,0.006578947368421052,1.0,0.03289473684210526,0.0,0.0,0.0,0.0,31.3,982.2,0.9,3.9,39,0.0,600
2024-06-19 13:25:00,10,0.06578947368421052,3.0,0.019736842105263157,0,1,0.0,27,0,0.4357050343563682,259.022,0.0,0.17763157894736842,1,62,4.5,0,0,0,0,1,1,0,0,0,0,0,0,0,0,0,0,0,0,0,0,0,0,0,0,0,0,1,0,0,0,0.3187809808581492,0.033996065358600724,0.9874639560909118,0.38873953302184283,0.5602683401276616,0.0036455629509730136,0,0,5.0,0.006578947368421052,1.0,0.03289473684210526,0.0,0.0,0.0,0.0,31.3,982.2,0.9,3.9,39,0.0,600
2024-06-19 13:30:00,18,0.11842105263157894,8.0,0.05263157894736842,0,1,0.0,27,0,0.4357050343563682,259.022,0.0,0.17763157894736842,1,62,4.5,0,0,0,0,1,1,0,0,0,0,0,0,0,0,0,0,0,0,0,0,0,0,0,0,0,0,1,0,0,0,0.3086582838174552,0.038060233744356575,0.9874639560909118,0.38873953302184283,0.5602683401276616,0.0036455629509730136,0,0,6.0,0.006578947368421052,1.0,0.039473684210526314,0.0,1.0,0.0,0.006578947368421052,31.4,982.2,1.4,5.5,37,0.0,600
2024-06-19 13:35:00,20,0.13157894736842105,2.0,0.013157894736842105,0,1,0.0,27,0,0.4357050343563682,259.022,0.0,0.17763157894736842,1,62,4.5,0,0,0,0,1,1,0,0,0,0,0,0,0,0,0,0,0,0,0,0,0,0,0,0,0,0,1,0,0,0,0.29862665507063146,0.04234426044027639,0.9874639560909118,0.38873953302184283,0.5602683401276616,0.0036455629509730136,0,0,8.0,0.0,0.0,0.05263157894736842,-1.0,2.0,-0.006578947368421052,0.013157894736842105,31.4,982.2,1.4,5.5,37,0.0,600
2024-06-19 13:40:00,20,0.13157894736842105,0.0,0.0,0,1,0.0,27,0,0.4357050343563682,259.022,0.0,0.17763157894736842,1,62,4.5,0,0,0,0,1,1,0,0,0,0,0,0,0,0,0,0,0,0,0,0,0,0,0,0,0,0,1,0,0,0,0.28869086912965036,0.046846106481674976,0.9874639560909118,0.38873953302184283,0.5602683401276616,0.0036455629509730136,0,0,12.0,0.0,0.0,0.07894736842105263,0.0,4.0,0.0,0.02631578947368421,31.6,982.2,0.9,4.3,42,0.0,600
2024-06-19 13:45:00,19,0.125,-1.0,-0.006578947368421045,0,1,0.0,27,0,0.4357050343563682,259.022,0.0,0.17763157894736842,1,62,4.5,0,0,0,0,1,1,0,0,0,0,0,0,0,0,0,0,0,0,0,0,0,0,0,0,0,0,1,0,0,0,0.27885565489049946,0.05156362923365582,0.9874639560909118,0.38873953302184283,0.5602683401276616,0.0036455629509730136,0,0,14.0,0.0,0.0,0.09210526315789473,0.0,2.0,0.0,0.013157894736842105,31.6,982.2,0.9,4.3,42,0.0,600
2024-06-19 13:50:00,18,0.11842105263157894,-1.0,-0.006578947368421059,0,1,0.0,27,0,0.4357050343563682,259.022,0.0,0.17763157894736842,1,62,4.5,0,0,0,0,1,1,0,0,0,0,0,0,0,0,0,0,0,0,0,0,0,0,0,0,0,0,1,0,0,0,0.26912569338248293,0.0564945834108892,0.9874639560909118,0.38873953302184283,0.5602683401276616,0.0036455629509730136,0,0,16.0,0.0,0.0,0.10526315789473684,0.0,2.0,0.0,0.013157894736842105,31.6,982.2,2.2,6.2,40,0.0,600
2024-06-19 13:55:00,18,0.11842105263157894,0.0,0.0,0,1,0.0,27,0,0.4357050343563682,259.022,0.0,0.17763157894736842,1,62,4.5,0,0,0,0,1,1,0,0,0,0,0,0,0,0,0,0,0,0,0,0,0,0,0,0,0,0,1,0,0,0,0.2595056155403065,0.06163662214624599,0.9874639560909118,0.38873953302184283,0.5602683401276616,0.0036455629509730136,0,0,16.0,0.0,0.0,0.10526315789473684,0.0,0.0,0.0,0.0,31.6,982.2,2.2,6.2,40,0.0,600
2024-06-19 14:00:00,18,0.11842105263157894,0.0,0.0,0,1,0.0,27,0,0.4357050343563682,259.022,0.0,0.17763157894736842,1,62,4.5,0,0,0,0,1,1,0,0,0,0,0,0,0,0,0,0,0,0,0,0,0,0,0,0,0,0,1,0,0,0,0.24999999999999994,0.0669872981077807,0.9874639560909118,0.38873953302184283,0.5602683401276616,0.0036455629509730136,0,0,16.0,0.0,0.0,0.10526315789473684,0.0,0.0,0.0,0.0,31.7,982.2,2.0,5.2,40,0.0,600
2024-06-19 14:05:00,18,0.11842105263157894,0.0,0.0,0,1,0.0,27,0,0.4357050343563682,259.022,0.0,0.17763157894736842,1,62,4.5,0,0,0,0,1,1,0,0,0,0,0,0,0,0,0,0,0,0,0,0,0,0,0,0,0,0,1,0,0,0,0.24061337091973922,0.07254406466352675,0.9874639560909118,0.38873953302184283,0.5602683401276616,0.0036455629509730136,0,0,16.0,0.0,0.0,0.10526315789473684,0.0,0.0,0.0,0.0,31.7,982.2,2.0,5.2,40,0.0,600
2024-06-19 14:10:00,18,0.11842105263157894,0.0,0.0,0,1,0.0,27,0,0.4357050343563682,259.022,0.0,0.17763157894736842,1,62,4.5,0,0,0,0,1,1,0,0,0,0,0,0,0,0,0,0,0,0,0,0,0,0,0,0,0,0,1,0,0,0,0.23135019582658806,0.0783042770935572,0.9874639560909118,0.38873953302184283,0.5602683401276616,0.0036455629509730136,0,0,16.0,0.0,0.0,0.10526315789473684,0.0,0.0,0.0,0.0,31.8,982.2,1.1,3.6,38,0.0,600
2024-06-19 14:15:00,18,0.11842105263157894,0.0,0.0,0,1,0.0,27,0,0.4357050343563682,259.022,0.0,0.17763157894736842,1,62,4.5,0,0,0,0,1,1,0,0,0,0,0,0,0,0,0,0,0,0,0,0,0,0,0,0,0,0,1,0,0,0,0.22221488349019902,0.08426519384872727,0.9874639560909118,0.38873953302184283,0.5602683401276616,0.0036455629509730136,0,0,16.0,0.006578947368421052,1.0,0.10526315789473684,1.0,0.0,0.006578947368421052,0.0,31.8,982.2,1.1,3.6,38,0.0,600
2024-06-19 14:20:00,18,0.11842105263157894,0.0,0.0,0,1,0.0,27,0,0.4357050343563682,259.022,0.3333333333333333,0.17763157894736842,1,62,4.5,0,0,0,0,1,1,0,0,0,0,0,0,0,0,0,0,0,0,0,0,0,0,0,0,0,0,1,0,0,0,0.2132117818244771,0.09042397785550399,0.9874639560909118,0.38873953302184283,0.5602683401276616,0.0036455629509730136,0,0,16.0,0.02631578947368421,4.0,0.10526315789473684,3.0,0.0,0.019736842105263157,0.0,31.6,982.2,1.1,5.2,39,0.0,600
2024-06-19 14:25:00,18,0.11842105263157894,0.0,0.0,0,1,0.0,27,0,0.4357050343563682,259.022,0.6666666666666666,0.17763157894736842,1,62,4.5,0,0,0,0,1,1,0,0,0,0,0,0,0,0,0,0,0,0,0,0,0,0,0,0,0,0,1,0,0,0,0.204345175818209,0.09677769786625862,0.9874639560909118,0.38873953302184283,0.5602683401276616,0.0036455629509730136,0,0,16.0,0.06578947368421052,10.0,0.10526315789473684,6.0,0.0,0.039473684210526314,0.0,31.6,982.2,1.1,5.2,39,0.0,600
2024-06-19 14:30:00,16,0.10526315789473684,-2.0,-0.013157894736842105,0,0,0.0,16,0,0.48395637462013646,365.232,0.0,0.10526315789473684,1,46,1.5,0,0,0,1,1,1,0,0,0,0,0,0,0,0,0,0,0,0,1,0,0,0,0,1,0,0,1,0,0,0,0.19561928549563984,0.1033233298543823,0.9874639560909118,0.38873953302184283,0.5602683401276616,0.0036455629509730136,0,0,16.0,0.1118421052631579,17.0,0.10526315789473684,7.0,0.0,0.04605263157894737,0.0,31.6,982.3,1.3,4.0,41,0.0,600
2024-06-19 14:35:00,14,0.09210526315789473,-2.0,-0.013157894736842105,0,0,0.6666666666666666,16,0,0.48395637462013646,365.232,0.0,0.10526315789473684,1,46,1.5,0,0,0,1,0,0,0,0,0,0,0,0,0,0,0,0,0,0,1,0,0,0,0,1,0,0,0,0,0,0,0.1870382639079703,0.11005775845355925,0.9874639560909118,0.38873953302184283,0.5602683401276616,0.0036455629509730136,0,0,16.0,0.13815789473684212,21.0,0.10526315789473684,4.0,0.0,0.026315789473684223,0.0,31.6,982.3,1.3,4.0,41,0.0,600
2024-06-19 14:40:00,14,0.09210526315789473,0.0,0.0,0,0,0.3333333333333333,16,0,0.48395637462013646,365.232,0.0,0.10526315789473684,1,46,1.5,0,0,0,1,0,0,0,0,0,0,0,0,0,0,0,0,0,0,1,0,0,0,0,1,0,0,0,0,0,0,0.17860619515673054,0.11697777844051083,0.9874639560909118,0.38873953302184283,0.5602683401276616,0.0036455629509730136,0,0,16.0,0.1513157894736842,23.0,0.10526315789473684,2.0,0.0,0.01315789473684209,0.0,31.6,982.2,0.4,3.1,42,0.0,600
2024-06-19 14:45:00,15,0.09868421052631579,1.0,0.006578947368421059,0,0,0.0,16,0,0.48395637462013646,365.232,0.0,0.10526315789473684,1,46,1.5,0,0,0,1,0,0,0,0,0,0,0,0,0,0,0,0,0,0,1,0,0,0,0,1,0,0,0,0,0,0,0.17032709244996558,0.12408009626051125,0.9874639560909118,0.38873953302184283,0.5602683401276616,0.0036455629509730136,0,0,15.0,0.1513157894736842,23.0,0.09868421052631579,0.0,-1.0,0.0,-0.006578947368421045,31.6,982.2,0.4,3.1,42,0.0,600
2024-06-19 14:50:00,14,0.09210526315789473,-1.0,-0.006578947368421059,0,0,0.0,16,0,0.48395637462013646,365.232,0.0,0.10526315789473684,1,46,1.5,0,0,0,1,0,0,0,0,0,0,0,0,0,0,0,0,0,0,1,0,0,0,0,1,0,0,0,0,0,0,0.16220489619216993,0.13136133159493796,0.9874639560909118,0.38873953302184283,0.5602683401276616,0.0036455629509730136,0,0,15.0,0.16447368421052633,25.0,0.09868421052631579,2.0,0.0,0.013157894736842118,0.0,31.8,982.1,1.0,4.3,42,0.0,600
2024-06-19 14:55:00,6,0.039473684210526314,-8.0,-0.05263157894736842,0,0,0.0,16,0,0.48395637462013646,365.232,0.0,0.10526315789473684,1,46,1.5,0,0,0,1,0,0,0,0,0,0,0,0,0,0,0,0,0,0,1,0,0,0,0,1,0,0,0,0,0,0,0.15424347210886535,0.1388180189701222,0.9874639560909118,0.38873953302184283,0.5602683401276616,0.0036455629509730136,0,0,15.0,0.16447368421052633,25.0,0.09868421052631579,0.0,0.0,0.0,0.0,31.8,982.1,1.0,4.3,42,0.0,600
2024-06-19 15:00:00,2,0.013157894736842105,-4.0,-0.02631578947368421,0,0,0.0,16,0,0.48395637462013646,365.232,0.0,0.10526315789473684,1,46,1.5,0,0,0,1,0,0,0,0,0,0,0,0,0,0,0,0,0,0,1,0,0,0,0,1,0,0,0,0,0,0,0.14644660940672627,0.14644660940672616,0.9874639560909118,0.38873953302184283,0.5602683401276616,0.0036455629509730136,0,0,15.0,0.15789473684210525,24.0,0.09868421052631579,-1.0,0.0,-0.006578947368421073,0.0,31.7,982.1,0.7,3.6,43,0.0,600
2024-06-19 15:05:00,0,0.0,-2.0,-0.013157894736842105,0,0,0.0,16,0,0.48395637462013646,365.232,0.0,0.10526315789473684,1,46,1.5,0,0,0,1,0,0,0,0,0,0,0,0,0,0,0,0,0,0,1,0,0,0,0,1,0,0,0,0,0,0,0.13881801897012225,0.15424347210886524,0.9874639560909118,0.38873953302184283,0.5602683401276616,0.0036455629509730136,0,0,15.0,0.16447368421052633,25.0,0.09868421052631579,1.0,0.0,0.006578947368421073,0.0,31.7,982.1,0.7,3.6,43,0.0,600
2024-06-19 15:10:00,0,0.0,0.0,0.0,0,0,0.0,16,0,0.48395637462013646,365.232,0.0,0.10526315789473684,1,46,1.5,0,0,0,1,0,0,0,0,0,0,0,0,0,0,0,0,0,0,1,0,0,0,0,1,0,0,0,0,0,0,0.13136133159493807,0.16220489619216982,0.9874639560909118,0.38873953302184283,0.5602683401276616,0.0036455629509730136,0,0,15.0,0.15789473684210525,24.0,0.09868421052631579,-1.0,0.0,-0.006578947368421073,0.0,31.7,982.0,0.8,3.5,40,0.0,600
2024-06-19 15:15:00,0,0.0,0.0,0.0,0,0,0.0,16,0,0.48395637462013646,365.232,0.0,0.10526315789473684,1,46,1.5,0,0,0,1,0,0,0,0,0,0,0,0,0,0,0,0,0,0,1,0,0,0,0,1,0,0,0,0,0,0,0.12408009626051136,0.17032709244996547,0.9874639560909118,0.38873953302184283,0.5602683401276616,0.0036455629509730136,0,0,6.0,0.13815789473684212,21.0,0.039473684210526314,-3.0,-9.0,-0.019736842105263136,-0.05921052631578948,31.7,982.0,0.8,3.5,40,0.0,600
2024-06-19 15:20:00,0,0.0,0.0,0.0,0,0,0.6666666666666666,0,0,0.0,,0.0,0.0,0,0,0.0,0,0,0,0,0,0,0,0,0,0,0,0,0,0,0,0,0,0,0,0,0,0,0,0,0,0,0,0,0,0,0.11697777844051077,0.1786061951567306,0.9874639560909118,0.38873953302184283,0.5602683401276616,0.0036455629509730136,0,0,5.0,0.019736842105263157,3.0,0.03289473684210526,-18.0,-1.0,-0.11842105263157895,-0.006578947368421052,31.7,982.0,1.5,5.9,38,0.0,600
2024-06-19 15:25:00,0,0.0,0.0,0.0,0,0,0.3333333333333333,0,0,0.0,,0.0,0.0,0,0,0.0,0,0,0,0,0,0,0,0,0,0,0,0,0,0,0,0,0,0,0,0,0,0,0,0,0,0,0,0,0,0,0.1100577584535593,0.18703826390797018,0.9874639560909118,0.38873953302184283,0.5602683401276616,0.0036455629509730136,0,0,10.0,0.013157894736842105,2.0,0.06578947368421052,-1.0,5.0,-0.006578947368421052,0.03289473684210526,31.7,982.0,1.5,5.9,38,0.0,600
2024-06-19 15:30:00,0,0.0,0.0,0.0,0,0,0.0,0,0,0.0,,0.0,0.0,0,0,0.0,0,0,0,0,0,0,0,0,0,0,0,0,0,0,0,0,0,0,0,0,0,0,0,0,0,0,0,0,0,0,0.10332332985438253,0.19561928549563956,0.9874639560909118,0.38873953302184283,0.5602683401276616,0.0036455629509730136,0,0,11.0,0.013157894736842105,2.0,0.07236842105263158,0.0,1.0,0.0,0.006578947368421059,31.1,982.0,1.0,3.7,41,0.0,238
2024-06-19 15:35:00,0,0.0,0.0,0.0,0,0,0.0,0,0,0.0,,0.0,0.0,0,0,0.0,0,0,0,0,0,0,0,0,0,0,0,0,0,0,0,0,0,0,0,0,0,0,0,0,0,0,0,0,0,0,0.09677769786625867,0.20434517581820888,0.9874639560909118,0.38873953302184283,0.5602683401276616,0.0036455629509730136,0,0,12.0,0.013157894736842105,2.0,0.07894736842105263,0.0,1.0,0.0,0.006578947368421045,31.1,982.0,1.0,3.7,41,0.0,238
2024-06-19 15:40:00,0,0.0,0.0,0.0,0,0,0.0,0,0,0.0,,0.0,0.0,0,0,0.0,0,0,0,0,0,0,0,0,0,0,0,0,0,0,0,0,0,0,0,0,0,0,0,0,0,0,0,0,0,0,0.09042397785550421,0.2132117818244768,0.9874639560909118,0.38873953302184283,0.5602683401276616,0.0036455629509730136,0,0,12.0,0.006578947368421052,1.0,0.07894736842105263,-1.0,0.0,-0.006578947368421052,0.0,31.3,982.0,1.5,3.9,40,0.0,366
2024-06-19 15:45:00,0,0.0,0.0,0.0,0,0,0.0,0,0,0.0,,0.0,0.0,0,0,0.0,0,0,0,0,0,0,0,0,0,0,0,0,0,0,0,0,0,0,0,0,0,0,0,0,0,0,0,0,0,0,0.08426519384872738,0.2222148834901989,0.9874639560909118,0.38873953302184283,0.5602683401276616,0.0036455629509730136,0,0,12.0,0.0,0.0,0.07894736842105263,-1.0,0.0,-0.006578947368421052,0.0,31.3,982.0,1.5,3.9,40,0.0,366
2024-06-19 15:50:00,0,0.0,0.0,0.0,0,0,0.0,0,0,0.0,,0.0,0.0,0,0,0.0,0,0,0,0,0,0,0,0,0,0,0,0,0,0,0,0,0,0,0,0,0,0,0,0,0,0,0,0,0,0,0.07830427709355725,0.2313501958265879,0.9874639560909118,0.38873953302184283,0.5602683401276616,0.0036455629509730136,0,0,12.0,0.0,0.0,0.07894736842105263,0.0,0.0,0.0,0.0,30.7,982.0,1.6,4.0,42,0.0,152
2024-06-19 15:55:00,0,0.0,0.0,0.0,0,0,0.0,0,0,0.0,,0.0,0.0,0,0,0.0,0,0,0,0,0,0,0,0,0,0,0,0,0,0,0,0,0,0,0,0,0,0,0,0,0,0,0,0,0,0,0.0725440646635267,0.24061337091973928,0.9874639560909118,0.38873953302184283,0.5602683401276616,0.0036455629509730136,0,0,12.0,0.0,0.0,0.07894736842105263,0.0,0.0,0.0,0.0,30.7,982.0,1.6,4.0,42,0.0,152
2024-06-19 16:00:00,0,0.0,0.0,0.0,0,0,0.0,0,0,0.0,,0.0,0.0,0,0,0.0,0,0,0,0,0,0,0,0,0,0,0,0,0,0,0,0,0,0,0,0,0,0,0,0,0,0,0,0,0,0,0.06698729810778081,0.24999999999999978,0.9874639560909118,0.38873953302184283,0.5602683401276616,0.0036455629509730136,0,0,12.0,0.0,0.0,0.07894736842105263,0.0,0.0,0.0,0.0,30.7,982.0,0.8,2.5,42,0.0,9
2024-06-19 16:05:00,0,0.0,0.0,0.0,0,0,0.0,0,0,0.0,,0.0,0.0,0,0,0.0,0,0,0,0,0,0,0,0,0,0,0,0,0,0,0,0,0,0,0,0,0,0,0,0,0,0,0,0,0,0,0.061636622146246156,0.25950561554030616,0.9874639560909118,0.38873953302184283,0.5602683401276616,0.0036455629509730136,0,0,12.0,0.0,0.0,0.07894736842105263,0.0,0.0,0.0,0.0,30.7,982.0,0.8,2.5,42,0.0,9
2024-06-19 16:10:00,0,0.0,0.0,0.0,0,0,0.0,0,0,0.0,,0.0,0.0,0,0,0.0,0,0,0,0,0,0,0,0,0,0,0,0,0,0,0,0,0,0,0,0,0,0,0,0,0,0,0,0,0,0,0.05649458341088909,0.2691256933824832,0.9874639560909118,0.38873953302184283,0.5602683401276616,0.0036455629509730136,0,0,12.0,0.0,0.0,0.07894736842105263,0.0,0.0,0.0,0.0,30.8,982.0,0.6,2.1,44,0.0,600
2024-06-19 16:15:00,0,0.0,0.0,0.0,0,0,0.0,0,0,0.0,,0.0,0.0,0,0,0.0,0,0,0,0,0,0,0,0,0,0,0,0,0,0,0,0,0,0,0,0,0,0,0,0,0,0,0,0,0,0,0.05156362923365587,0.27885565489049935,0.9874639560909118,0.38873953302184283,0.5602683401276616,0.0036455629509730136,0,0,12.0,0.0,0.0,0.07894736842105263,0.0,0.0,0.0,0.0,30.8,982.0,0.6,2.1,44,0.0,600
2024-06-19 16:20:00,0,0.0,0.0,0.0,0,0,0.0,0,0,0.0,,0.0,0.0,0,0,0.0,0,0,0,0,0,0,0,0,0,0,0,0,0,0,0,0,0,0,0,0,0,0,0,0,0,0,0,0,0,0,0.04684610648167514,0.28869086912965003,0.9874639560909118,0.38873953302184283,0.5602683401276616,0.0036455629509730136,0,0,12.0,0.0,0.0,0.07894736842105263,0.0,0.0,0.0,0.0,30.9,982.1,0.4,1.9,44,0.0,600
2024-06-19 16:25:00,0,0.0,0.0,0.0,0,0,0.0,0,0,0.0,,0.0,0.0,0,0,0.0,0,0,0,0,0,0,0,0,0,0,0,0,0,0,0,0,0,0,0,0,0,0,0,0,0,0,0,0,0,0,0.04234426044027645,0.29862665507063135,0.9874639560909118,0.38873953302184283,0.5602683401276616,0.0036455629509730136,0,0,12.0,0.0,0.0,0.07894736842105263,0.0,0.0,0.0,0.0,30.9,982.1,0.4,1.9,44,0.0,600
2024-06-19 16:30:00,0,0.0,0.0,0.0,0,0,0.0,0,0,0.0,,0.0,0.0,0,0,0.0,0,0,0,0,0,0,0,0,0,0,0,0,0,0,0,0,0,0,0,0,0,0,0,0,0,0,0,0,0,0,0.03806023374435674,0.30865828381745486,0.9874639560909118,0.38873953302184283,0.5602683401276616,0.0036455629509730136,0,0,12.0,0.0,0.0,0.07894736842105263,0.0,0.0,0.0,0.0,30.4,982.1,1.0,3.0,44,0.0,169
2024-06-19 16:35:00,0,0.0,0.0,0.0,0,0,0.0,0,0,0.0,,0.0,0.0,0,0,0.0,0,0,0,0,0,0,0,0,0,0,0,0,0,0,0,0,0,0,0,0,0,0,0,0,0,0,0,0,0,0,0.03399606535860078,0.3187809808581491,0.9874639560909118,0.38873953302184283,0.5602683401276616,0.0036455629509730136,0,0,12.0,0.0,0.0,0.07894736842105263,0.0,0.0,0.0,0.0,30.4,982.1,1.0,3.0,44,0.0,169
2024-06-19 16:40:00,0,0.0,0.0,0.0,0,0,0.0,0,0,0.0,,0.0,0.0,0,0,0.0,0,0,0,0,0,0,0,0,0,0,0,0,0,0,0,0,0,0,0,0,0,0,0,0,0,0,0,0,0,0,0.030153689607045786,0.3289899283371657,0.9874639560909118,0.38873953302184283,0.5602683401276616,0.0036455629509730136,0,0,12.0,0.0,0.0,0.07894736842105263,0.0,0.0,0.0,0.0,30.5,982.2,1.4,3.2,44,0.0,257
2024-06-19 16:45:00,0,0.0,0.0,0.0,0,0,0.0,0,0,0.0,,0.0,0.0,0,0,0.0,0,0,0,0,0,0,0,0,0,0,0,0,0,0,0,0,0,0,0,0,0,0,0,0,0,0,0,0,0,0,0.02653493525244721,0.3392802673484191,0.9874639560909118,0.38873953302184283,0.5602683401276616,0.0036455629509730136,0,0,12.0,0.0,0.0,0.07894736842105263,0.0,0.0,0.0,0.0,30.5,982.2,1.4,3.2,44,0.0,257
2024-06-19 16:50:00,0,0.0,0.0,0.0,0,0,0.0,0,0,0.0,,0.0,0.0,0,0,0.0,0,0,0,0,0,0,0,0,0,0,0,0,0,0,0,0,0,0,0,0,0,0,0,0,0,0,0,0,0,0,0.023141524625886645,0.3496471002478631,0.9874639560909118,0.38873953302184283,0.5602683401276616,0.0036455629509730136,0,0,12.0,0.0,0.0,0.07894736842105263,0.0,0.0,0.0,0.0,30.9,982.2,1.2,2.6,45,0.0,600
2024-06-19 16:55:00,0,0.0,0.0,0.0,0,0,0.0,0,0,0.0,,0.0,0.0,0,0,0.0,0,0,0,0,0,0,0,0,0,0,0,0,0,0,0,0,0,0,0,0,0,0,0,0,0,0,0,0,0,0,0.0199750728070357,0.3600854929845038,0.9874639560909118,0.38873953302184283,0.5602683401276616,0.0036455629509730136,0,0,12.0,0.0,0.0,0.07894736842105263,0.0,0.0,0.0,0.0,30.9,982.2,1.2,2.6,45,0.0,600
2024-06-19 17:00:00,0,0.0,0.0,0.0,0,0,0.0,0,0,0.0,,0.0,0.0,0,0,0.0,0,0,0,0,0,0,0,0,0,0,0,0,0,0,0,0,0,0,0,0,0,0,0,0,0,0,0,0,0,0,0.017037086855465844,0.3705904774487397,0.9874639560909118,0.38873953302184283,0.5602683401276616,0.0036455629509730136,0,0,10.0,0.0,0.0,0.06578947368421052,0.0,-2.0,0.0,-0.013157894736842105,30.8,982.3,1.2,3.3,42,0.0,600
2024-06-19 17:05:00,0,0.0,0.0,0.0,0,0,0.0,0,0,0.0,,0.0,0.0,0,0,0.0,0,0,0,0,0,0,0,0,0,0,0,0,0,0,0,0,0,0,0,0,0,0,0,0,0,0,0,0,0,0,0.014328965093369339,0.3811570538369133,0.9874639560909118,0.38873953302184283,0.5602683401276616,0.0036455629509730136,0,0,8.0,0.0,0.0,0.05263157894736842,0.0,-2.0,0.0,-0.013157894736842105,30.8,982.3,1.2,3.3,42,0.0,600
2024-06-19 17:10:00,0,0.0,0.0,0.0,0,0,0.0,0,0,0.0,,0.0,0.0,0,0,0.0,0,0,0,0,0,0,0,0,0,0,0,0,0,0,0,0,0,0,0,0,0,0,0,0,0,0,0,0,0,0,0.011851996440033319,0.3917801930309486,0.9874639560909118,0.38873953302184283,0.5602683401276616,0.0036455629509730136,0,0,8.0,0.0,0.0,0.05263157894736842,0.0,0.0,0.0,0.0,30.6,982.3,1.0,2.9,43,0.0,600
2024-06-19 17:15:00,0,0.0,0.0,0.0,0,0,0.0,0,0,0.0,,0.0,0.0,0,0,0.0,0,0,0,0,0,0,0,0,0,0,0,0,0,0,0,0,0,0,0,0,0,0,0,0,0,0,0,0,0,0,0.00960735979838484,0.4024548389919357,0.9874639560909118,0.38873953302184283,0.5602683401276616,0.0036455629509730136,0,0,2.0,0.0,0.0,0.013157894736842105,0.0,-6.0,0.0,-0.039473684210526314,30.6,982.3,1.0,2.9,43,0.0,600
2024-06-19 17:20:00,0,0.0,0.0,0.0,0,0,0.0,0,0,0.0,,0.0,0.0,0,0,0.0,0,0,0,0,0,0,0,0,0,0,0,0,0,0,0,0,0,0,0,0,0,0,0,0,0,0,0,0,0,0,0.00759612349389599,0.41317591116653485,0.9874639560909118,0.38873953302184283,0.5602683401276616,0.0036455629509730136,0,0,0.0,0.0,0.0,0.0,0.0,-2.0,0.0,-0.013157894736842105,30.4,982.4,0.8,2.8,44,0.0,600
2024-06-19 17:25:00,0,0.0,0.0,0.0,0,0,0.0,0,0,0.0,,0.0,0.0,0,0,0.0,0,0,0,0,0,0,0,0,0,0,0,0,0,0,0,0,0,0,0,0,0,0,0,0,0,0,0,0,0,0,0.005819244766119613,0.42393830690504186,0.9874639560909118,0.38873953302184283,0.5602683401276616,0.0036455629509730136,0,0,0.0,0.0,0.0,0.0,0.0,0.0,0.0,0.0,30.4,982.4,0.8,2.8,44,0.0,600
2024-06-19 17:30:00,0,0.0,0.0,0.0,0,0,0.0,0,0,0.0,,0.0,0.0,0,0,0.0,0,0,0,0,0,0,0,0,0,0,0,0,0,0,0,0,0,0,0,0,0,0,0,0,0,0,0,0,0,0,0.004277569313094809,0.4347369038899742,0.9874639560909118,0.38873953302184283,0.5602683401276616,0.0036455629509730136,0,0,0.0,0.0,0.0,0.0,0.0,0.0,0.0,0.0,29.7,982.5,1.2,3.0,48,0.0,600
2024-06-19 17:35:00,0,0.0,0.0,0.0,0,0,0.0,0,0,0.0,,0.0,0.0,0,0,0.0,0,0,0,0,0,0,0,0,0,0,0,0,0,0,0,0,0,0,0,0,0,0,0,0,0,0,0,0,0,0,0.0029718308888402323,0.44556656257401744,0.9874639560909118,0.38873953302184283,0.5602683401276616,0.0036455629509730136,0,0,0.0,0.0,0.0,0.0,0.0,0.0,0.0,0.0,29.7,982.5,1.2,3.0,48,0.0,600
2024-06-19 17:40:00,0,0.0,0.0,0.0,0,0,0.0,0,0,0.0,,0.0,0.0,0,0,0.0,0,0,0,0,0,0,0,0,0,0,0,0,0,0,0,0,0,0,0,0,0,0,0,0,0,0,0,0,0,0,0.0019026509541272274,0.4564221286261709,0.9874639560909118,0.38873953302184283,0.5602683401276616,0.0036455629509730136,0,0,0.0,0.0,0.0,0.0,0.0,0.0,0.0,0.0,29.4,982.6,1.2,2.6,46,0.0,600
2024-06-19 17:45:00,0,0.0,0.0,0.0,0,0,0.0,0,0,0.0,,0.0,0.0,0,0,0.0,0,0,0,0,0,0,0,0,0,0,0,0,0,0,0,0,0,0,0,0,0,0,0,0,0,0,0,0,0,0,0.0010705383806982605,0.46729843538492866,0.9874639560909118,0.38873953302184283,0.5602683401276616,0.0036455629509730136,0,0,0.0,0.0,0.0,0.0,0.0,0.0,0.0,0.0,29.4,982.6,1.2,2.6,46,0.0,600
2024-06-19 17:50:00,0,0.0,0.0,0.0,0,0,0.0,0,0,0.0,,0.0,0.0,0,0,0.0,0,0,0,0,0,0,0,0,0,0,0,0,0,0,0,0,0,0,0,0,0,0,0,0,0,0,0,0,0,0,0.0004758892090711564,0.4781903063173315,0.9874639560909118,0.38873953302184283,0.5602683401276616,0.0036455629509730136,0,0,0.0,0.0,0.0,0.0,0.0,0.0,0.0,0.0,29.1,982.9,1.2,2.7,49,0.0,600
2024-06-19 17:55:00,0,0.0,0.0,0.0,0,0,0.0,0,0,0.0,,0.0,0.0,0,0,0.0,0,0,0,0,0,0,0,0,0,0,0,0,0,0,0,0,0,0,0,0,0,0,0,0,0,0,0,0,0,0,0.00011898646004543378,0.48909255748271957,0.9874639560909118,0.38873953302184283,0.5602683401276616,0.0036455629509730136,0,0,0.0,0.0,0.0,0.0,0.0,0.0,0.0,0.0,29.1,982.9,1.2,2.7,49,0.0,600
2024-06-19 18:00:00,0,0.0,0.0,0.0,0,0,0.0,0,0,0.0,,0.0,0.0,0,0,0.0,0,0,0,0,0,0,0,0,0,0,0,0,0,0,0,0,0,0,0,0,0,0,0,0,0,0,0,0,0,0,0.0,0.4999999999999999,0.9874639560909118,0.38873953302184283,0.5602683401276616,0.0036455629509730136,0,0,0.0,0.0,0.0,0.0,0.0,0.0,0.0,0.0,28.3,983.0,1.5,2.7,55,0.0,600
2024-06-19 18:05:00,0,0.0,0.0,0.0,0,0,0.0,0,0,0.0,,0.0,0.0,0,0,0.0,0,0,0,0,0,0,0,0,0,0,0,0,0,0,0,0,0,0,0,0,0,0,0,0,0,0,0,0,0,0,0.00011898646004543378,0.5109074425172803,0.9874639560909118,0.38873953302184283,0.5602683401276616,0.0036455629509730136,0,0,0.0,0.0,0.0,0.0,0.0,0.0,0.0,0.0,28.3,983.0,1.5,2.7,55,0.0,600
2024-06-19 18:10:00,0,0.0,0.0,0.0,0,0,0.0,0,0,0.0,,0.0,0.0,0,0,0.0,0,0,0,0,0,0,0,0,0,0,0,0,0,0,0,0,0,0,0,0,0,0,0,0,0,0,0,0,0,0,0.0004758892090711564,0.5218096936826683,0.9874639560909118,0.38873953302184283,0.5602683401276616,0.0036455629509730136,0,0,0.0,0.0,0.0,0.0,0.0,0.0,0.0,0.0,28.2,983.2,1.6,2.6,54,0.0,75
2024-06-19 18:15:00,0,0.0,0.0,0.0,0,0,0.0,0,0,0.0,,0.0,0.0,0,0,0.0,0,0,0,0,0,0,0,0,0,0,0,0,0,0,0,0,0,0,0,0,0,0,0,0,0,0,0,0,0,0,0.001070538380698205,0.5327015646150712,0.9874639560909118,0.38873953302184283,0.5602683401276616,0.0036455629509730136,0,0,0.0,0.0,0.0,0.0,0.0,0.0,0.0,0.0,28.2,983.2,1.6,2.6,54,0.0,75
2024-06-19 18:20:00,0,0.0,0.0,0.0,0,0,0.0,0,0,0.0,,0.0,0.0,0,0,0.0,0,0,0,0,0,0,0,0,0,0,0,0,0,0,0,0,0,0,0,0,0,0,0,0,0,0,0,0,0,0,0.0019026509541272274,0.543577871373829,0.9874639560909118,0.38873953302184283,0.5602683401276616,0.0036455629509730136,0,0,0.0,0.0,0.0,0.0,0.0,0.0,0.0,0.0,27.6,983.3,1.3,2.8,59,0.0,0
2024-06-19 18:25:00,0,0.0,0.0,0.0,0,0,0.0,0,0,0.0,,0.0,0.0,0,0,0.0,0,0,0,0,0,0,0,0,0,0,0,0,0,0,0,0,0,0,0,0,0,0,0,0,0,0,0,0,0,0,0.0029718308888401768,0.5544334374259824,0.9874639560909118,0.38873953302184283,0.5602683401276616,0.0036455629509730136,0,0,0.0,0.0,0.0,0.0,0.0,0.0,0.0,0.0,27.6,983.3,1.3,2.8,59,0.0,0
2024-06-19 18:30:00,0,0.0,0.0,0.0,0,0,0.0,0,0,0.0,,0.0,0.0,0,0,0.0,0,0,0,0,0,0,0,0,0,0,0,0,0,0,0,0,0,0,0,0,0,0,0,0,0,0,0,0,0,0,0.004277569313094753,0.5652630961100257,0.9874639560909118,0.38873953302184283,0.5602683401276616,0.0036455629509730136,0,0,0.0,0.0,0.0,0.0,0.0,0.0,0.0,0.0,27.4,983.4,1.2,2.2,59,0.0,0
2024-06-19 18:35:00,0,0.0,0.0,0.0,0,0,0.0,0,0,0.0,,0.0,0.0,0,0,0.0,0,0,0,0,0,0,0,0,0,0,0,0,0,0,0,0,0,0,0,0,0,0,0,0,0,0,0,0,0,0,0.005819244766119558,0.5760616930949579,0.9874639560909118,0.38873953302184283,0.5602683401276616,0.0036455629509730136,0,0,0.0,0.0,0.0,0.0,0.0,0.0,0.0,0.0,27.4,983.4,1.2,2.2,59,0.0,0
2024-06-19 18:40:00,0,0.0,0.0,0.0,0,0,0.0,0,0,0.0,,0.0,0.0,0,0,0.0,0,0,0,0,0,0,0,0,0,0,0,0,0,0,0,0,0,0,0,0,0,0,0,0,0,0,0,0,0,0,0.007596123493895934,0.586824088833465,0.9874639560909118,0.38873953302184283,0.5602683401276616,0.0036455629509730136,0,0,0.0,0.0,0.0,0.0,0.0,0.0,0.0,0.0,27.0,983.6,1.3,2.8,58,0.0,0
2024-06-19 18:45:00,0,0.0,0.0,0.0,0,0,0.0,0,0,0.0,,0.0,0.0,0,0,0.0,0,0,0,0,0,0,0,0,0,0,0,0,0,0,0,0,0,0,0,0,0,0,0,0,0,0,0,0,0,0,0.009607359798384785,0.5975451610080642,0.9874639560909118,0.38873953302184283,0.5602683401276616,0.0036455629509730136,0,0,0.0,0.006578947368421052,1.0,0.0,1.0,0.0,0.006578947368421052,0.0,27.0,983.6,1.3,2.8,58,0.0,0
2024-06-19 18:50:00,0,0.0,0.0,0.0,0,0,0.0,0,0,0.0,,0.0,0.0,0,0,0.0,0,0,0,0,0,0,0,0,0,0,0,0,0,0,0,0,0,0,0,0,0,0,0,0,0,0,0,0,0,0,0.011851996440033263,0.6082198069690512,0.9874639560909118,0.38873953302184283,0.5602683401276616,0.0036455629509730136,0,0,0.0,0.0,0.0,0.0,-1.0,0.0,-0.006578947368421052,0.0,26.6,983.7,1.2,3.0,61,0.0,0
2024-06-19 18:55:00,0,0.0,0.0,0.0,0,0,0.0,0,0,0.0,,0.0,0.0,0,0,0.0,0,0,0,0,0,0,0,0,0,0,0,0,0,0,0,0,0,0,0,0,0,0,0,0,0,0,0,0,0,0,0.014328965093369284,0.6188429461630865,0.9874639560909118,0.38873953302184283,0.5602683401276616,0.0036455629509730136,0,0,0.0,0.0,0.0,0.0,0.0,0.0,0.0,0.0,26.6,983.7,1.2,3.0,61,0.0,0
2024-06-19 19:00:00,0,0.0,0.0,0.0,0,0,0.0,0,0,0.0,,0.0,0.0,0,0,0.0,0,0,0,0,0,0,0,0,0,0,0,0,0,0,0,0,0,0,0,0,0,0,0,0,0,0,0,0,0,0,0.01703708685546579,0.6294095225512601,0.9874639560909118,0.38873953302184283,0.5602683401276616,0.0036455629509730136,0,0,0.0,0.0,0.0,0.0,0.0,0.0,0.0,0.0,26.2,983.7,0.7,2.2,61,0.0,0
2024-06-19 19:05:00,0,0.0,0.0,0.0,0,0,0.0,0,0,0.0,,0.0,0.0,0,0,0.0,0,0,0,0,0,0,0,0,0,0,0,0,0,0,0,0,0,0,0,0,0,0,0,0,0,0,0,0,0,0,0.019975072807035643,0.639914507015496,0.9874639560909118,0.38873953302184283,0.5602683401276616,0.0036455629509730136,0,0,0.0,0.0,0.0,0.0,0.0,0.0,0.0,0.0,26.2,983.7,0.7,2.2,61,0.0,0
2024-06-19 19:10:00,0,0.0,0.0,0.0,0,0,0.0,0,0,0.0,,0.0,0.0,0,0,0.0,0,0,0,0,0,0,0,0,0,0,0,0,0,0,0,0,0,0,0,0,0,0,0,0,0,0,0,0,0,0,0.02314152462588659,0.6503528997521367,0.9874639560909118,0.38873953302184283,0.5602683401276616,0.0036455629509730136,0,0,0.0,0.0,0.0,0.0,0.0,0.0,0.0,0.0,25.9,984.0,0.5,1.7,63,0.0,0
2024-06-19 19:15:00,0,0.0,0.0,0.0,0,0,0.0,0,0,0.0,,0.0,0.0,0,0,0.0,0,0,0,0,0,0,0,0,0,0,0,0,0,0,0,0,0,0,0,0,0,0,0,0,0,0,0,0,0,0,0.026534935252447156,0.6607197326515808,0.9874639560909118,0.38873953302184283,0.5602683401276616,0.0036455629509730136,0,0,0.0,0.0,0.0,0.0,0.0,0.0,0.0,0.0,25.9,984.0,0.5,1.7,63,0.0,0
2024-06-19 19:20:00,0,0.0,0.0,0.0,0,0,0.0,0,0,0.0,,0.0,0.0,0,0,0.0,0,0,0,0,0,0,0,0,0,0,0,0,0,0,0,0,0,0,0,0,0,0,0,0,0,0,0,0,0,0,0.03015368960704573,0.6710100716628341,0.9874639560909118,0.38873953302184283,0.5602683401276616,0.0036455629509730136,0,0,0.0,0.0,0.0,0.0,0.0,0.0,0.0,0.0,25.4,984.2,0.7,1.7,65,0.0,0
2024-06-19 19:25:00,0,0.0,0.0,0.0,0,0,0.0,0,0,0.0,,0.0,0.0,0,0,0.0,0,0,0,0,0,0,0,0,0,0,0,0,0,0,0,0,0,0,0,0,0,0,0,0,0,0,0,0,0,0,0.033996065358600724,0.6812190191418508,0.9874639560909118,0.38873953302184283,0.5602683401276616,0.0036455629509730136,0,0,0.0,0.0,0.0,0.0,0.0,0.0,0.0,0.0,25.4,984.2,0.7,1.7,65,0.0,0
2024-06-19 19:30:00,0,0.0,0.0,0.0,0,0,0.0,0,0,0.0,,0.0,0.0,0,0,0.0,0,0,0,0,0,0,0,0,0,0,0,0,0,0,0,0,0,0,0,0,0,0,0,0,0,0,0,0,0,0,0.038060233744356686,0.691341716182545,0.9874639560909118,0.38873953302184283,0.5602683401276616,0.0036455629509730136,0,0,0.0,0.0,0.0,0.0,0.0,0.0,0.0,0.0,25.1,984.4,0.7,1.7,66,0.0,0
2024-06-19 19:35:00,0,0.0,0.0,0.0,0,0,0.0,0,0,0.0,,0.0,0.0,0,0,0.0,0,0,0,0,0,0,0,0,0,0,0,0,0,0,0,0,0,0,0,0,0,0,0,0,0,0,0,0,0,0,0.04234426044027639,0.7013733449293685,0.9874639560909118,0.38873953302184283,0.5602683401276616,0.0036455629509730136,0,0,0.0,0.0,0.0,0.0,0.0,0.0,0.0,0.0,25.1,984.4,0.7,1.7,66,0.0,0
2024-06-19 19:40:00,0,0.0,0.0,0.0,0,0,0.0,0,0,0.0,,0.0,0.0,0,0,0.0,0,0,0,0,0,0,0,0,0,0,0,0,0,0,0,0,0,0,0,0,0,0,0,0,0,0,0,0,0,0,0.04684610648167503,0.7113091308703499,0.9874639560909118,0.38873953302184283,0.5602683401276616,0.0036455629509730136,0,0,0.0,0.0,0.0,0.0,0.0,0.0,0.0,0.0,24.8,984.7,0.4,1.3,67,0.0,0
2024-06-19 19:45:00,0,0.0,0.0,0.0,0,0,0.0,0,0,0.0,,0.0,0.0,0,0,0.0,0,0,0,0,0,0,0,0,0,0,0,0,0,0,0,0,0,0,0,0,0,0,0,0,0,0,0,0,0,0,0.05156362923365576,0.7211443451095005,0.9874639560909118,0.38873953302184283,0.5602683401276616,0.0036455629509730136,0,0,0.0,0.0,0.0,0.0,0.0,0.0,0.0,0.0,24.8,984.7,0.4,1.3,67,0.0,0
2024-06-19 19:50:00,0,0.0,0.0,0.0,0,0,0.0,0,0,0.0,,0.0,0.0,0,0,0.0,0,0,0,0,0,0,0,0,0,0,0,0,0,0,0,0,0,0,0,0,0,0,0,0,0,0,0,0,0,0,0.05649458341088898,0.7308743066175166,0.9874639560909118,0.38873953302184283,0.5602683401276616,0.0036455629509730136,0,0,0.0,0.0,0.0,0.0,0.0,0.0,0.0,0.0,24.5,984.7,0.7,1.9,67,0.0,0
2024-06-19 19:55:00,0,0.0,0.0,0.0,0,0,0.0,0,0,0.0,,0.0,0.0,0,0,0.0,0,0,0,0,0,0,0,0,0,0,0,0,0,0,0,0,0,0,0,0,0,0,0,0,0,0,0,0,0,0,0.061636622146246045,0.7404943844596936,0.9874639560909118,0.38873953302184283,0.5602683401276616,0.0036455629509730136,0,0,0.0,0.0,0.0,0.0,0.0,0.0,0.0,0.0,24.5,984.7,0.7,1.9,67,0.0,0
2024-06-19 20:00:00,0,0.0,0.0,0.0,0,0,0.0,0,0,0.0,,0.0,0.0,0,0,0.0,0,0,0,0,0,0,0,0,0,0,0,0,0,0,0,0,0,0,0,0,0,0,0,0,0,0,0,0,0,0,0.0669872981077807,0.75,0.9874639560909118,0.38873953302184283,0.5602683401276616,0.0036455629509730136,0,0,0.0,0.0,0.0,0.0,0.0,0.0,0.0,0.0,24.4,984.9,0.5,1.3,68,0.0,0
2024-06-19 20:05:00,0,0.0,0.0,0.0,0,0,0.0,0,0,0.0,,0.0,0.0,0,0,0.0,0,0,0,0,0,0,0,0,0,0,0,0,0,0,0,0,0,0,0,0,0,0,0,0,0,0,0,0,0,0,0.07254406466352659,0.7593866290802606,0.9874639560909118,0.38873953302184283,0.5602683401276616,0.0036455629509730136,0,0,0.0,0.0,0.0,0.0,0.0,0.0,0.0,0.0,24.4,984.9,0.5,1.3,68,0.0,0
2024-06-19 20:10:00,0,0.0,0.0,0.0,0,0,0.0,0,0,0.0,,0.0,0.0,0,0,0.0,0,0,0,0,0,0,0,0,0,0,0,0,0,0,0,0,0,0,0,0,0,0,0,0,0,0,0,0,0,0,0.07830427709355714,0.768649804173412,0.9874639560909118,0.38873953302184283,0.5602683401276616,0.0036455629509730136,0,0,0.0,0.0,0.0,0.0,0.0,0.0,0.0,0.0,24.3,985.2,0.8,1.6,69,0.0,0
2024-06-19 20:15:00,0,0.0,0.0,0.0,0,0,0.0,0,0,0.0,,0.0,0.0,0,0,0.0,0,0,0,0,0,0,0,0,0,0,0,0,0,0,0,0,0,0,0,0,0,0,0,0,0,0,0,0,0,0,0.08426519384872727,0.7777851165098009,0.9874639560909118,0.38873953302184283,0.5602683401276616,0.0036455629509730136,0,0,0.0,0.0,0.0,0.0,0.0,0.0,0.0,0.0,24.3,985.2,0.8,1.6,69,0.0,0
2024-06-19 20:20:00,0,0.0,0.0,0.0,0,0,0.0,0,0,0.0,,0.0,0.0,0,0,0.0,0,0,0,0,0,0,0,0,0,0,0,0,0,0,0,0,0,0,0,0,0,0,0,0,0,0,0,0,0,0,0.0904239778555041,0.786788218175523,0.9874639560909118,0.38873953302184283,0.5602683401276616,0.0036455629509730136,0,0,0.0,0.0,0.0,0.0,0.0,0.0,0.0,0.0,24.4,985.2,0.9,2.0,68,0.0,0
2024-06-19 20:25:00,0,0.0,0.0,0.0,0,0,0.0,0,0,0.0,,0.0,0.0,0,0,0.0,0,0,0,0,0,0,0,0,0,0,0,0,0,0,0,0,0,0,0,0,0,0,0,0,0,0,0,0,0,0,0.09677769786625884,0.7956548241817913,0.9874639560909118,0.38873953302184283,0.5602683401276616,0.0036455629509730136,0,0,0.0,0.0,0.0,0.0,0.0,0.0,0.0,0.0,24.4,985.2,0.9,2.0,68,0.0,0
2024-06-19 20:30:00,0,0.0,0.0,0.0,0,0,0.0,0,0,0.0,,0.0,0.0,0,0,0.0,0,0,0,0,0,0,0,0,0,0,0,0,0,0,0,0,0,0,0,0,0,0,0,0,0,0,0,0,0,0,0.10332332985438242,0.8043807145043602,0.9874639560909118,0.38873953302184283,0.5602683401276616,0.0036455629509730136,0,0,0.0,0.0,0.0,0.0,0.0,0.0,0.0,0.0,24.2,985.4,0.8,3.1,68,0.0,0
2024-06-19 20:35:00,0,0.0,0.0,0.0,0,0,0.0,0,0,0.0,,0.0,0.0,0,0,0.0,0,0,0,0,0,0,0,0,0,0,0,0,0,0,0,0,0,0,0,0,0,0,0,0,0,0,0,0,0,0,0.11005775845355892,0.8129617360920294,0.9874639560909118,0.38873953302184283,0.5602683401276616,0.0036455629509730136,0,0,0.0,0.0,0.0,0.0,0.0,0.0,0.0,0.0,24.2,985.4,0.8,3.1,68,0.0,0
2024-06-19 20:40:00,0,0.0,0.0,0.0,0,0,0.0,0,0,0.0,,0.0,0.0,0,0,0.0,0,0,0,0,0,0,0,0,0,0,0,0,0,0,0,0,0,0,0,0,0,0,0,0,0,0,0,0,0,0,0.11697777844051094,0.8213938048432696,0.9874639560909118,0.38873953302184283,0.5602683401276616,0.0036455629509730136,0,0,0.0,0.0,0.0,0.0,0.0,0.0,0.0,0.0,23.9,985.5,0.8,1.9,69,0.0,0
2024-06-19 20:45:00,0,0.0,0.0,0.0,0,0,0.0,0,0,0.0,,0.0,0.0,0,0,0.0,0,0,0,0,0,0,0,0,0,0,0,0,0,0,0,0,0,0,0,0,0,0,0,0,0,0,0,0,0,0,0.12408009626051142,0.8296729075500345,0.9874639560909118,0.38873953302184283,0.5602683401276616,0.0036455629509730136,0,0,0.0,0.0,0.0,0.0,0.0,0.0,0.0,0.0,23.9,985.5,0.8,1.9,69,0.0,0
2024-06-19 20:50:00,0,0.0,0.0,0.0,0,0,0.0,0,0,0.0,,0.0,0.0,0,0,0.0,0,0,0,0,0,0,0,0,0,0,0,0,0,0,0,0,0,0,0,0,0,0,0,0,0,0,0,0,0,0,0.13136133159493762,0.8377951038078297,0.9874639560909118,0.38873953302184283,0.5602683401276616,0.0036455629509730136,0,0,0.0,0.0,0.0,0.0,0.0,0.0,0.0,0.0,23.8,985.5,1.0,1.8,69,0.0,0
2024-06-19 20:55:00,0,0.0,0.0,0.0,0,0,0.0,0,0,0.0,,0.0,0.0,0,0,0.0,0,0,0,0,0,0,0,0,0,0,0,0,0,0,0,0,0,0,0,0,0,0,0,0,0,0,0,0,0,0,0.1388180189701223,0.8457565278911348,0.9874639560909118,0.38873953302184283,0.5602683401276616,0.0036455629509730136,0,0,0.0,0.0,0.0,0.0,0.0,0.0,0.0,0.0,23.8,985.5,1.0,1.8,69,0.0,0
2024-06-19 21:00:00,0,0.0,0.0,0.0,0,0,0.0,0,0,0.0,,0.0,0.0,0,0,0.0,0,0,0,0,0,0,0,0,0,0,0,0,0,0,0,0,0,0,0,0,0,0,0,0,0,0,0,0,0,0,0.14644660940672616,0.8535533905932737,0.9874639560909118,0.38873953302184283,0.5602683401276616,0.0036455629509730136,0,0,0.0,0.0,0.0,0.0,0.0,0.0,0.0,0.0,23.6,985.8,2.0,4.4,69,0.0,0
2024-06-19 21:05:00,0,0.0,0.0,0.0,0,0,0.0,0,0,0.0,,0.0,0.0,0,0,0.0,0,0,0,0,0,0,0,0,0,0,0,0,0,0,0,0,0,0,0,0,0,0,0,0,0,0,0,0,0,0,0.15424347210886508,0.8611819810298775,0.9874639560909118,0.38873953302184283,0.5602683401276616,0.0036455629509730136,0,0,0.0,0.0,0.0,0.0,0.0,0.0,0.0,0.0,23.6,985.8,2.0,4.4,69,0.0,0
2024-06-19 21:10:00,0,0.0,0.0,0.0,0,0,0.0,0,0,0.0,,0.0,0.0,0,0,0.0,0,0,0,0,0,0,0,0,0,0,0,0,0,0,0,0,0,0,0,0,0,0,0,0,0,0,0,0,0,0,0.1622048961921701,0.8686386684050622,0.9874639560909118,0.38873953302184283,0.5602683401276616,0.0036455629509730136,0,0,1.0,0.0,0.0,0.006578947368421052,0.0,1.0,0.0,0.006578947368421052,24.0,985.8,1.2,2.4,63,0.0,0
2024-06-19 21:15:00,0,0.0,0.0,0.0,0,0,0.0,0,0,0.0,,0.0,0.0,0,0,0.0,0,0,0,0,0,0,0,0,0,0,0,0,0,0,0,0,0,0,0,0,0,0,0,0,0,0,0,0,0,0,0.1703270924499653,0.8759199037394885,0.9874639560909118,0.38873953302184283,0.5602683401276616,0.0036455629509730136,0,0,0.0,0.0,0.0,0.0,0.0,-1.0,0.0,-0.006578947368421052,24.0,985.8,1.2,2.4,63,0.0,0
2024-06-19 21:20:00,0,0.0,0.0,0.0,0,0,0.0,0,0,0.0,,0.0,0.0,0,0,0.0,0,0,0,0,0,0,0,0,0,0,0,0,0,0,0,0,0,0,0,0,0,0,0,0,0,0,0,0,0,0,0.1786061951567302,0.883022221559489,0.9874639560909118,0.38873953302184283,0.5602683401276616,0.0036455629509730136,0,0,0.0,0.0,0.0,0.0,0.0,0.0,0.0,0.0,24.3,985.8,2.3,5.2,61,0.0,0
2024-06-19 21:25:00,0,0.0,0.0,0.0,0,0,0.0,0,0,0.0,,0.0,0.0,0,0,0.0,0,0,0,0,0,0,0,0,0,0,0,0,0,0,0,0,0,0,0,0,0,0,0,0,0,0,0,0,0,0,0.18703826390797051,0.8899422415464409,0.9874639560909118,0.38873953302184283,0.5602683401276616,0.0036455629509730136,0,0,0.0,0.0,0.0,0.0,0.0,0.0,0.0,0.0,24.3,985.8,2.3,5.2,61,0.0,0
2024-06-19 21:30:00,0,0.0,0.0,0.0,0,0,0.0,0,0,0.0,,0.0,0.0,0,0,0.0,0,0,0,0,0,0,0,0,0,0,0,0,0,0,0,0,0,0,0,0,0,0,0,0,0,0,0,0,0,0,0.19561928549563956,0.8966766701456175,0.9874639560909118,0.38873953302184283,0.5602683401276616,0.0036455629509730136,0,0,0.0,0.0,0.0,0.0,0.0,0.0,0.0,0.0,24.8,985.9,2.1,4.4,57,0.0,0
2024-06-19 21:35:00,0,0.0,0.0,0.0,0,0,0.0,0,0,0.0,,0.0,0.0,0,0,0.0,0,0,0,0,0,0,0,0,0,0,0,0,0,0,0,0,0,0,0,0,0,0,0,0,0,0,0,0,0,0,0.2043451758182085,0.9032223021337411,0.9874639560909118,0.38873953302184283,0.5602683401276616,0.0036455629509730136,0,0,0.0,0.0,0.0,0.0,0.0,0.0,0.0,0.0,24.8,985.9,2.1,4.4,57,0.0,0
2024-06-19 21:40:00,0,0.0,0.0,0.0,0,0,0.0,0,0,0.0,,0.0,0.0,0,0,0.0,0,0,0,0,0,0,0,0,0,0,0,0,0,0,0,0,0,0,0,0,0,0,0,0,0,0,0,0,0,0,0.21321178182447675,0.9095760221444957,0.9874639560909118,0.38873953302184283,0.5602683401276616,0.0036455629509730136,0,0,0.0,0.0,0.0,0.0,0.0,0.0,0.0,0.0,25.0,986.0,2.9,5.5,57,0.0,0
2024-06-19 21:45:00,0,0.0,0.0,0.0,0,0,0.0,0,0,0.0,,0.0,0.0,0,0,0.0,0,0,0,0,0,0,0,0,0,0,0,0,0,0,0,0,0,0,0,0,0,0,0,0,0,0,0,0,0,0,0.2222148834901989,0.9157348061512727,0.9874639560909118,0.38873953302184283,0.5602683401276616,0.0036455629509730136,0,0,0.0,0.0,0.0,0.0,0.0,0.0,0.0,0.0,25.0,986.0,2.9,5.5,57,0.0,0
2024-06-19 21:50:00,0,0.0,0.0,0.0,0,0,0.0,0,0,0.0,,0.0,0.0,0,0,0.0,0,0,0,0,0,0,0,0,0,0,0,0,0,0,0,0,0,0,0,0,0,0,0,0,0,0,0,0,0,0,0.2313501958265879,0.9216957229064427,0.9874639560909118,0.38873953302184283,0.5602683401276616,0.0036455629509730136,0,0,0.0,0.0,0.0,0.0,0.0,0.0,0.0,0.0,25.0,986.2,3.0,6.8,58,0.0,0
2024-06-19 21:55:00,0,0.0,0.0,0.0,0,0,0.0,0,0,0.0,,0.0,0.0,0,0,0.0,0,0,0,0,0,0,0,0,0,0,0,0,0,0,0,0,0,0,0,0,0,0,0,0,0,0,0,0,0,0,0.24061337091973928,0.9274559353364733,0.9874639560909118,0.38873953302184283,0.5602683401276616,0.0036455629509730136,0,0,0.0,0.0,0.0,0.0,0.0,0.0,0.0,0.0,25.0,986.2,3.0,6.8,58,0.0,0
2024-06-19 22:00:00,0,0.0,0.0,0.0,0,0,0.0,0,0,0.0,,0.0,0.0,0,0,0.0,0,0,0,0,0,0,0,0,0,0,0,0,0,0,0,0,0,0,0,0,0,0,0,0,0,0,0,0,0,0,0.24999999999999978,0.9330127018922192,0.9874639560909118,0.38873953302184283,0.5602683401276616,0.0036455629509730136,0,0,0.0,0.0,0.0,0.0,0.0,0.0,0.0,0.0,24.7,986.2,3.3,7.2,60,0.0,0
2024-06-19 22:05:00,0,0.0,0.0,0.0,0,0,0.0,0,0,0.0,,0.0,0.0,0,0,0.0,0,0,0,0,0,0,0,0,0,0,0,0,0,0,0,0,0,0,0,0,0,0,0,0,0,0,0,0,0,0,0.25950561554030616,0.9383633778537539,0.9874639560909118,0.38873953302184283,0.5602683401276616,0.0036455629509730136,0,0,0.0,0.0,0.0,0.0,0.0,0.0,0.0,0.0,24.7,986.2,3.3,7.2,60,0.0,0
2024-06-19 22:10:00,0,0.0,0.0,0.0,0,0,0.0,0,0,0.0,,0.0,0.0,0,0,0.0,0,0,0,0,0,0,0,0,0,0,0,0,0,0,0,0,0,0,0,0,0,0,0,0,0,0,0,0,0,0,0.26912569338248316,0.9435054165891109,0.9874639560909118,0.38873953302184283,0.5602683401276616,0.0036455629509730136,0,0,0.0,0.0,0.0,0.0,0.0,0.0,0.0,0.0,24.4,986.3,2.5,5.4,63,0.0,0
2024-06-19 22:15:00,0,0.0,0.0,0.0,0,0,0.0,0,0,0.0,,0.0,0.0,0,0,0.0,0,0,0,0,0,0,0,0,0,0,0,0,0,0,0,0,0,0,0,0,0,0,0,0,0,0,0,0,0,0,0.2788556548904993,0.9484363707663441,0.9874639560909118,0.38873953302184283,0.5602683401276616,0.0036455629509730136,0,0,0.0,0.0,0.0,0.0,0.0,0.0,0.0,0.0,24.4,986.3,2.5,5.4,63,0.0,0
2024-06-19 22:20:00,0,0.0,0.0,0.0,0,0,0.0,0,0,0.0,,0.0,0.0,0,0,0.0,0,0,0,0,0,0,0,0,0,0,0,0,0,0,0,0,0,0,0,0,0,0,0,0,0,0,0,0,0,0,0.28869086912965003,0.9531538935183248,0.9874639560909118,0.38873953302184283,0.5602683401276616,0.0036455629509730136,0,0,0.0,0.0,0.0,0.0,0.0,0.0,0.0,0.0,23.9,986.5,2.8,6.4,65,0.0,0
2024-06-19 22:25:00,0,0.0,0.0,0.0,0,0,0.0,0,0,0.0,,0.0,0.0,0,0,0.0,0,0,0,0,0,0,0,0,0,0,0,0,0,0,0,0,0,0,0,0,0,0,0,0,0,0,0,0,0,0,0.2986266550706313,0.9576557395597236,0.9874639560909118,0.38873953302184283,0.5602683401276616,0.0036455629509730136,0,0,0.0,0.0,0.0,0.0,0.0,0.0,0.0,0.0,23.9,986.5,2.8,6.4,65,0.0,0
2024-06-19 22:30:00,0,0.0,0.0,0.0,0,0,0.0,0,0,0.0,,0.0,0.0,0,0,0.0,0,0,0,0,0,0,0,0,0,0,0,0,0,0,0,0,0,0,0,0,0,0,0,0,0,0,0,0,0,0,0.3086582838174548,0.9619397662556433,0.9874639560909118,0.38873953302184283,0.5602683401276616,0.0036455629509730136,0,0,0.0,0.0,0.0,0.0,0.0,0.0,0.0,0.0,23.5,986.5,2.8,6.4,67,0.0,0
2024-06-19 22:35:00,0,0.0,0.0,0.0,0,0,0.0,0,0,0.0,,0.0,0.0,0,0,0.0,0,0,0,0,0,0,0,0,0,0,0,0,0,0,0,0,0,0,0,0,0,0,0,0,0,0,0,0,0,0,0.3187809808581491,0.9660039346413992,0.9874639560909118,0.38873953302184283,0.5602683401276616,0.0036455629509730136,0,0,0.0,0.0,0.0,0.0,0.0,0.0,0.0,0.0,23.5,986.5,2.8,6.4,67,0.0,0
2024-06-19 22:40:00,0,0.0,0.0,0.0,0,0,0.0,0,0,0.0,,0.0,0.0,0,0,0.0,0,0,0,0,0,0,0,0,0,0,0,0,0,0,0,0,0,0,0,0,0,0,0,0,0,0,0,0,0,0,0.32898992833716567,0.9698463103929542,0.9874639560909118,0.38873953302184283,0.5602683401276616,0.0036455629509730136,0,0,0.0,0.0,0.0,0.0,0.0,0.0,0.0,0.0,23.3,986.6,2.7,4.6,67,0.0,0
2024-06-19 22:45:00,0,0.0,0.0,0.0,0,0,0.0,0,0,0.0,,0.0,0.0,0,0,0.0,0,0,0,0,0,0,0,0,0,0,0,0,0,0,0,0,0,0,0,0,0,0,0,0,0,0,0,0,0,0,0.3392802673484191,0.9734650647475528,0.9874639560909118,0.38873953302184283,0.5602683401276616,0.0036455629509730136,0,0,0.0,0.0,0.0,0.0,0.0,0.0,0.0,0.0,23.3,986.6,2.7,4.6,67,0.0,0
2024-06-19 22:50:00,0,0.0,0.0,0.0,0,0,0.0,0,0,0.0,,0.0,0.0,0,0,0.0,0,0,0,0,0,0,0,0,0,0,0,0,0,0,0,0,0,0,0,0,0,0,0,0,0,0,0,0,0,0,0.34964710024786305,0.9768584753741134,0.9874639560909118,0.38873953302184283,0.5602683401276616,0.0036455629509730136,0,0,0.0,0.0,0.0,0.0,0.0,0.0,0.0,0.0,23.1,986.7,2.7,5.9,67,0.0,0
2024-06-19 22:55:00,0,0.0,0.0,0.0,0,0,0.0,0,0,0.0,,0.0,0.0,0,0,0.0,0,0,0,0,0,0,0,0,0,0,0,0,0,0,0,0,0,0,0,0,0,0,0,0,0,0,0,0,0,0,0.36008549298450376,0.9800249271929643,0.9874639560909118,0.38873953302184283,0.5602683401276616,0.0036455629509730136,0,0,0.0,0.0,0.0,0.0,0.0,0.0,0.0,0.0,23.1,986.7,2.7,5.9,67,0.0,0
2024-06-19 23:00:00,0,0.0,0.0,0.0,0,0,0.0,0,0,0.0,,0.0,0.0,0,0,0.0,0,0,0,0,0,0,0,0,0,0,0,0,0,0,0,0,0,0,0,0,0,0,0,0,0,0,0,0,0,0,0.37059047744873963,0.9829629131445341,0.9874639560909118,0.38873953302184283,0.5602683401276616,0.0036455629509730136,0,0,0.0,0.0,0.0,0.0,0.0,0.0,0.0,0.0,22.8,986.9,2.8,6.7,68,0.0,0
2024-06-19 23:05:00,0,0.0,0.0,0.0,0,0,0.0,0,0,0.0,,0.0,0.0,0,0,0.0,0,0,0,0,0,0,0,0,0,0,0,0,0,0,0,0,0,0,0,0,0,0,0,0,0,0,0,0,0,0,0.38115705383691323,0.9856710349066307,0.9874639560909118,0.38873953302184283,0.5602683401276616,0.0036455629509730136,0,0,0.0,0.0,0.0,0.0,0.0,0.0,0.0,0.0,22.8,986.9,2.8,6.7,68,0.0,0
2024-06-19 23:10:00,0,0.0,0.0,0.0,0,0,0.0,0,0,0.0,,0.0,0.0,0,0,0.0,0,0,0,0,0,0,0,0,0,0,0,0,0,0,0,0,0,0,0,0,0,0,0,0,0,0,0,0,0,0,0.3917801930309486,0.9881480035599667,0.9874639560909118,0.38873953302184283,0.5602683401276616,0.0036455629509730136,0,0,0.0,0.0,0.0,0.0,0.0,0.0,0.0,0.0,22.5,986.9,3.2,6.9,68,0.0,0
2024-06-19 23:15:00,0,0.0,0.0,0.0,0,0,0.0,0,0,0.0,,0.0,0.0,0,0,0.0,0,0,0,0,0,0,0,0,0,0,0,0,0,0,0,0,0,0,0,0,0,0,0,0,0,0,0,0,0,0,0.4024548389919356,0.9903926402016152,0.9874639560909118,0.38873953302184283,0.5602683401276616,0.0036455629509730136,0,0,0.0,0.0,0.0,0.0,0.0,0.0,0.0,0.0,22.5,986.9,3.2,6.9,68,0.0,0
2024-06-19 23:20:00,0,0.0,0.0,0.0,0,0,0.0,0,0,0.0,,0.0,0.0,0,0,0.0,0,0,0,0,0,0,0,0,0,0,0,0,0,0,0,0,0,0,0,0,0,0,0,0,0,0,0,0,0,0,0.4131759111665348,0.9924038765061041,0.9874639560909118,0.38873953302184283,0.5602683401276616,0.0036455629509730136,0,0,0.0,0.0,0.0,0.0,0.0,0.0,0.0,0.0,22.3,986.9,2.0,4.2,69,0.0,0
2024-06-19 23:25:00,0,0.0,0.0,0.0,0,0,0.0,0,0,0.0,,0.0,0.0,0,0,0.0,0,0,0,0,0,0,0,0,0,0,0,0,0,0,0,0,0,0,0,0,0,0,0,0,0,0,0,0,0,0,0.42393830690504186,0.9941807552338804,0.9874639560909118,0.38873953302184283,0.5602683401276616,0.0036455629509730136,0,0,0.0,0.0,0.0,0.0,0.0,0.0,0.0,0.0,22.3,986.9,2.0,4.2,69,0.0,0
2024-06-19 23:30:00,0,0.0,0.0,0.0,0,0,0.0,0,0,0.0,,0.0,0.0,0,0,0.0,0,0,0,0,0,0,0,0,0,0,0,0,0,0,0,0,0,0,0,0,0,0,0,0,0,0,0,0,0,0,0.43473690388997416,0.9957224306869052,0.9874639560909118,0.38873953302184283,0.5602683401276616,0.0036455629509730136,0,0,0.0,0.0,0.0,0.0,0.0,0.0,0.0,0.0,22.1,987.1,2.4,4.3,70,0.0,0
2024-06-19 23:35:00,0,0.0,0.0,0.0,0,0,0.0,0,0,0.0,,0.0,0.0,0,0,0.0,0,0,0,0,0,0,0,0,0,0,0,0,0,0,0,0,0,0,0,0,0,0,0,0,0,0,0,0,0,0,0.44556656257401744,0.9970281691111598,0.9874639560909118,0.38873953302184283,0.5602683401276616,0.0036455629509730136,0,0,0.0,0.0,0.0,0.0,0.0,0.0,0.0,0.0,22.1,987.1,2.4,4.3,70,0.0,0
2024-06-19 23:40:00,0,0.0,0.0,0.0,0,0,0.0,0,0,0.0,,0.0,0.0,0,0,0.0,0,0,0,0,0,0,0,0,0,0,0,0,0,0,0,0,0,0,0,0,0,0,0,0,0,0,0,0,0,0,0.4564221286261708,0.9980973490458728,0.9874639560909118,0.38873953302184283,0.5602683401276616,0.0036455629509730136,0,0,0.0,0.0,0.0,0.0,0.0,0.0,0.0,0.0,21.9,987.3,2.5,5.8,70,0.0,0
2024-06-19 23:45:00,0,0.0,0.0,0.0,0,0,0.0,0,0,0.0,,0.0,0.0,0,0,0.0,0,0,0,0,0,0,0,0,0,0,0,0,0,0,0,0,0,0,0,0,0,0,0,0,0,0,0,0,0,0,0.4672984353849286,0.9989294616193017,0.9874639560909118,0.38873953302184283,0.5602683401276616,0.0036455629509730136,0,0,0.0,0.0,0.0,0.0,0.0,0.0,0.0,0.0,21.9,987.3,2.5,5.8,70,0.0,0
2024-06-19 23:50:00,0,0.0,0.0,0.0,0,0,0.0,0,0,0.0,,0.0,0.0,0,0,0.0,0,0,0,0,0,0,0,0,0,0,0,0,0,0,0,0,0,0,0,0,0,0,0,0,0,0,0,0,0,0,0.47819030631733145,0.9995241107909288,0.9874639560909118,0.38873953302184283,0.5602683401276616,0.0036455629509730136,0,0,0.0,0.0,0.0,0.0,0.0,0.0,0.0,0.0,21.8,987.3,2.6,5.8,70,0.0,0
2024-06-19 23:55:00,0,0.0,0.0,0.0,0,0,0.0,0,0,0.0,,0.0,0.0,0,0,0.0,0,0,0,0,0,0,0,0,0,0,0,0,0,0,0,0,0,0,0,0,0,0,0,0,0,0,0,0,0,0,0.48909255748271957,0.9998810135399545,0.9874639560909118,0.38873953302184283,0.5602683401276616,0.0036455629509730136,0,0,0.0,0.0,0.0,0.0,0.0,0.0,0.0,0.0,21.8,987.3,2.6,5.8,70,0.0,0
2024-06-20 00:00:00,0,0.0,0.0,0.0,0,0,0.0,0,0,0.0,,0.0,0.0,0,0,0.0,0,0,0,0,0,0,0,0,0,0,0,0,0,0,0,0,0,0,0,0,0,0,0,0,0,0,0,0,0,0,0.5,1.0,0.7169418695587791,0.04951556604879048,0.5602683401276616,0.0036455629509730136,0,0,0.0,0.0,0.0,0.0,0.0,0.0,0.0,0.0,21.6,987.6,3.5,7.4,71,0.0,0
2024-06-20 00:05:00,0,0.0,0.0,0.0,0,0,0.0,0,0,0.0,,0.0,0.0,0,0,0.0,0,0,0,0,0,0,0,0,0,0,0,0,0,0,0,0,0,0,0,0,0,0,0,0,0,0,0,0,0,0,0.5109074425172806,0.9998810135399545,0.7169418695587791,0.04951556604879048,0.5602683401276616,0.0036455629509730136,0,0,0.0,0.0,0.0,0.0,0.0,0.0,0.0,0.0,21.6,987.6,3.5,7.4,71,0.0,0
2024-06-20 00:10:00,0,0.0,0.0,0.0,0,0,0.0,0,0,0.0,,0.0,0.0,0,0,0.0,0,0,0,0,0,0,0,0,0,0,0,0,0,0,0,0,0,0,0,0,0,0,0,0,0,0,0,0,0,0,0.521809693682668,0.999524110790929,0.7169418695587791,0.04951556604879048,0.5602683401276616,0.0036455629509730136,0,0,0.0,0.0,0.0,0.0,0.0,0.0,0.0,0.0,21.5,987.7,4.0,6.9,71,0.0,0
2024-06-20 00:15:00,0,0.0,0.0,0.0,0,0,0.0,0,0,0.0,,0.0,0.0,0,0,0.0,0,0,0,0,0,0,0,0,0,0,0,0,0,0,0,0,0,0,0,0,0,0,0,0,0,0,0,0,0,0,0.5327015646150716,0.9989294616193017,0.7169418695587791,0.04951556604879048,0.5602683401276616,0.0036455629509730136,0,0,0.0,0.0,0.0,0.0,0.0,0.0,0.0,0.0,21.5,987.7,4.0,6.9,71,0.0,0
2024-06-20 00:20:00,0,0.0,0.0,0.0,0,0,0.0,0,0,0.0,,0.0,0.0,0,0,0.0,0,0,0,0,0,0,0,0,0,0,0,0,0,0,0,0,0,0,0,0,0,0,0,0,0,0,0,0,0,0,0.5435778713738291,0.9980973490458728,0.7169418695587791,0.04951556604879048,0.5602683401276616,0.0036455629509730136,0,0,0.0,0.0,0.0,0.0,0.0,0.0,0.0,0.0,21.3,987.7,3.2,7.1,71,0.0,0
2024-06-20 00:25:00,0,0.0,0.0,0.0,0,0,0.0,0,0,0.0,,0.0,0.0,0,0,0.0,0,0,0,0,0,0,0,0,0,0,0,0,0,0,0,0,0,0,0,0,0,0,0,0,0,0,0,0,0,0,0.5544334374259823,0.9970281691111598,0.7169418695587791,0.04951556604879048,0.5602683401276616,0.0036455629509730136,0,0,0.0,0.0,0.0,0.0,0.0,0.0,0.0,0.0,21.3,987.7,3.2,7.1,71,0.0,0
2024-06-20 00:30:00,0,0.0,0.0,0.0,0,0,0.0,0,0,0.0,,0.0,0.0,0,0,0.0,0,0,0,0,0,0,0,0,0,0,0,0,0,0,0,0,0,0,0,0,0,0,0,0,0,0,0,0,0,0,0.5652630961100258,0.9957224306869052,0.7169418695587791,0.04951556604879048,0.5602683401276616,0.0036455629509730136,0,0,0.0,0.0,0.0,0.0,0.0,0.0,0.0,0.0,21.2,987.9,3.0,6.0,71,0.0,0
2024-06-20 00:35:00,0,0.0,0.0,0.0,0,0,0.0,0,0,0.0,,0.0,0.0,0,0,0.0,0,0,0,0,0,0,0,0,0,0,0,0,0,0,0,0,0,0,0,0,0,0,0,0,0,0,0,0,0,0,0.5760616930949584,0.9941807552338804,0.7169418695587791,0.04951556604879048,0.5602683401276616,0.0036455629509730136,0,0,0.0,0.0,0.0,0.0,0.0,0.0,0.0,0.0,21.2,987.9,3.0,6.0,71,0.0,0
2024-06-20 00:40:00,0,0.0,0.0,0.0,0,0,0.0,0,0,0.0,,0.0,0.0,0,0,0.0,0,0,0,0,0,0,0,0,0,0,0,0,0,0,0,0,0,0,0,0,0,0,0,0,0,0,0,0,0,0,0.5868240888334652,0.9924038765061041,0.7169418695587791,0.04951556604879048,0.5602683401276616,0.0036455629509730136,0,0,0.0,0.0,0.0,0.0,0.0,0.0,0.0,0.0,21.1,987.9,2.0,5.3,71,0.0,0
2024-06-20 00:45:00,0,0.0,0.0,0.0,0,0,0.0,0,0,0.0,,0.0,0.0,0,0,0.0,0,0,0,0,0,0,0,0,0,0,0,0,0,0,0,0,0,0,0,0,0,0,0,0,0,0,0,0,0,0,0.5975451610080641,0.9903926402016152,0.7169418695587791,0.04951556604879048,0.5602683401276616,0.0036455629509730136,0,0,0.0,0.0,0.0,0.0,0.0,0.0,0.0,0.0,21.1,987.9,2.0,5.3,71,0.0,0
2024-06-20 00:50:00,0,0.0,0.0,0.0,0,0,0.0,0,0,0.0,,0.0,0.0,0,0,0.0,0,0,0,0,0,0,0,0,0,0,0,0,0,0,0,0,0,0,0,0,0,0,0,0,0,0,0,0,0,0,0.6082198069690514,0.9881480035599667,0.7169418695587791,0.04951556604879048,0.5602683401276616,0.0036455629509730136,0,0,0.0,0.0,0.0,0.0,0.0,0.0,0.0,0.0,20.9,987.9,3.1,6.5,72,0.0,0
2024-06-20 00:55:00,0,0.0,0.0,0.0,0,0,0.0,0,0,0.0,,0.0,0.0,0,0,0.0,0,0,0,0,0,0,0,0,0,0,0,0,0,0,0,0,0,0,0,0,0,0,0,0,0,0,0,0,0,0,0.6188429461630865,0.9856710349066307,0.7169418695587791,0.04951556604879048,0.5602683401276616,0.0036455629509730136,0,0,0.0,0.0,0.0,0.0,0.0,0.0,0.0,0.0,20.9,987.9,3.1,6.5,72,0.0,0
2024-06-20 01:00:00,0,0.0,0.0,0.0,0,0,0.0,0,0,0.0,,0.0,0.0,0,0,0.0,0,0,0,0,0,0,0,0,0,0,0,0,0,0,0,0,0,0,0,0,0,0,0,0,0,0,0,0,0,0,0.6294095225512604,0.9829629131445341,0.7169418695587791,0.04951556604879048,0.5602683401276616,0.0036455629509730136,0,0,0.0,0.0,0.0,0.0,0.0,0.0,0.0,0.0,20.9,988.1,3.0,6.9,72,0.0,0
2024-06-20 01:05:00,0,0.0,0.0,0.0,0,0,0.0,0,0,0.0,,0.0,0.0,0,0,0.0,0,0,0,0,0,0,0,0,0,0,0,0,0,0,0,0,0,0,0,0,0,0,0,0,0,0,0,0,0,0,0.639914507015496,0.9800249271929644,0.7169418695587791,0.04951556604879048,0.5602683401276616,0.0036455629509730136,0,0,0.0,0.0,0.0,0.0,0.0,0.0,0.0,0.0,20.9,988.1,3.0,6.9,72,0.0,0
2024-06-20 01:10:00,0,0.0,0.0,0.0,0,0,0.0,0,0,0.0,,0.0,0.0,0,0,0.0,0,0,0,0,0,0,0,0,0,0,0,0,0,0,0,0,0,0,0,0,0,0,0,0,0,0,0,0,0,0,0.6503528997521366,0.9768584753741134,0.7169418695587791,0.04951556604879048,0.5602683401276616,0.0036455629509730136,0,0,0.0,0.0,0.0,0.0,0.0,0.0,0.0,0.0,20.8,988.4,2.4,5.8,72,0.0,0
2024-06-20 01:15:00,0,0.0,0.0,0.0,0,0,0.0,0,0,0.0,,0.0,0.0,0,0,0.0,0,0,0,0,0,0,0,0,0,0,0,0,0,0,0,0,0,0,0,0,0,0,0,0,0,0,0,0,0,0,0.6607197326515808,0.9734650647475529,0.7169418695587791,0.04951556604879048,0.5602683401276616,0.0036455629509730136,0,0,0.0,0.0,0.0,0.0,0.0,0.0,0.0,0.0,20.8,988.4,2.4,5.8,72,0.0,0
2024-06-20 01:20:00,0,0.0,0.0,0.0,0,0,0.0,0,0,0.0,,0.0,0.0,0,0,0.0,0,0,0,0,0,0,0,0,0,0,0,0,0,0,0,0,0,0,0,0,0,0,0,0,0,0,0,0,0,0,0.6710100716628343,0.9698463103929542,0.7169418695587791,0.04951556604879048,0.5602683401276616,0.0036455629509730136,0,0,0.0,0.0,0.0,0.0,0.0,0.0,0.0,0.0,20.6,988.2,3.1,6.4,73,0.0,0
2024-06-20 01:25:00,0,0.0,0.0,0.0,0,0,0.0,0,0,0.0,,0.0,0.0,0,0,0.0,0,0,0,0,0,0,0,0,0,0,0,0,0,0,0,0,0,0,0,0,0,0,0,0,0,0,0,0,0,0,0.6812190191418508,0.9660039346413993,0.7169418695587791,0.04951556604879048,0.5602683401276616,0.0036455629509730136,0,0,0.0,0.0,0.0,0.0,0.0,0.0,0.0,0.0,20.6,988.2,3.1,6.4,73,0.0,0
2024-06-20 01:30:00,0,0.0,0.0,0.0,0,0,0.0,0,0,0.0,,0.0,0.0,0,0,0.0,0,0,0,0,0,0,0,0,0,0,0,0,0,0,0,0,0,0,0,0,0,0,0,0,0,0,0,0,0,0,0.6913417161825449,0.9619397662556434,0.7169418695587791,0.04951556604879048,0.5602683401276616,0.0036455629509730136,0,0,0.0,0.0,0.0,0.0,0.0,0.0,0.0,0.0,20.5,988.4,3.4,6.5,73,0.0,0
2024-06-20 01:35:00,0,0.0,0.0,0.0,0,0,0.0,0,0,0.0,,0.0,0.0,0,0,0.0,0,0,0,0,0,0,0,0,0,0,0,0,0,0,0,0,0,0,0,0,0,0,0,0,0,0,0,0,0,0,0.7013733449293686,0.9576557395597236,0.7169418695587791,0.04951556604879048,0.5602683401276616,0.0036455629509730136,0,0,0.0,0.0,0.0,0.0,0.0,0.0,0.0,0.0,20.5,988.4,3.4,6.5,73,0.0,0
2024-06-20 01:40:00,0,0.0,0.0,0.0,0,0,0.0,0,0,0.0,,0.0,0.0,0,0,0.0,0,0,0,0,0,0,0,0,0,0,0,0,0,0,0,0,0,0,0,0,0,0,0,0,0,0,0,0,0,0,0.7113091308703496,0.953153893518325,0.7169418695587791,0.04951556604879048,0.5602683401276616,0.0036455629509730136,0,0,0.0,0.0,0.0,0.0,0.0,0.0,0.0,0.0,20.4,988.5,3.5,6.0,74,0.0,0
2024-06-20 01:45:00,0,0.0,0.0,0.0,0,0,0.0,0,0,0.0,,0.0,0.0,0,0,0.0,0,0,0,0,0,0,0,0,0,0,0,0,0,0,0,0,0,0,0,0,0,0,0,0,0,0,0,0,0,0,0.7211443451095007,0.9484363707663441,0.7169418695587791,0.04951556604879048,0.5602683401276616,0.0036455629509730136,0,0,0.0,0.0,0.0,0.0,0.0,0.0,0.0,0.0,20.4,988.5,3.5,6.0,74,0.0,0
2024-06-20 01:50:00,0,0.0,0.0,0.0,0,0,0.0,0,0,0.0,,0.0,0.0,0,0,0.0,0,0,0,0,0,0,0,0,0,0,0,0,0,0,0,0,0,0,0,0,0,0,0,0,0,0,0,0,0,0,0.730874306617517,0.9435054165891108,0.7169418695587791,0.04951556604879048,0.5602683401276616,0.0036455629509730136,0,0,0.0,0.0,0.0,0.0,0.0,0.0,0.0,0.0,20.4,988.5,3.3,6.3,72,0.0,0
2024-06-20 01:55:00,0,0.0,0.0,0.0,0,0,0.0,0,0,0.0,,0.0,0.0,0,0,0.0,0,0,0,0,0,0,0,0,0,0,0,0,0,0,0,0,0,0,0,0,0,0,0,0,0,0,0,0,0,0,0.7404943844596938,0.9383633778537539,0.7169418695587791,0.04951556604879048,0.5602683401276616,0.0036455629509730136,0,0,0.0,0.0,0.0,0.0,0.0,0.0,0.0,0.0,20.4,988.5,3.3,6.3,72,0.0,0
2024-06-20 02:00:00,0,0.0,0.0,0.0,0,0,0.0,0,0,0.0,,0.0,0.0,0,0,0.0,0,0,0,0,0,0,0,0,0,0,0,0,0,0,0,0,0,0,0,0,0,0,0,0,0,0,0,0,0,0,0.75,0.9330127018922194,0.7169418695587791,0.04951556604879048,0.5602683401276616,0.0036455629509730136,0,0,0.0,0.0,0.0,0.0,0.0,0.0,0.0,0.0,20.5,988.6,2.4,6.0,71,0.0,0
2024-06-20 02:05:00,0,0.0,0.0,0.0,0,0,0.0,0,0,0.0,,0.0,0.0,0,0,0.0,0,0,0,0,0,0,0,0,0,0,0,0,0,0,0,0,0,0,0,0,0,0,0,0,0,0,0,0,0,0,0.7593866290802607,0.9274559353364733,0.7169418695587791,0.04951556604879048,0.5602683401276616,0.0036455629509730136,0,0,0.0,0.0,0.0,0.0,0.0,0.0,0.0,0.0,20.5,988.6,2.4,6.0,71,0.0,0
2024-06-20 02:10:00,0,0.0,0.0,0.0,0,0,0.0,0,0,0.0,,0.0,0.0,0,0,0.0,0,0,0,0,0,0,0,0,0,0,0,0,0,0,0,0,0,0,0,0,0,0,0,0,0,0,0,0,0,0,0.768649804173412,0.9216957229064429,0.7169418695587791,0.04951556604879048,0.5602683401276616,0.0036455629509730136,0,0,0.0,0.0,0.0,0.0,0.0,0.0,0.0,0.0,20.5,988.7,1.3,4.0,70,0.0,0
2024-06-20 02:15:00,0,0.0,0.0,0.0,0,0,0.0,0,0,0.0,,0.0,0.0,0,0,0.0,0,0,0,0,0,0,0,0,0,0,0,0,0,0,0,0,0,0,0,0,0,0,0,0,0,0,0,0,0,0,0.7777851165098011,0.9157348061512727,0.7169418695587791,0.04951556604879048,0.5602683401276616,0.0036455629509730136,0,0,0.0,0.0,0.0,0.0,0.0,0.0,0.0,0.0,20.5,988.7,1.3,4.0,70,0.0,0
2024-06-20 02:20:00,0,0.0,0.0,0.0,0,0,0.0,0,0,0.0,,0.0,0.0,0,0,0.0,0,0,0,0,0,0,0,0,0,0,0,0,0,0,0,0,0,0,0,0,0,0,0,0,0,0,0,0,0,0,0.786788218175523,0.909576022144496,0.7169418695587791,0.04951556604879048,0.5602683401276616,0.0036455629509730136,0,0,0.0,0.0,0.0,0.0,0.0,0.0,0.0,0.0,20.5,988.7,1.3,3.7,69,0.0,0
2024-06-20 02:25:00,0,0.0,0.0,0.0,0,0,0.0,0,0,0.0,,0.0,0.0,0,0,0.0,0,0,0,0,0,0,0,0,0,0,0,0,0,0,0,0,0,0,0,0,0,0,0,0,0,0,0,0,0,0,0.7956548241817911,0.9032223021337413,0.7169418695587791,0.04951556604879048,0.5602683401276616,0.0036455629509730136,0,0,0.0,0.0,0.0,0.0,0.0,0.0,0.0,0.0,20.5,988.7,1.3,3.7,69,0.0,0
2024-06-20 02:30:00,0,0.0,0.0,0.0,0,0,0.0,0,0,0.0,,0.0,0.0,0,0,0.0,0,0,0,0,0,0,0,0,0,0,0,0,0,0,0,0,0,0,0,0,0,0,0,0,0,0,0,0,0,0,0.8043807145043603,0.8966766701456176,0.7169418695587791,0.04951556604879048,0.5602683401276616,0.0036455629509730136,0,0,0.0,0.0,0.0,0.0,0.0,0.0,0.0,0.0,20.5,988.8,1.6,4.1,68,0.0,0
2024-06-20 02:35:00,0,0.0,0.0,0.0,0,0,0.0,0,0,0.0,,0.0,0.0,0,0,0.0,0,0,0,0,0,0,0,0,0,0,0,0,0,0,0,0,0,0,0,0,0,0,0,0,0,0,0,0,0,0,0.8129617360920296,0.8899422415464409,0.7169418695587791,0.04951556604879048,0.5602683401276616,0.0036455629509730136,0,0,0.0,0.0,0.0,0.0,0.0,0.0,0.0,0.0,20.5,988.8,1.6,4.1,68,0.0,0
2024-06-20 02:40:00,0,0.0,0.0,0.0,0,0,0.0,0,0,0.0,,0.0,0.0,0,0,0.0,0,0,0,0,0,0,0,0,0,0,0,0,0,0,0,0,0,0,0,0,0,0,0,0,0,0,0,0,0,0,0.8213938048432696,0.883022221559489,0.7169418695587791,0.04951556604879048,0.5602683401276616,0.0036455629509730136,0,0,0.0,0.0,0.0,0.0,0.0,0.0,0.0,0.0,20.4,989.0,1.8,3.9,69,0.0,0
2024-06-20 02:45:00,0,0.0,0.0,0.0,0,0,0.0,0,0,0.0,,0.0,0.0,0,0,0.0,0,0,0,0,0,0,0,0,0,0,0,0,0,0,0,0,0,0,0,0,0,0,0,0,0,0,0,0,0,0,0.8296729075500344,0.8759199037394887,0.7169418695587791,0.04951556604879048,0.5602683401276616,0.0036455629509730136,0,0,0.0,0.0,0.0,0.0,0.0,0.0,0.0,0.0,20.4,989.0,1.8,3.9,69,0.0,0
2024-06-20 02:50:00,0,0.0,0.0,0.0,0,0,0.0,0,0,0.0,,0.0,0.0,0,0,0.0,0,0,0,0,0,0,0,0,0,0,0,0,0,0,0,0,0,0,0,0,0,0,0,0,0,0,0,0,0,0,0.8377951038078302,0.868638668405062,0.7169418695587791,0.04951556604879048,0.5602683401276616,0.0036455629509730136,0,0,0.0,0.0,0.0,0.0,0.0,0.0,0.0,0.0,20.4,989.2,2.1,5.0,68,0.0,0
2024-06-20 02:55:00,0,0.0,0.0,0.0,0,0,0.0,0,0,0.0,,0.0,0.0,0,0,0.0,0,0,0,0,0,0,0,0,0,0,0,0,0,0,0,0,0,0,0,0,0,0,0,0,0,0,0,0,0,0,0.8457565278911348,0.8611819810298778,0.7169418695587791,0.04951556604879048,0.5602683401276616,0.0036455629509730136,0,0,0.0,0.0,0.0,0.0,0.0,0.0,0.0,0.0,20.4,989.2,2.1,5.0,68,0.0,0
2024-06-20 03:00:00,0,0.0,0.0,0.0,0,0,0.0,0,0,0.0,,0.0,0.0,0,0,0.0,0,0,0,0,0,0,0,0,0,0,0,0,0,0,0,0,0,0,0,0,0,0,0,0,0,0,0,0,0,0,0.8535533905932737,0.8535533905932737,0.7169418695587791,0.04951556604879048,0.5602683401276616,0.0036455629509730136,0,0,0.0,0.0,0.0,0.0,0.0,0.0,0.0,0.0,20.3,989.5,1.3,3.1,69,0.0,0
2024-06-20 03:05:00,0,0.0,0.0,0.0,0,0,0.0,0,0,0.0,,0.0,0.0,0,0,0.0,0,0,0,0,0,0,0,0,0,0,0,0,0,0,0,0,0,0,0,0,0,0,0,0,0,0,0,0,0,0,0.8611819810298778,0.8457565278911346,0.7169418695587791,0.04951556604879048,0.5602683401276616,0.0036455629509730136,0,0,0.0,0.0,0.0,0.0,0.0,0.0,0.0,0.0,20.3,989.5,1.3,3.1,69,0.0,0
2024-06-20 03:10:00,0,0.0,0.0,0.0,0,0,0.0,0,0,0.0,,0.0,0.0,0,0,0.0,0,0,0,0,0,0,0,0,0,0,0,0,0,0,0,0,0,0,0,0,0,0,0,0,0,0,0,0,0,0,0.868638668405062,0.8377951038078302,0.7169418695587791,0.04951556604879048,0.5602683401276616,0.0036455629509730136,0,0,0.0,0.0,0.0,0.0,0.0,0.0,0.0,0.0,20.1,989.5,2.4,4.7,70,0.0,0
2024-06-20 03:15:00,0,0.0,0.0,0.0,0,0,0.0,0,0,0.0,,0.0,0.0,0,0,0.0,0,0,0,0,0,0,0,0,0,0,0,0,0,0,0,0,0,0,0,0,0,0,0,0,0,0,0,0,0,0,0.8759199037394887,0.8296729075500344,0.7169418695587791,0.04951556604879048,0.5602683401276616,0.0036455629509730136,0,0,0.0,0.0,0.0,0.0,0.0,0.0,0.0,0.0,20.1,989.5,2.4,4.7,70,0.0,0
2024-06-20 03:20:00,0,0.0,0.0,0.0,0,0,0.0,0,0,0.0,,0.0,0.0,0,0,0.0,0,0,0,0,0,0,0,0,0,0,0,0,0,0,0,0,0,0,0,0,0,0,0,0,0,0,0,0,0,0,0.883022221559489,0.8213938048432696,0.7169418695587791,0.04951556604879048,0.5602683401276616,0.0036455629509730136,0,0,0.0,0.0,0.0,0.0,0.0,0.0,0.0,0.0,19.9,989.3,2.2,4.3,70,0.0,0
2024-06-20 03:25:00,0,0.0,0.0,0.0,0,0,0.0,0,0,0.0,,0.0,0.0,0,0,0.0,0,0,0,0,0,0,0,0,0,0,0,0,0,0,0,0,0,0,0,0,0,0,0,0,0,0,0,0,0,0,0.8899422415464409,0.8129617360920296,0.7169418695587791,0.04951556604879048,0.5602683401276616,0.0036455629509730136,0,0,0.0,0.0,0.0,0.0,0.0,0.0,0.0,0.0,19.9,989.3,2.2,4.3,70,0.0,0
2024-06-20 03:30:00,0,0.0,0.0,0.0,0,0,0.0,0,0,0.0,,0.0,0.0,0,0,0.0,0,0,0,0,0,0,0,0,0,0,0,0,0,0,0,0,0,0,0,0,0,0,0,0,0,0,0,0,0,0,0.8966766701456176,0.8043807145043603,0.7169418695587791,0.04951556604879048,0.5602683401276616,0.0036455629509730136,0,0,0.0,0.0,0.0,0.0,0.0,0.0,0.0,0.0,19.8,989.2,2.8,5.5,70,0.0,0
2024-06-20 03:35:00,0,0.0,0.0,0.0,0,0,0.0,0,0,0.0,,0.0,0.0,0,0,0.0,0,0,0,0,0,0,0,0,0,0,0,0,0,0,0,0,0,0,0,0,0,0,0,0,0,0,0,0,0,0,0.9032223021337413,0.7956548241817912,0.7169418695587791,0.04951556604879048,0.5602683401276616,0.0036455629509730136,0,0,0.0,0.0,0.0,0.0,0.0,0.0,0.0,0.0,19.8,989.2,2.8,5.5,70,0.0,0
2024-06-20 03:40:00,0,0.0,0.0,0.0,0,0,0.0,0,0,0.0,,0.0,0.0,0,0,0.0,0,0,0,0,0,0,0,0,0,0,0,0,0,0,0,0,0,0,0,0,0,0,0,0,0,0,0,0,0,0,0.9095760221444958,0.786788218175523,0.7169418695587791,0.04951556604879048,0.5602683401276616,0.0036455629509730136,0,0,0.0,0.0,0.0,0.0,0.0,0.0,0.0,0.0,19.8,989.5,2.7,5.4,70,0.0,0
2024-06-20 03:45:00,0,0.0,0.0,0.0,0,0,0.0,0,0,0.0,,0.0,0.0,0,0,0.0,0,0,0,0,0,0,0,0,0,0,0,0,0,0,0,0,0,0,0,0,0,0,0,0,0,0,0,0,0,0,0.9157348061512727,0.7777851165098011,0.7169418695587791,0.04951556604879048,0.5602683401276616,0.0036455629509730136,0,0,0.0,0.0,0.0,0.0,0.0,0.0,0.0,0.0,19.8,989.5,2.7,5.4,70,0.0,0
2024-06-20 03:50:00,0,0.0,0.0,0.0,0,0,0.0,0,0,0.0,,0.0,0.0,0,0,0.0,0,0,0,0,0,0,0,0,0,0,0,0,0,0,0,0,0,0,0,0,0,0,0,0,0,0,0,0,0,0,0.9216957229064429,0.7686498041734118,0.7169418695587791,0.04951556604879048,0.5602683401276616,0.0036455629509730136,0,0,0.0,0.0,0.0,0.0,0.0,0.0,0.0,0.0,19.8,989.7,3.5,7.7,70,0.0,0
2024-06-20 03:55:00,0,0.0,0.0,0.0,0,0,0.0,0,0,0.0,,0.0,0.0,0,0,0.0,0,0,0,0,0,0,0,0,0,0,0,0,0,0,0,0,0,0,0,0,0,0,0,0,0,0,0,0,0,0,0.9274559353364733,0.7593866290802608,0.7169418695587791,0.04951556604879048,0.5602683401276616,0.0036455629509730136,0,0,0.0,0.0,0.0,0.0,0.0,0.0,0.0,0.0,19.8,989.7,3.5,7.7,70,0.0,0
2024-06-20 04:00:00,0,0.0,0.0,0.0,0,0,0.0,0,0,0.0,,0.0,0.0,0,0,0.0,0,0,0,0,0,0,0,0,0,0,0,0,0,0,0,0,0,0,0,0,0,0,0,0,0,0,0,0,0,0,0.9330127018922193,0.75,0.7169418695587791,0.04951556604879048,0.5602683401276616,0.0036455629509730136,0,0,0.0,0.0,0.0,0.0,0.0,0.0,0.0,0.0,19.8,989.6,2.5,6.0,71,0.0,0
2024-06-20 04:05:00,0,0.0,0.0,0.0,0,0,0.0,0,0,0.0,,0.0,0.0,0,0,0.0,0,0,0,0,0,0,0,0,0,0,0,0,0,0,0,0,0,0,0,0,0,0,0,0,0,0,0,0,0,0,0.9383633778537539,0.7404943844596938,0.7169418695587791,0.04951556604879048,0.5602683401276616,0.0036455629509730136,0,0,0.0,0.0,0.0,0.0,0.0,0.0,0.0,0.0,19.8,989.6,2.5,6.0,71,0.0,0
2024-06-20 04:10:00,0,0.0,0.0,0.0,0,0,0.0,0,0,0.0,,0.0,0.0,0,0,0.0,0,0,0,0,0,0,0,0,0,0,0,0,0,0,0,0,0,0,0,0,0,0,0,0,0,0,0,0,0,0,0.9435054165891108,0.730874306617517,0.7169418695587791,0.04951556604879048,0.5602683401276616,0.0036455629509730136,0,0,0.0,0.0,0.0,0.0,0.0,0.0,0.0,0.0,19.7,989.8,3.1,7.0,71,0.0,0
2024-06-20 04:15:00,0,0.0,0.0,0.0,0,0,0.0,0,0,0.0,,0.0,0.0,0,0,0.0,0,0,0,0,0,0,0,0,0,0,0,0,0,0,0,0,0,0,0,0,0,0,0,0,0,0,0,0,0,0,0.9484363707663441,0.7211443451095007,0.7169418695587791,0.04951556604879048,0.5602683401276616,0.0036455629509730136,0,0,0.0,0.0,0.0,0.0,0.0,0.0,0.0,0.0,19.7,989.8,3.1,7.0,71,0.0,0
2024-06-20 04:20:00,0,0.0,0.0,0.0,0,0,0.0,0,0,0.0,,0.0,0.0,0,0,0.0,0,0,0,0,0,0,0,0,0,0,0,0,0,0,0,0,0,0,0,0,0,0,0,0,0,0,0,0,0,0,0.953153893518325,0.7113091308703497,0.7169418695587791,0.04951556604879048,0.5602683401276616,0.0036455629509730136,0,0,0.0,0.0,0.0,0.0,0.0,0.0,0.0,0.0,19.8,989.9,1.9,3.9,71,0.0,0
2024-06-20 04:25:00,0,0.0,0.0,0.0,0,0,0.0,0,0,0.0,,0.0,0.0,0,0,0.0,0,0,0,0,0,0,0,0,0,0,0,0,0,0,0,0,0,0,0,0,0,0,0,0,0,0,0,0,0,0,0.9576557395597236,0.7013733449293686,0.7169418695587791,0.04951556604879048,0.5602683401276616,0.0036455629509730136,0,0,0.0,0.0,0.0,0.0,0.0,0.0,0.0,0.0,19.8,989.9,1.9,3.9,71,0.0,0
2024-06-20 04:30:00,0,0.0,0.0,0.0,0,0,0.0,0,0,0.0,,0.0,0.0,0,0,0.0,0,0,0,0,0,0,0,0,0,0,0,0,0,0,0,0,0,0,0,0,0,0,0,0,0,0,0,0,0,0,0.9619397662556434,0.6913417161825449,0.7169418695587791,0.04951556604879048,0.5602683401276616,0.0036455629509730136,0,0,0.0,0.0,0.0,0.0,0.0,0.0,0.0,0.0,19.8,989.9,2.3,5.3,72,0.0,0
2024-06-20 04:35:00,0,0.0,0.0,0.0,0,0,0.0,0,0,0.0,,0.0,0.0,0,0,0.0,0,0,0,0,0,0,0,0,0,0,0,0,0,0,0,0,0,0,0,0,0,0,0,0,0,0,0,0,0,0,0.9660039346413992,0.6812190191418508,0.7169418695587791,0.04951556604879048,0.5602683401276616,0.0036455629509730136,0,0,0.0,0.0,0.0,0.0,0.0,0.0,0.0,0.0,19.8,989.9,2.3,5.3,72,0.0,0
2024-06-20 04:40:00,0,0.0,0.0,0.0,0,0,0.0,0,0,0.0,,0.0,0.0,0,0,0.0,0,0,0,0,0,0,0,0,0,0,0,0,0,0,0,0,0,0,0,0,0,0,0,0,0,0,0,0,0,0,0.9698463103929542,0.6710100716628344,0.7169418695587791,0.04951556604879048,0.5602683401276616,0.0036455629509730136,0,0,0.0,0.0,0.0,0.0,0.0,0.0,0.0,0.0,19.9,989.8,2.2,4.7,71,0.0,0
2024-06-20 04:45:00,0,0.0,0.0,0.0,0,0,0.0,0,0,0.0,,0.0,0.0,0,0,0.0,0,0,0,0,0,0,0,0,0,0,0,0,0,0,0,0,0,0,0,0,0,0,0,0,0,0,0,0,0,0,0.9734650647475528,0.6607197326515808,0.7169418695587791,0.04951556604879048,0.5602683401276616,0.0036455629509730136,0,0,0.0,0.0,0.0,0.0,0.0,0.0,0.0,0.0,19.9,989.8,2.2,4.7,71,0.0,0
2024-06-20 04:50:00,0,0.0,0.0,0.0,0,0,0.0,0,0,0.0,,0.0,0.0,0,0,0.0,0,0,0,0,0,0,0,0,0,0,0,0,0,0,0,0,0,0,0,0,0,0,0,0,0,0,0,0,0,0,0.9768584753741134,0.6503528997521366,0.7169418695587791,0.04951556604879048,0.5602683401276616,0.0036455629509730136,0,0,0.0,0.0,0.0,0.0,0.0,0.0,0.0,0.0,19.9,989.8,2.2,5.1,71,0.0,0
2024-06-20 04:55:00,0,0.0,0.0,0.0,0,0,0.0,0,0,0.0,,0.0,0.0,0,0,0.0,0,0,0,0,0,0,0,0,0,0,0,0,0,0,0,0,0,0,0,0,0,0,0,0,0,0,0,0,0,0,0.9800249271929644,0.639914507015496,0.7169418695587791,0.04951556604879048,0.5602683401276616,0.0036455629509730136,0,0,0.0,0.0,0.0,0.0,0.0,0.0,0.0,0.0,19.9,989.8,2.2,5.1,71,0.0,0
2024-06-20 05:00:00,0,0.0,0.0,0.0,0,0,0.0,0,0,0.0,,0.0,0.0,0,0,0.0,0,0,0,0,0,0,0,0,0,0,0,0,0,0,0,0,0,0,0,0,0,0,0,0,0,0,0,0,0,0,0.9829629131445341,0.6294095225512604,0.7169418695587791,0.04951556604879048,0.5602683401276616,0.0036455629509730136,0,0,0.0,0.0,0.0,0.0,0.0,0.0,0.0,0.0,19.8,989.9,2.5,4.3,71,0.0,0
2024-06-20 05:05:00,0,0.0,0.0,0.0,0,0,0.0,0,0,0.0,,0.0,0.0,0,0,0.0,0,0,0,0,0,0,0,0,0,0,0,0,0,0,0,0,0,0,0,0,0,0,0,0,0,0,0,0,0,0,0.9856710349066307,0.6188429461630865,0.7169418695587791,0.04951556604879048,0.5602683401276616,0.0036455629509730136,0,0,0.0,0.0,0.0,0.0,0.0,0.0,0.0,0.0,19.8,989.9,2.5,4.3,71,0.0,0
2024-06-20 05:10:00,0,0.0,0.0,0.0,0,0,0.0,0,0,0.0,,0.0,0.0,0,0,0.0,0,0,0,0,0,0,0,0,0,0,0,0,0,0,0,0,0,0,0,0,0,0,0,0,0,0,0,0,0,0,0.9881480035599667,0.6082198069690514,0.7169418695587791,0.04951556604879048,0.5602683401276616,0.0036455629509730136,0,0,0.0,0.0,0.0,0.0,0.0,0.0,0.0,0.0,20.0,990.1,1.8,3.6,70,0.0,0
2024-06-20 05:15:00,0,0.0,0.0,0.0,0,0,0.0,0,0,0.0,,0.0,0.0,0,0,0.0,0,0,0,0,0,0,0,0,0,0,0,0,0,0,0,0,0,0,0,0,0,0,0,0,0,0,0,0,0,0,0.9903926402016152,0.5975451610080642,0.7169418695587791,0.04951556604879048,0.5602683401276616,0.0036455629509730136,0,0,0.0,0.0,0.0,0.0,0.0,0.0,0.0,0.0,20.0,990.1,1.8,3.6,70,0.0,0
2024-06-20 05:20:00,0,0.0,0.0,0.0,0,0,0.0,0,0,0.0,,0.0,0.0,0,0,0.0,0,0,0,0,0,0,0,0,0,0,0,0,0,0,0,0,0,0,0,0,0,0,0,0,0,0,0,0,0,0,0.9924038765061041,0.5868240888334653,0.7169418695587791,0.04951556604879048,0.5602683401276616,0.0036455629509730136,0,0,0.0,0.0,0.0,0.0,0.0,0.0,0.0,0.0,20.1,990.1,2.0,3.9,71,0.0,0
2024-06-20 05:25:00,0,0.0,0.0,0.0,0,0,0.0,0,0,0.0,,0.0,0.0,0,0,0.0,0,0,0,0,0,0,0,0,0,0,0,0,0,0,0,0,0,0,0,0,0,0,0,0,0,0,0,0,0,0,0.9941807552338804,0.5760616930949584,0.7169418695587791,0.04951556604879048,0.5602683401276616,0.0036455629509730136,0,0,0.0,0.0,0.0,0.0,0.0,0.0,0.0,0.0,20.1,990.1,2.0,3.9,71,0.0,0
2024-06-20 05:30:00,0,0.0,0.0,0.0,0,0,0.0,0,0,0.0,,0.0,0.0,0,0,0.0,0,0,0,0,0,0,0,0,0,0,0,0,0,0,0,0,0,0,0,0,0,0,0,0,0,0,0,0,0,0,0.9957224306869052,0.5652630961100259,0.7169418695587791,0.04951556604879048,0.5602683401276616,0.0036455629509730136,0,0,0.0,0.0,0.0,0.0,0.0,0.0,0.0,0.0,20.1,990.2,2.6,3.9,71,0.0,0
2024-06-20 05:35:00,0,0.0,0.0,0.0,0,0,0.0,0,0,0.0,,0.0,0.0,0,0,0.0,0,0,0,0,0,0,0,0,0,0,0,0,0,0,0,0,0,0,0,0,0,0,0,0,0,0,0,0,0,0,0.9970281691111598,0.5544334374259824,0.7169418695587791,0.04951556604879048,0.5602683401276616,0.0036455629509730136,0,0,0.0,0.0,0.0,0.0,0.0,0.0,0.0,0.0,20.1,990.2,2.6,3.9,71,0.0,0
2024-06-20 05:40:00,0,0.0,0.0,0.0,0,0,0.0,0,0,0.0,,0.0,0.0,0,0,0.0,0,0,0,0,0,0,0,0,0,0,0,0,0,0,0,0,0,0,0,0,0,0,0,0,0,0,0,0,0,0,0.9980973490458728,0.5435778713738291,0.7169418695587791,0.04951556604879048,0.5602683401276616,0.0036455629509730136,0,0,0.0,0.0,0.0,0.0,0.0,0.0,0.0,0.0,20.2,990.1,2.8,4.8,71,0.0,0
2024-06-20 05:45:00,0,0.0,0.0,0.0,0,0,0.0,0,0,0.0,,0.0,0.0,0,0,0.0,0,0,0,0,0,0,0,0,0,0,0,0,0,0,0,0,0,0,0,0,0,0,0,0,0,0,0,0,0,0,0.9989294616193017,0.5327015646150716,0.7169418695587791,0.04951556604879048,0.5602683401276616,0.0036455629509730136,0,0,0.0,0.0,0.0,0.0,0.0,0.0,0.0,0.0,20.2,990.1,2.8,4.8,71,0.0,0
2024-06-20 05:50:00,0,0.0,0.0,0.0,0,0,0.0,0,0,0.0,,0.0,0.0,0,0,0.0,0,0,0,0,0,0,0,0,0,0,0,0,0,0,0,0,0,0,0,0,0,0,0,0,0,0,0,0,0,0,0.999524110790929,0.521809693682668,0.7169418695587791,0.04951556604879048,0.5602683401276616,0.0036455629509730136,0,0,0.0,0.0,0.0,0.0,0.0,0.0,0.0,0.0,20.2,990.1,2.4,4.8,69,0.0,0
2024-06-20 05:55:00,0,0.0,0.0,0.0,0,0,0.0,0,0,0.0,,0.0,0.0,0,0,0.0,0,0,0,0,0,0,0,0,0,0,0,0,0,0,0,0,0,0,0,0,0,0,0,0,0,0,0,0,0,0,0.9998810135399545,0.5109074425172806,0.7169418695587791,0.04951556604879048,0.5602683401276616,0.0036455629509730136,0,0,0.0,0.0,0.0,0.0,0.0,0.0,0.0,0.0,20.2,990.1,2.4,4.8,69,0.0,0
2024-06-20 06:00:00,0,0.0,0.0,0.0,0,0,0.0,0,0,0.0,,0.0,0.0,0,0,0.0,0,0,0,0,0,0,0,0,0,0,0,0,0,0,0,0,0,0,0,0,0,0,0,0,0,0,0,0,0,0,1.0,0.5,0.7169418695587791,0.04951556604879048,0.5602683401276616,0.0036455629509730136,0,0,0.0,0.0,0.0,0.0,0.0,0.0,0.0,0.0,20.1,990.1,3.2,5.6,69,0.0,0
2024-06-20 06:05:00,0,0.0,0.0,0.0,0,0,0.0,0,0,0.0,,0.0,0.0,0,0,0.0,0,0,0,0,0,0,0,0,0,0,0,0,0,0,0,0,0,0,0,0,0,0,0,0,0,0,0,0,0,0,0.9998810135399545,0.48909255748271946,0.7169418695587791,0.04951556604879048,0.5602683401276616,0.0036455629509730136,0,0,0.0,0.0,0.0,0.0,0.0,0.0,0.0,0.0,20.1,990.1,3.2,5.6,69,0.0,0
2024-06-20 06:10:00,0,0.0,0.0,0.0,0,0,0.0,0,0,0.0,,0.0,0.0,0,0,0.0,0,0,0,0,0,0,0,0,0,0,0,0,0,0,0,0,0,0,0,0,0,0,0,0,0,0,0,0,0,0,0.999524110790929,0.47819030631733195,0.7169418695587791,0.04951556604879048,0.5602683401276616,0.0036455629509730136,0,0,0.0,0.0,0.0,0.0,0.0,0.0,0.0,0.0,20.3,990.0,3.1,6.4,69,0.0,0
2024-06-20 06:15:00,0,0.0,0.0,0.0,0,0,0.0,0,0,0.0,,0.0,0.0,0,0,0.0,0,0,0,0,0,0,0,0,0,0,0,0,0,0,0,0,0,0,0,0,0,0,0,0,0,0,0,0,0,0,0.9989294616193017,0.46729843538492843,0.7169418695587791,0.04951556604879048,0.5602683401276616,0.0036455629509730136,0,0,0.0,0.0,0.0,0.0,0.0,0.0,0.0,0.0,20.3,990.0,3.1,6.4,69,0.0,0
2024-06-20 06:20:00,0,0.0,0.0,0.0,0,0,0.0,0,0,0.0,,0.0,0.0,0,0,0.0,0,0,0,0,0,0,0,0,0,0,0,0,0,0,0,0,0,0,0,0,0,0,0,0,0,0,0,0,0,0,0.9980973490458728,0.4564221286261709,0.7169418695587791,0.04951556604879048,0.5602683401276616,0.0036455629509730136,0,0,0.0,0.0,0.0,0.0,0.0,0.0,0.0,0.0,20.4,990.1,2.8,5.5,69,0.0,0
2024-06-20 06:25:00,0,0.0,0.0,0.0,0,0,0.0,0,0,0.0,,0.0,0.0,0,0,0.0,0,0,0,0,0,0,0,0,0,0,0,0,0,0,0,0,0,0,0,0,0,0,0,0,0,0,0,0,0,0,0.9970281691111598,0.44556656257401783,0.7169418695587791,0.04951556604879048,0.5602683401276616,0.0036455629509730136,0,0,0.0,0.0,0.0,0.0,0.0,0.0,0.0,0.0,20.4,990.1,2.8,5.5,69,0.0,0
2024-06-20 06:30:00,0,0.0,0.0,0.0,0,0,0.0,0,0,0.0,,0.0,0.0,0,0,0.0,0,0,0,0,0,0,0,0,0,0,0,0,0,0,0,0,0,0,0,0,0,0,0,0,0,0,0,0,0,0,0.9957224306869052,0.4347369038899743,0.7169418695587791,0.04951556604879048,0.5602683401276616,0.0036455629509730136,0,0,0.0,0.0,0.0,0.0,0.0,0.0,0.0,0.0,20.5,990.1,3.0,6.6,69,0.0,0
2024-06-20 06:35:00,0,0.0,0.0,0.0,0,0,0.0,0,0,0.0,,0.0,0.0,0,0,0.0,0,0,0,0,0,0,0,0,0,0,0,0,0,0,0,0,0,0,0,0,0,0,0,0,0,0,0,0,0,0,0.9941807552338804,0.42393830690504175,0.7169418695587791,0.04951556604879048,0.5602683401276616,0.0036455629509730136,0,0,0.0,0.0,0.0,0.0,0.0,0.0,0.0,0.0,20.5,990.1,3.0,6.6,69,0.0,0
2024-06-20 06:40:00,0,0.0,0.0,0.0,0,0,0.0,0,0,0.0,,0.0,0.0,0,0,0.0,0,0,0,0,0,0,0,0,0,0,0,0,0,0,0,0,0,0,0,0,0,0,0,0,0,0,0,0,0,0,0.9924038765061041,0.41317591116653485,0.7169418695587791,0.04951556604879048,0.5602683401276616,0.0036455629509730136,0,0,0.0,0.0,0.0,0.0,0.0,0.0,0.0,0.0,20.5,990.0,2.6,5.8,69,0.0,0
2024-06-20 06:45:00,0,0.0,0.0,0.0,0,0,0.0,0,0,0.0,,0.0,0.0,0,0,0.0,0,0,0,0,0,0,0,0,0,0,0,0,0,0,0,0,0,0,0,0,0,0,0,0,0,0,0,0,0,0,0.9903926402016152,0.4024548389919359,0.7169418695587791,0.04951556604879048,0.5602683401276616,0.0036455629509730136,0,0,0.0,0.0,0.0,0.0,0.0,0.0,0.0,0.0,20.5,990.0,2.6,5.8,69,0.0,0
2024-06-20 06:50:00,0,0.0,0.0,0.0,0,0,0.0,0,0,0.0,,0.0,0.0,0,0,0.0,0,0,0,0,0,0,0,0,0,0,0,0,0,0,0,0,0,0,0,0,0,0,0,0,0,0,0,0,0,0,0.9881480035599667,0.3917801930309486,0.7169418695587791,0.04951556604879048,0.5602683401276616,0.0036455629509730136,0,0,0.0,0.0,0.0,0.0,0.0,0.0,0.0,0.0,20.4,990.0,3.1,5.7,70,0.0,0
2024-06-20 06:55:00,0,0.0,0.0,0.0,0,0,0.0,0,0,0.0,,0.0,0.0,0,0,0.0,0,0,0,0,0,0,0,0,0,0,0,0,0,0,0,0,0,0,0,0,0,0,0,0,0,0,0,0,0,0,0.9856710349066307,0.3811570538369134,0.7169418695587791,0.04951556604879048,0.5602683401276616,0.0036455629509730136,0,0,0.0,0.0,0.0,0.0,0.0,0.0,0.0,0.0,20.4,990.0,3.1,5.7,70,0.0,0
2024-06-20 07:00:00,0,0.0,0.0,0.0,0,0,0.0,0,0,0.0,,0.0,0.0,0,0,0.0,0,0,0,0,0,0,0,0,0,0,0,0,0,0,0,0,0,0,0,0,0,0,0,0,0,0,0,0,0,0,0.9829629131445341,0.3705904774487396,0.7169418695587791,0.04951556604879048,0.5602683401276616,0.0036455629509730136,0,0,0.0,0.0,0.0,0.0,0.0,0.0,0.0,0.0,20.5,989.8,3.2,6.6,69,0.0,0
2024-06-20 07:05:00,0,0.0,0.0,0.0,0,0,0.0,0,0,0.0,,0.0,0.0,0,0,0.0,0,0,0,0,0,0,0,0,0,0,0,0,0,0,0,0,0,0,0,0,0,0,0,0,0,0,0,0,0,0,0.9800249271929644,0.360085492984504,0.7169418695587791,0.04951556604879048,0.5602683401276616,0.0036455629509730136,0,0,0.0,0.0,0.0,0.0,0.0,0.0,0.0,0.0,20.5,989.8,3.2,6.6,69,0.0,0
2024-06-20 07:10:00,0,0.0,0.0,0.0,0,0,0.0,0,0,0.0,,0.0,0.0,0,0,0.0,0,0,0,0,0,0,0,0,0,0,0,0,0,0,0,0,0,0,0,0,0,0,0,0,0,0,0,0,0,0,0.9768584753741134,0.3496471002478635,0.7169418695587791,0.04951556604879048,0.5602683401276616,0.0036455629509730136,0,0,0.0,0.0,0.0,0.0,0.0,0.0,0.0,0.0,20.8,989.7,2.7,6.4,70,0.0,0
2024-06-20 07:15:00,0,0.0,0.0,0.0,0,0,0.0,0,0,0.0,,0.0,0.0,0,0,0.0,0,0,0,0,0,0,0,0,0,0,0,0,0,0,0,0,0,0,0,0,0,0,0,0,0,0,0,0,0,0,0.9734650647475529,0.3392802673484193,0.7169418695587791,0.04951556604879048,0.5602683401276616,0.0036455629509730136,0,0,0.0,0.0,0.0,0.0,0.0,0.0,0.0,0.0,20.8,989.7,2.7,6.4,70,0.0,0
2024-06-20 07:20:00,0,0.0,0.0,0.0,0,0,0.0,0,0,0.0,,0.0,0.0,0,0,0.0,0,0,0,0,0,0,0,0,0,0,0,0,0,0,0,0,0,0,0,0,0,0,0,0,0,0,0,0,0,0,0.9698463103929542,0.3289899283371658,0.7169418695587791,0.04951556604879048,0.5602683401276616,0.0036455629509730136,0,0,0.0,0.0,0.0,0.0,0.0,0.0,0.0,0.0,20.8,989.6,2.9,5.8,69,0.0,0
2024-06-20 07:25:00,0,0.0,0.0,0.0,0,0,0.0,0,0,0.0,,0.0,0.0,0,0,0.0,0,0,0,0,0,0,0,0,0,0,0,0,0,0,0,0,0,0,0,0,0,0,0,0,0,0,0,0,0,0,0.9660039346413993,0.3187809808581492,0.7169418695587791,0.04951556604879048,0.5602683401276616,0.0036455629509730136,0,0,0.0,0.0,0.0,0.0,0.0,0.0,0.0,0.0,20.8,989.6,2.9,5.8,69,0.0,0
2024-06-20 07:30:00,0,0.0,0.0,0.0,0,0,0.0,0,0,0.0,,0.0,0.0,0,0,0.0,0,0,0,0,0,0,0,0,0,0,0,0,0,0,0,0,0,0,0,0,0,0,0,0,0,0,0,0,0,0,0.9619397662556434,0.30865828381745514,0.7169418695587791,0.04951556604879048,0.5602683401276616,0.0036455629509730136,0,0,0.0,0.0,0.0,0.0,0.0,0.0,0.0,0.0,21.4,989.5,1.5,4.4,67,0.0,0
2024-06-20 07:35:00,0,0.0,0.0,0.0,0,0,0.0,0,0,0.0,,0.0,0.0,0,0,0.0,0,0,0,0,0,0,0,0,0,0,0,0,0,0,0,0,0,0,0,0,0,0,0,0,0,0,0,0,0,0,0.9576557395597236,0.29862665507063146,0.7169418695587791,0.04951556604879048,0.5602683401276616,0.0036455629509730136,0,0,1.0,0.0,0.0,0.006578947368421052,0.0,1.0,0.0,0.006578947368421052,21.4,989.5,1.5,4.4,67,0.0,0
2024-06-20 07:40:00,0,0.0,0.0,0.0,0,0,0.0,0,0,0.0,,0.0,0.0,0,0,0.0,0,0,0,0,0,0,0,0,0,0,0,0,0,0,0,0,0,0,0,0,0,0,0,0,0,0,0,0,0,0,0.9531538935183249,0.28869086912965014,0.7169418695587791,0.04951556604879048,0.5602683401276616,0.0036455629509730136,0,0,0.0,0.0,0.0,0.0,0.0,-1.0,0.0,-0.006578947368421052,21.4,989.5,2.3,5.3,69,0.0,0
2024-06-20 07:45:00,0,0.0,0.0,0.0,0,0,0.0,0,0,0.0,,0.0,0.0,0,0,0.0,0,0,0,0,0,0,0,0,0,0,0,0,0,0,0,0,0,0,0,0,0,0,0,0,0,0,0,0,0,0,0.9484363707663441,0.27885565489049946,0.7169418695587791,0.04951556604879048,0.5602683401276616,0.0036455629509730136,0,0,0.0,0.0,0.0,0.0,0.0,0.0,0.0,0.0,21.4,989.5,2.3,5.3,69,0.0,0
2024-06-20 07:50:00,0,0.0,0.0,0.0,0,0,0.0,0,0,0.0,,0.0,0.0,0,0,0.0,0,0,0,0,0,0,0,0,0,0,0,0,0,0,0,0,0,0,0,0,0,0,0,0,0,0,0,0,0,0,0.9435054165891109,0.26912569338248316,0.7169418695587791,0.04951556604879048,0.5602683401276616,0.0036455629509730136,0,0,0.0,0.0,0.0,0.0,0.0,0.0,0.0,0.0,21.5,989.5,1.6,5.1,68,0.0,45
2024-06-20 07:55:00,0,0.0,0.0,0.0,0,0,0.0,0,0,0.0,,0.0,0.0,0,0,0.0,0,0,0,0,0,0,0,0,0,0,0,0,0,0,0,0,0,0,0,0,0,0,0,0,0,0,0,0,0,0,0.9383633778537539,0.25950561554030627,0.7169418695587791,0.04951556604879048,0.5602683401276616,0.0036455629509730136,0,0,1.0,0.0,0.0,0.006578947368421052,0.0,1.0,0.0,0.006578947368421052,21.5,989.5,1.6,5.1,68,0.0,45
2024-06-20 08:00:00,0,0.0,0.0,0.0,0,0,0.0,0,0,0.0,,0.0,0.0,0,0,0.0,0,0,0,0,0,0,0,0,0,0,0,0,0,0,0,0,0,0,0,0,0,0,0,0,0,0,0,0,0,0,0.9330127018922194,0.2500000000000001,0.7169418695587791,0.04951556604879048,0.5602683401276616,0.0036455629509730136,0,0,7.0,0.0,0.0,0.046052631578947366,0.0,6.0,0.0,0.039473684210526314,21.7,989.5,2.6,5.8,67,0.0,293
2024-06-20 08:05:00,0,0.0,0.0,0.0,0,0,0.0,0,0,0.0,,0.0,0.0,0,0,0.0,0,0,0,0,0,0,0,0,0,0,0,0,0,0,0,0,0,0,0,0,0,0,0,0,0,0,0,0,0,0,0.9274559353364733,0.24061337091973917,0.7169418695587791,0.04951556604879048,0.5602683401276616,0.0036455629509730136,0,0,8.0,0.0,0.0,0.05263157894736842,0.0,1.0,0.0,0.006578947368421052,21.7,989.5,2.6,5.8,67,0.0,293
2024-06-20 08:10:00,1,0.006578947368421052,1.0,0.006578947368421052,0,0,0.0,0,0,0.0,,0.0,0.0,0,0,0.0,0,0,0,0,0,0,0,0,0,0,0,0,0,0,0,0,0,0,0,0,0,0,0,0,0,0,0,0,0,0,0.9216957229064429,0.23135019582658822,0.7169418695587791,0.04951556604879048,0.5602683401276616,0.0036455629509730136,0,0,9.0,0.0,0.0,0.05921052631578947,0.0,1.0,0.0,0.006578947368421052,21.9,989.5,1.7,5.0,68,0.0,160
2024-06-20 08:15:00,1,0.006578947368421052,0.0,0.0,0,0,0.0,0,0,0.0,,0.0,0.0,0,0,0.0,0,0,0,0,0,0,0,0,0,0,0,0,0,0,0,0,0,0,0,0,0,0,0,0,0,0,0,0,0,0,0.9157348061512727,0.22221488349019902,0.7169418695587791,0.04951556604879048,0.5602683401276616,0.0036455629509730136,0,0,8.0,0.0,0.0,0.05263157894736842,0.0,-1.0,0.0,-0.006578947368421052,21.9,989.5,1.7,5.0,68,0.0,160
2024-06-20 08:20:00,2,0.013157894736842105,1.0,0.006578947368421052,0,0,0.0,0,0,0.0,,0.3333333333333333,0.0,0,0,0.0,0,0,0,0,0,0,0,0,0,0,0,0,0,0,0,0,0,0,0,0,0,0,0,0,0,0,0,0,0,0,0.9095760221444958,0.21321178182447692,0.7169418695587791,0.04951556604879048,0.5602683401276616,0.0036455629509730136,0,0,12.0,0.019736842105263157,3.0,0.07894736842105263,3.0,4.0,0.019736842105263157,0.02631578947368421,22.6,989.3,2.1,6.1,65,0.0,600
2024-06-20 08:25:00,5,0.03289473684210526,3.0,0.019736842105263157,0,0,0.0,0,0,0.0,,0.6666666666666666,0.0,0,0,0.0,0,0,0,0,0,0,0,0,0,0,0,0,0,0,0,0,0,0,0,0,0,0,0,0,0,0,0,0,0,0,0.9032223021337413,0.20434517581820894,0.7169418695587791,0.04951556604879048,0.5602683401276616,0.0036455629509730136,0,0,12.0,0.02631578947368421,4.0,0.07894736842105263,1.0,0.0,0.006578947368421052,0.0,22.6,989.3,2.1,6.1,65,0.0,600
2024-06-20 08:30:00,8,0.05263157894736842,3.0,0.019736842105263157,0,0,0.0,12,0,0.21899349222842016,358.001,0.0,0.07894736842105263,1,119,3.0,0,0,1,0,0,0,0,0,0,0,1,0,0,0,0,0,0,0,0,0,0,0,0,0,0,1,0,0,0,0,0.8966766701456176,0.19561928549563967,0.7169418695587791,0.04951556604879048,0.5602683401276616,0.0036455629509730136,0,0,13.0,0.03289473684210526,5.0,0.08552631578947369,1.0,1.0,0.006578947368421052,0.006578947368421059,22.9,989.2,2.0,6.1,64,0.0,600
2024-06-20 08:35:00,9,0.05921052631578947,1.0,0.006578947368421052,0,0,0.0,12,0,0.21899349222842016,358.001,0.0,0.07894736842105263,1,119,3.0,0,0,1,0,0,0,0,0,0,0,1,0,0,0,0,0,0,0,0,0,0,0,0,0,0,1,0,0,0,0,0.8899422415464409,0.18703826390797046,0.7169418695587791,0.04951556604879048,0.5602683401276616,0.0036455629509730136,0,0,13.0,0.039473684210526314,6.0,0.08552631578947369,1.0,0.0,0.006578947368421052,0.0,22.9,989.2,2.0,6.1,64,0.0,600
2024-06-20 08:40:00,9,0.05921052631578947,0.0,0.0,0,0,0.0,12,0,0.21899349222842016,358.001,0.0,0.07894736842105263,1,119,3.0,0,0,1,0,0,0,0,0,0,0,1,0,0,0,0,0,0,0,0,0,0,0,0,0,0,1,0,0,0,0,0.883022221559489,0.17860619515673032,0.7169418695587791,0.04951556604879048,0.5602683401276616,0.0036455629509730136,0,0,13.0,0.046052631578947366,7.0,0.08552631578947369,1.0,0.0,0.006578947368421052,0.0,23.0,989.2,2.2,5.3,64,0.0,600
2024-06-20 08:45:00,9,0.05921052631578947,0.0,0.0,0,0,0.0,12,0,0.21899349222842016,358.001,0.0,0.07894736842105263,1,119,3.0,0,0,1,0,0,0,0,0,0,0,1,0,0,0,0,0,0,0,0,0,0,0,0,0,0,1,0,0,0,0,0.8759199037394887,0.17032709244996558,0.7169418695587791,0.04951556604879048,0.5602683401276616,0.0036455629509730136,0,0,13.0,0.05263157894736842,8.0,0.08552631578947369,1.0,0.0,0.006578947368421052,0.0,23.0,989.2,2.2,5.3,64,0.0,600
2024-06-20 08:50:00,10,0.06578947368421052,1.0,0.006578947368421052,0,0,0.0,12,0,0.21899349222842016,358.001,0.0,0.07894736842105263,1,119,3.0,0,0,1,0,0,0,0,0,0,0,1,0,0,0,0,0,0,0,0,0,0,0,0,0,0,1,0,0,0,0,0.868638668405062,0.16220489619216988,0.7169418695587791,0.04951556604879048,0.5602683401276616,0.0036455629509730136,0,0,13.0,0.05263157894736842,8.0,0.08552631578947369,0.0,0.0,0.0,0.0,23.0,989.2,2.1,6.3,64,0.0,600
2024-06-20 08:55:00,11,0.07236842105263158,1.0,0.006578947368421059,0,0,0.0,12,0,0.21899349222842016,358.001,0.0,0.07894736842105263,1,119,3.0,0,0,1,0,0,0,0,0,0,0,1,0,0,0,0,0,0,0,0,0,0,0,0,0,0,1,0,0,0,0,0.861181981029878,0.15424347210886552,0.7169418695587791,0.04951556604879048,0.5602683401276616,0.0036455629509730136,0,0,13.0,0.05263157894736842,8.0,0.08552631578947369,0.0,0.0,0.0,0.0,23.0,989.2,2.1,6.3,64,0.0,600
2024-06-20 09:00:00,12,0.07894736842105263,1.0,0.006578947368421045,0,0,0.0,12,0,0.21899349222842016,358.001,0.0,0.07894736842105263,1,119,3.0,0,0,1,0,0,0,0,0,0,0,1,0,0,0,0,0,0,0,0,0,0,0,0,0,0,1,0,0,0,0,0.8535533905932737,0.14644660940672627,0.7169418695587791,0.04951556604879048,0.5602683401276616,0.0036455629509730136,0,0,13.0,0.05263157894736842,8.0,0.08552631578947369,0.0,0.0,0.0,0.0,23.1,989.1,3.0,6.8,64,0.0,516
2024-06-20 09:05:00,12,0.07894736842105263,0.0,0.0,0,0,0.0,12,0,0.21899349222842016,358.001,0.0,0.07894736842105263,1,119,3.0,0,0,1,0,0,0,0,0,0,0,1,0,0,0,0,0,0,0,0,0,0,0,0,0,0,1,0,0,0,0,0.8457565278911345,0.13881801897012208,0.7169418695587791,0.04951556604879048,0.5602683401276616,0.0036455629509730136,0,0,13.0,0.05921052631578947,9.0,0.08552631578947369,1.0,0.0,0.006578947368421052,0.0,23.1,989.1,3.0,6.8,64,0.0,516
2024-06-20 09:10:00,12,0.07894736842105263,0.0,0.0,0,0,0.0,12,0,0.21899349222842016,358.001,0.0,0.07894736842105263,1,119,3.0,0,0,1,0,0,0,0,0,0,0,1,0,0,0,0,0,0,0,0,0,0,0,0,0,0,1,0,0,0,0,0.8377951038078302,0.131361331594938,0.7169418695587791,0.04951556604879048,0.5602683401276616,0.0036455629509730136,0,0,13.0,0.05921052631578947,9.0,0.08552631578947369,0.0,0.0,0.0,0.0,23.0,989.2,2.1,5.6,65,0.0,193
2024-06-20 09:15:00,12,0.07894736842105263,0.0,0.0,0,0,0.0,12,0,0.21899349222842016,358.001,0.0,0.07894736842105263,1,119,3.0,0,0,1,0,0,0,0,0,0,0,1,0,0,0,0,0,0,0,0,0,0,0,0,0,0,1,0,0,0,0,0.8296729075500344,0.12408009626051136,0.7169418695587791,0.04951556604879048,0.5602683401276616,0.0036455629509730136,0,0,13.0,0.05921052631578947,9.0,0.08552631578947369,0.0,0.0,0.0,0.0,23.0,989.2,2.1,5.6,65,0.0,193
2024-06-20 09:20:00,12,0.07894736842105263,0.0,0.0,0,0,0.0,12,0,0.21899349222842016,358.001,0.0,0.07894736842105263,1,119,3.0,0,0,1,0,0,0,0,0,0,0,1,0,0,0,0,0,0,0,0,0,0,0,0,0,0,1,0,0,0,0,0.8213938048432697,0.11697777844051105,0.7169418695587791,0.04951556604879048,0.5602683401276616,0.0036455629509730136,0,0,13.0,0.05921052631578947,9.0,0.08552631578947369,0.0,0.0,0.0,0.0,23.3,989.3,1.8,5.0,64,0.0,147
2024-06-20 09:25:00,12,0.07894736842105263,0.0,0.0,0,0,0.0,12,0,0.21899349222842016,358.001,0.0,0.07894736842105263,1,119,3.0,0,0,1,0,0,0,0,0,0,0,1,0,0,0,0,0,0,0,0,0,0,0,0,0,0,1,0,0,0,0,0.8129617360920296,0.1100577584535592,0.7169418695587791,0.04951556604879048,0.5602683401276616,0.0036455629509730136,0,0,13.0,0.05921052631578947,9.0,0.08552631578947369,0.0,0.0,0.0,0.0,23.3,989.3,1.8,5.0,64,0.0,147
2024-06-20 09:30:00,12,0.07894736842105263,0.0,0.0,0,0,0.0,12,0,0.21899349222842016,358.001,0.0,0.07894736842105263,1,119,3.0,0,0,1,0,0,0,0,0,0,0,1,0,0,0,0,0,0,0,0,0,0,0,0,0,0,1,0,0,0,0,0.8043807145043604,0.10332332985438247,0.7169418695587791,0.04951556604879048,0.5602683401276616,0.0036455629509730136,0,0,13.0,0.05921052631578947,9.0,0.08552631578947369,0.0,0.0,0.0,0.0,23.4,989.3,2.3,5.5,64,0.0,14
2024-06-20 09:35:00,12,0.07894736842105263,0.0,0.0,0,0,0.0,12,0,0.21899349222842016,358.001,0.0,0.07894736842105263,1,119,3.0,0,0,1,0,0,0,0,0,0,0,1,0,0,0,0,0,0,0,0,0,0,0,0,0,0,1,0,0,0,0,0.7956548241817911,0.09677769786625867,0.7169418695587791,0.04951556604879048,0.5602683401276616,0.0036455629509730136,0,0,13.0,0.05921052631578947,9.0,0.08552631578947369,0.0,0.0,0.0,0.0,23.4,989.3,2.3,5.5,64,0.0,14
2024-06-20 09:40:00,12,0.07894736842105263,0.0,0.0,0,0,0.0,12,0,0.21899349222842016,358.001,0.0,0.07894736842105263,1,119,3.0,0,0,1,0,0,0,0,0,0,0,1,0,0,0,0,0,0,0,0,0,0,0,0,0,0,1,0,0,0,0,0.7867882181755232,0.09042397785550421,0.7169418695587791,0.04951556604879048,0.5602683401276616,0.0036455629509730136,0,0,11.0,0.05921052631578947,9.0,0.07236842105263158,0.0,-2.0,0.0,-0.013157894736842105,23.3,989.3,2.5,5.7,64,0.0,0
2024-06-20 09:45:00,12,0.07894736842105263,0.0,0.0,0,0,0.0,12,0,0.21899349222842016,358.001,0.0,0.07894736842105263,1,119,3.0,0,0,1,0,0,0,0,0,0,0,1,0,0,0,0,0,0,0,0,0,0,0,0,0,0,1,0,0,0,0,0.7777851165098011,0.08426519384872733,0.7169418695587791,0.04951556604879048,0.5602683401276616,0.0036455629509730136,0,0,11.0,0.05921052631578947,9.0,0.07236842105263158,0.0,0.0,0.0,0.0,23.3,989.3,2.5,5.7,64,0.0,0
2024-06-20 09:50:00,12,0.07894736842105263,0.0,0.0,0,0,0.0,12,0,0.21899349222842016,358.001,0.0,0.07894736842105263,1,119,3.0,0,0,1,0,0,0,0,0,0,0,1,0,0,0,0,0,0,0,0,0,0,0,0,0,0,1,0,0,0,0,0.7686498041734119,0.07830427709355714,0.7169418695587791,0.04951556604879048,0.5602683401276616,0.0036455629509730136,0,0,9.0,0.05921052631578947,9.0,0.05921052631578947,0.0,-2.0,0.0,-0.013157894736842111,23.4,989.5,1.8,4.2,64,0.0,0
2024-06-20 09:55:00,12,0.07894736842105263,0.0,0.0,0,0,0.0,12,0,0.21899349222842016,358.001,0.0,0.07894736842105263,1,119,3.0,0,0,1,0,0,0,0,0,0,0,1,0,0,0,0,0,0,0,0,0,0,0,0,0,0,1,0,0,0,0,0.7593866290802609,0.07254406466352681,0.7169418695587791,0.04951556604879048,0.5602683401276616,0.0036455629509730136,0,0,8.0,0.05921052631578947,9.0,0.05263157894736842,0.0,-1.0,0.0,-0.006578947368421052,23.4,989.5,1.8,4.2,64,0.0,0
2024-06-20 10:00:00,10,0.06578947368421052,-2.0,-0.013157894736842105,0,0,0.0,12,0,0.21899349222842016,358.001,0.0,0.07894736842105263,1,119,3.0,0,0,1,0,0,0,0,0,0,0,1,0,0,0,0,0,0,0,0,0,0,0,0,0,0,1,0,0,0,0,0.75,0.06698729810778065,0.7169418695587791,0.04951556604879048,0.5602683401276616,0.0036455629509730136,0,0,7.0,0.039473684210526314,6.0,0.046052631578947366,-3.0,-1.0,-0.019736842105263157,-0.006578947368421052,23.4,989.5,2.7,6.1,64,0.0,476
2024-06-20 10:05:00,7,0.046052631578947366,-3.0,-0.019736842105263157,0,0,0.6666666666666666,0,0,0.0,,0.3333333333333333,0.0,0,0,0.0,0,0,0,0,0,0,0,0,0,0,0,0,0,0,0,0,0,0,0,0,0,0,0,0,0,0,0,0,0,0,0.7404943844596938,0.061636622146246156,0.7169418695587791,0.04951556604879048,0.5602683401276616,0.0036455629509730136,0,0,0.0,0.02631578947368421,4.0,0.0,-2.0,-7.0,-0.013157894736842105,-0.046052631578947366,23.4,989.5,2.7,6.1,64,0.0,476
2024-06-20 10:10:00,7,0.046052631578947366,0.0,0.0,0,0,0.3333333333333333,0,0,0.0,,0.6666666666666666,0.0,0,0,0.0,0,0,0,0,0,0,0,0,0,0,0,0,0,0,0,0,0,0,0,0,0,0,0,0,0,0,0,0,0,0,0.730874306617517,0.05649458341088914,0.7169418695587791,0.04951556604879048,0.5602683401276616,0.0036455629509730136,0,0,2.0,0.039473684210526314,6.0,0.013157894736842105,2.0,2.0,0.013157894736842105,0.013157894736842105,23.6,989.5,1.8,5.2,65,0.0,600
2024-06-20 10:15:00,10,0.06578947368421052,3.0,0.019736842105263157,0,0,0.0,10,0,0.295104943215847,327.029,0.0,0.06578947368421052,1,95,6.0,0,0,0,0,1,0,0,0,0,0,0,0,0,1,0,0,0,0,0,0,0,0,0,0,0,0,1,0,0,0,0.7211443451095007,0.05156362923365587,0.7169418695587791,0.04951556604879048,0.5602683401276616,0.0036455629509730136,0,0,7.0,0.05263157894736842,8.0,0.046052631578947366,2.0,5.0,0.013157894736842105,0.03289473684210526,23.6,989.5,1.8,5.2,65,0.0,600
2024-06-20 10:20:00,10,0.06578947368421052,0.0,0.0,0,0,0.0,10,0,0.295104943215847,327.029,0.0,0.06578947368421052,1,95,6.0,0,0,0,0,1,0,0,0,0,0,0,0,0,1,0,0,0,0,0,0,0,0,0,0,0,0,1,0,0,0,0.7113091308703497,0.04684610648167503,0.7169418695587791,0.04951556604879048,0.5602683401276616,0.0036455629509730136,0,0,9.0,0.06578947368421052,10.0,0.05921052631578947,2.0,2.0,0.013157894736842105,0.013157894736842105,23.6,989.5,2.3,5.4,63,0.0,290
2024-06-20 10:25:00,10,0.06578947368421052,0.0,0.0,0,0,0.0,10,0,0.295104943215847,327.029,0.0,0.06578947368421052,1,95,6.0,0,0,0,0,1,0,0,0,0,0,0,0,0,1,0,0,0,0,0,0,0,0,0,0,0,0,1,0,0,0,0.7013733449293689,0.04234426044027656,0.7169418695587791,0.04951556604879048,0.5602683401276616,0.0036455629509730136,0,0,10.0,0.06578947368421052,10.0,0.06578947368421052,0.0,1.0,0.0,0.006578947368421052,23.6,989.5,2.3,5.4,63,0.0,290
2024-06-20 10:30:00,10,0.06578947368421052,0.0,0.0,0,0,0.0,10,0,0.295104943215847,327.029,0.0,0.06578947368421052,1,95,6.0,0,0,0,0,1,0,0,0,0,0,0,0,0,1,0,0,0,0,0,0,0,0,0,0,0,0,1,0,0,0,0.6913417161825449,0.03806023374435663,0.7169418695587791,0.04951556604879048,0.5602683401276616,0.0036455629509730136,0,0,10.0,0.06578947368421052,10.0,0.06578947368421052,0.0,0.0,0.0,0.0,23.6,989.5,1.3,4.0,64,0.0,73
2024-06-20 10:35:00,10,0.06578947368421052,0.0,0.0,0,0,0.0,10,0,0.295104943215847,327.029,0.0,0.06578947368421052,1,95,6.0,0,0,0,0,1,0,0,0,0,0,0,0,0,1,0,0,0,0,0,0,0,0,0,0,0,0,1,0,0,0,0.6812190191418507,0.03399606535860067,0.7169418695587791,0.04951556604879048,0.5602683401276616,0.0036455629509730136,0,0,10.0,0.07236842105263158,11.0,0.06578947368421052,1.0,0.0,0.006578947368421059,0.0,23.6,989.5,1.3,4.0,64,0.0,73
2024-06-20 10:40:00,10,0.06578947368421052,0.0,0.0,0,0,0.0,10,0,0.295104943215847,327.029,0.0,0.06578947368421052,1,95,6.0,0,0,0,0,1,0,0,0,0,0,0,0,0,1,0,0,0,0,0,0,0,0,0,0,0,0,1,0,0,0,0.6710100716628344,0.03015368960704584,0.7169418695587791,0.04951556604879048,0.5602683401276616,0.0036455629509730136,0,0,10.0,0.07236842105263158,11.0,0.06578947368421052,0.0,0.0,0.0,0.0,23.7,989.3,2.3,5.3,63,0.0,405
2024-06-20 10:45:00,10,0.06578947368421052,0.0,0.0,0,0,0.0,10,0,0.295104943215847,327.029,0.0,0.06578947368421052,1,95,6.0,0,0,0,0,1,0,0,0,0,0,0,0,0,1,0,0,0,0,0,0,0,0,0,0,0,0,1,0,0,0,0.6607197326515809,0.02653493525244721,0.7169418695587791,0.04951556604879048,0.5602683401276616,0.0036455629509730136,0,0,10.0,0.07236842105263158,11.0,0.06578947368421052,0.0,0.0,0.0,0.0,23.7,989.3,2.3,5.3,63,0.0,405
2024-06-20 10:50:00,10,0.06578947368421052,0.0,0.0,0,0,0.0,10,0,0.295104943215847,327.029,0.0,0.06578947368421052,1,95,6.0,0,0,0,0,1,0,0,0,0,0,0,0,0,1,0,0,0,0,0,0,0,0,0,0,0,0,1,0,0,0,0.6503528997521366,0.02314152462588659,0.7169418695587791,0.04951556604879048,0.5602683401276616,0.0036455629509730136,0,0,10.0,0.07236842105263158,11.0,0.06578947368421052,0.0,0.0,0.0,0.0,24.1,989.3,1.8,5.0,62,0.0,452
2024-06-20 10:55:00,10,0.06578947368421052,0.0,0.0,0,0,0.0,10,0,0.295104943215847,327.029,0.0,0.06578947368421052,1,95,6.0,0,0,0,0,1,0,0,0,0,0,0,0,0,1,0,0,0,0,0,0,0,0,0,0,0,0,1,0,0,0,0.6399145070154961,0.0199750728070357,0.7169418695587791,0.04951556604879048,0.5602683401276616,0.0036455629509730136,0,0,10.0,0.07236842105263158,11.0,0.06578947368421052,0.0,0.0,0.0,0.0,24.1,989.3,1.8,5.0,62,0.0,452
2024-06-20 11:00:00,10,0.06578947368421052,0.0,0.0,0,0,0.0,10,0,0.295104943215847,327.029,0.0,0.06578947368421052,1,95,6.0,0,0,0,0,1,0,0,0,0,0,0,0,0,1,0,0,0,0,0,0,0,0,0,0,0,0,1,0,0,0,0.6294095225512605,0.0170370868554659,0.7169418695587791,0.04951556604879048,0.5602683401276616,0.0036455629509730136,0,0,10.0,0.07236842105263158,11.0,0.06578947368421052,0.0,0.0,0.0,0.0,24.4,989.3,2.0,5.5,62,0.0,600
2024-06-20 11:05:00,10,0.06578947368421052,0.0,0.0,0,0,0.0,10,0,0.295104943215847,327.029,0.0,0.06578947368421052,1,95,6.0,0,0,0,0,1,0,0,0,0,0,0,0,0,1,0,0,0,0,0,0,0,0,0,0,0,0,1,0,0,0,0.6188429461630864,0.014328965093369284,0.7169418695587791,0.04951556604879048,0.5602683401276616,0.0036455629509730136,0,0,10.0,0.07236842105263158,11.0,0.06578947368421052,0.0,0.0,0.0,0.0,24.4,989.3,2.0,5.5,62,0.0,600
2024-06-20 11:10:00,10,0.06578947368421052,0.0,0.0,0,0,0.0,10,0,0.295104943215847,327.029,0.0,0.06578947368421052,1,95,6.0,0,0,0,0,1,0,0,0,0,0,0,0,0,1,0,0,0,0,0,0,0,0,0,0,0,0,1,0,0,0,0.6082198069690516,0.011851996440033374,0.7169418695587791,0.04951556604879048,0.5602683401276616,0.0036455629509730136,0,0,10.0,0.07236842105263158,11.0,0.06578947368421052,0.0,0.0,0.0,0.0,24.4,989.2,1.5,6.2,62,0.0,487
2024-06-20 11:15:00,10,0.06578947368421052,0.0,0.0,0,0,0.0,10,0,0.295104943215847,327.029,0.0,0.06578947368421052,1,95,6.0,0,0,0,0,1,0,0,0,0,0,0,0,0,1,0,0,0,0,0,0,0,0,0,0,0,0,1,0,0,0,0.5975451610080643,0.009607359798384785,0.7169418695587791,0.04951556604879048,0.5602683401276616,0.0036455629509730136,0,0,10.0,0.07236842105263158,11.0,0.06578947368421052,0.0,0.0,0.0,0.0,24.4,989.2,1.5,6.2,62,0.0,487
2024-06-20 11:20:00,10,0.06578947368421052,0.0,0.0,0,0,0.0,10,0,0.295104943215847,327.029,0.0,0.06578947368421052,1,95,6.0,0,0,0,0,1,0,0,0,0,0,0,0,0,1,0,0,0,0,0,0,0,0,0,0,0,0,1,0,0,0,0.5868240888334652,0.00759612349389599,0.7169418695587791,0.04951556604879048,0.5602683401276616,0.0036455629509730136,0,0,10.0,0.07236842105263158,11.0,0.06578947368421052,0.0,0.0,0.0,0.0,24.5,989.0,2.2,5.5,60,0.0,548
2024-06-20 11:25:00,9,0.05921052631578947,-1.0,-0.006578947368421052,0,0,0.0,10,0,0.295104943215847,327.029,0.0,0.06578947368421052,1,95,6.0,0,0,0,0,1,0,0,0,0,0,0,0,0,1,0,0,0,0,0,0,0,0,0,0,0,0,1,0,0,0,0.5760616930949586,0.005819244766119669,0.7169418695587791,0.04951556604879048,0.5602683401276616,0.0036455629509730136,0,0,10.0,0.07236842105263158,11.0,0.06578947368421052,0.0,0.0,0.0,0.0,24.5,989.0,2.2,5.5,60,0.0,548
2024-06-20 11:30:00,10,0.06578947368421052,1.0,0.006578947368421052,0,0,0.0,10,0,0.295104943215847,327.029,0.0,0.06578947368421052,1,95,6.0,0,0,0,0,1,0,0,0,0,0,0,0,0,1,0,0,0,0,0,0,0,0,0,0,0,0,1,0,0,0,0.5652630961100258,0.004277569313094809,0.7169418695587791,0.04951556604879048,0.5602683401276616,0.0036455629509730136,0,0,11.0,0.07236842105263158,11.0,0.07236842105263158,0.0,1.0,0.0,0.006578947368421059,24.6,989.0,1.9,5.6,60,0.0,600
2024-06-20 11:35:00,10,0.06578947368421052,0.0,0.0,0,0,0.0,10,0,0.295104943215847,327.029,0.0,0.06578947368421052,1,95,6.0,0,0,0,0,1,0,0,0,0,0,0,0,0,1,0,0,0,0,0,0,0,0,0,0,0,0,1,0,0,0,0.5544334374259823,0.0029718308888401768,0.7169418695587791,0.04951556604879048,0.5602683401276616,0.0036455629509730136,0,0,11.0,0.07236842105263158,11.0,0.07236842105263158,0.0,0.0,0.0,0.0,24.6,989.0,1.9,5.6,60,0.0,600
2024-06-20 11:40:00,10,0.06578947368421052,0.0,0.0,0,0,0.0,10,0,0.295104943215847,327.029,0.0,0.06578947368421052,1,95,6.0,0,0,0,0,1,0,0,0,0,0,0,0,0,1,0,0,0,0,0,0,0,0,0,0,0,0,1,0,0,0,0.5435778713738291,0.0019026509541272274,0.7169418695587791,0.04951556604879048,0.5602683401276616,0.0036455629509730136,0,0,11.0,0.07236842105263158,11.0,0.07236842105263158,0.0,0.0,0.0,0.0,24.7,988.9,1.6,5.3,59,0.0,472
2024-06-20 11:45:00,5,0.03289473684210526,-5.0,-0.03289473684210526,0,0,0.0,10,0,0.295104943215847,327.029,0.0,0.06578947368421052,1,95,6.0,0,0,0,0,1,0,0,0,0,0,0,0,0,1,0,0,0,0,0,0,0,0,0,0,0,0,1,0,0,0,0.5327015646150716,0.0010705383806982605,0.7169418695587791,0.04951556604879048,0.5602683401276616,0.0036455629509730136,0,0,10.0,0.07236842105263158,11.0,0.06578947368421052,0.0,-1.0,0.0,-0.006578947368421059,24.7,988.9,1.6,5.3,59,0.0,472
2024-06-20 11:50:00,1,0.006578947368421052,-4.0,-0.02631578947368421,0,0,0.6666666666666666,0,0,0.0,,0.0,0.0,0,0,0.0,0,0,0,0,0,0,0,0,0,0,0,0,0,0,0,0,0,0,0,0,0,0,0,0,0,0,0,0,0,0,0.521809693682668,0.0004758892090711009,0.7169418695587791,0.04951556604879048,0.5602683401276616,0.0036455629509730136,0,0,4.0,0.046052631578947366,7.0,0.02631578947368421,-4.0,-6.0,-0.026315789473684216,-0.039473684210526314,24.8,988.8,1.9,5.0,59,0.0,600
2024-06-20 11:55:00,0,0.0,-1.0,-0.006578947368421052,0,0,0.3333333333333333,0,0,0.0,,0.0,0.0,0,0,0.0,0,0,0,0,0,0,0,0,0,0,0,0,0,0,0,0,0,0,0,0,0,0,0,0,0,0,0,0,0,0,0.5109074425172808,0.00011898646004543378,0.7169418695587791,0.04951556604879048,0.5602683401276616,0.0036455629509730136,0,0,11.0,0.006578947368421052,1.0,0.07236842105263158,-6.0,7.0,-0.039473684210526314,0.04605263157894737,24.8,988.8,1.9,5.0,59,0.0,600
2024-06-20 12:00:00,0,0.0,0.0,0.0,0,0,0.0,0,0,0.0,,0.0,0.0,0,0,0.0,0,0,0,0,0,0,0,0,0,0,0,0,0,0,0,0,0,0,0,0,0,0,0,0,0,0,0,0,0,0,0.5000000000000001,0.0,0.7169418695587791,0.04951556604879048,0.5602683401276616,0.0036455629509730136,0,0,18.0,0.0,0.0,0.11842105263157894,-1.0,7.0,-0.006578947368421052,0.04605263157894736,24.5,988.7,3.6,7.7,60,0.0,551
2024-06-20 12:05:00,1,0.006578947368421052,1.0,0.006578947368421052,0,0,0.0,0,0,0.0,,0.0,0.0,0,0,0.0,0,0,0,0,0,0,0,0,0,0,0,0,0,0,0,0,0,0,0,0,0,0,0,0,0,0,0,0,0,0,0.4890925574827195,0.00011898646004543378,0.7169418695587791,0.04951556604879048,0.5602683401276616,0.0036455629509730136,0,0,22.0,0.006578947368421052,1.0,0.14473684210526316,1.0,4.0,0.006578947368421052,0.026315789473684223,24.5,988.7,3.6,7.7,60,0.0,551
2024-06-20 12:10:00,1,0.006578947368421052,0.0,0.0,0,0,0.0,0,0,0.0,,0.0,0.0,0,0,0.0,0,0,0,0,0,0,0,0,0,0,0,0,0,0,0,0,0,0,0,0,0,0,0,0,0,0,0,0,0,0,0.47819030631733206,0.0004758892090711009,0.7169418695587791,0.04951556604879048,0.5602683401276616,0.0036455629509730136,0,0,23.0,0.02631578947368421,4.0,0.1513157894736842,3.0,1.0,0.019736842105263157,0.006578947368421045,25.0,988.7,1.6,5.5,59,0.0,530
2024-06-20 12:15:00,1,0.006578947368421052,0.0,0.0,0,0,0.0,0,0,0.0,,0.0,0.0,0,0,0.0,0,0,0,0,0,0,0,0,0,0,0,0,0,0,0,0,0,0,0,0,0,0,0,0,0,0,0,0,0,0,0.46729843538492855,0.0010705383806982605,0.7169418695587791,0.04951556604879048,0.5602683401276616,0.0036455629509730136,0,0,26.0,0.02631578947368421,4.0,0.17105263157894737,0.0,3.0,0.0,0.019736842105263164,25.0,988.7,1.6,5.5,59,0.0,530
2024-06-20 12:20:00,2,0.013157894736842105,1.0,0.006578947368421052,0,0,0.0,0,0,0.0,,0.0,0.0,0,0,0.0,0,0,0,0,0,0,0,0,0,0,0,0,0,0,0,0,0,0,0,0,0,0,0,0,0,0,0,0,0,0,0.4564221286261708,0.0019026509541272274,0.7169418695587791,0.04951556604879048,0.5602683401276616,0.0036455629509730136,0,0,26.0,0.02631578947368421,4.0,0.17105263157894737,0.0,0.0,0.0,0.0,25.1,988.6,2.4,7.1,59,0.0,600
2024-06-20 12:25:00,2,0.013157894736842105,0.0,0.0,0,0,0.0,0,0,0.0,,0.0,0.0,0,0,0.0,0,0,0,0,0,0,0,0,0,0,0,0,0,0,0,0,0,0,0,0,0,0,0,0,0,0,0,0,0,0,0.44556656257401805,0.0029718308888401768,0.7169418695587791,0.04951556604879048,0.5602683401276616,0.0036455629509730136,0,0,27.0,0.02631578947368421,4.0,0.17763157894736842,0.0,1.0,0.0,0.006578947368421045,25.1,988.6,2.4,7.1,59,0.0,600
2024-06-20 12:30:00,2,0.013157894736842105,0.0,0.0,0,0,0.0,0,0,0.0,,0.0,0.0,0,0,0.0,0,0,0,0,0,0,0,0,0,0,0,0,0,0,0,0,0,0,0,0,0,0,0,0,0,0,0,0,0,0,0.4347369038899741,0.004277569313094809,0.7169418695587791,0.04951556604879048,0.5602683401276616,0.0036455629509730136,0,0,27.0,0.02631578947368421,4.0,0.17763157894736842,0.0,0.0,0.0,0.0,25.0,988.5,2.2,6.7,58,0.0,496
2024-06-20 12:35:00,1,0.006578947368421052,-1.0,-0.006578947368421052,0,0,0.0,0,0,0.0,,0.0,0.0,0,0,0.0,0,0,0,0,0,0,0,0,0,0,0,0,0,0,0,0,0,0,0,0,0,0,0,0,0,0,0,0,0,0,0.4239383069050416,0.005819244766119669,0.7169418695587791,0.04951556604879048,0.5602683401276616,0.0036455629509730136,0,0,27.0,0.02631578947368421,4.0,0.17763157894736842,0.0,0.0,0.0,0.0,25.0,988.5,2.2,6.7,58,0.0,496
2024-06-20 12:40:00,0,0.0,-1.0,-0.006578947368421052,0,0,0.0,0,0,0.0,,0.0,0.0,0,0,0.0,0,0,0,0,0,0,0,0,0,0,0,0,0,0,0,0,0,0,0,0,0,0,0,0,0,0,0,0,0,0,0.41317591116653474,0.00759612349389599,0.7169418695587791,0.04951556604879048,0.5602683401276616,0.0036455629509730136,0,0,27.0,0.02631578947368421,4.0,0.17763157894736842,0.0,0.0,0.0,0.0,25.0,988.4,1.9,6.1,58,0.0,599
2024-06-20 12:45:00,1,0.006578947368421052,1.0,0.006578947368421052,0,0,0.0,0,0,0.0,,0.0,0.0,0,0,0.0,0,0,0,0,0,0,0,0,0,0,0,0,0,0,0,0,0,0,0,0,0,0,0,0,0,0,0,0,0,0,0.4024548389919358,0.009607359798384785,0.7169418695587791,0.04951556604879048,0.5602683401276616,0.0036455629509730136,0,0,27.0,0.03289473684210526,5.0,0.17763157894736842,1.0,0.0,0.006578947368421052,0.0,25.0,988.4,1.9,6.1,58,0.0,599
2024-06-20 12:50:00,1,0.006578947368421052,0.0,0.0,0,0,0.0,0,0,0.0,,0.0,0.0,0,0,0.0,0,0,0,0,0,0,0,0,0,0,0,0,0,0,0,0,0,0,0,0,0,0,0,0,0,0,0,0,0,0,0.39178019303094874,0.011851996440033263,0.7169418695587791,0.04951556604879048,0.5602683401276616,0.0036455629509730136,0,0,27.0,0.03289473684210526,5.0,0.17763157894736842,0.0,0.0,0.0,0.0,25.0,988.2,2.2,6.0,59,0.0,393
2024-06-20 12:55:00,1,0.006578947368421052,0.0,0.0,0,0,0.0,0,0,0.0,,0.0,0.0,0,0,0.0,0,0,0,0,0,0,0,0,0,0,0,0,0,0,0,0,0,0,0,0,0,0,0,0,0,0,0,0,0,0,0.3811570538369137,0.014328965093369228,0.7169418695587791,0.04951556604879048,0.5602683401276616,0.0036455629509730136,0,0,27.0,0.03289473684210526,5.0,0.17763157894736842,0.0,0.0,0.0,0.0,25.0,988.2,2.2,6.0,59,0.0,393
2024-06-20 13:00:00,2,0.013157894736842105,1.0,0.006578947368421052,0,0,0.0,0,0,0.0,,0.0,0.0,0,0,0.0,0,0,0,0,0,0,0,0,0,0,0,0,0,0,0,0,0,0,0,0,0,0,0,0,0,0,0,0,0,0,0.37059047744873985,0.01703708685546579,0.7169418695587791,0.04951556604879048,0.5602683401276616,0.0036455629509730136,0,0,27.0,0.039473684210526314,6.0,0.17763157894736842,1.0,0.0,0.006578947368421052,0.0,25.2,988.0,1.7,7.2,58,0.0,391
2024-06-20 13:05:00,3,0.019736842105263157,1.0,0.006578947368421052,0,0,0.0,0,0,0.0,,0.0,0.0,0,0,0.0,0,0,0,0,0,0,0,0,0,0,0,0,0,0,0,0,0,0,0,0,0,0,0,0,0,0,0,0,0,0,0.36008549298450376,0.0199750728070357,0.7169418695587791,0.04951556604879048,0.5602683401276616,0.0036455629509730136,0,0,26.0,0.039473684210526314,6.0,0.17105263157894737,0.0,-1.0,0.0,-0.006578947368421045,25.2,988.0,1.7,7.2,58,0.0,391
2024-06-20 13:10:00,4,0.02631578947368421,1.0,0.006578947368421052,0,0,0.0,0,0,0.0,,0.0,0.0,0,0,0.0,0,0,0,0,0,0,0,0,0,0,0,0,0,0,0,0,0,0,0,0,0,0,0,0,0,0,0,0,0,0,0.34964710024786366,0.023141524625886478,0.7169418695587791,0.04951556604879048,0.5602683401276616,0.0036455629509730136,0,0,26.0,0.046052631578947366,7.0,0.17105263157894737,1.0,0.0,0.006578947368421052,0.0,25.1,987.9,2.5,6.5,59,0.0,600
2024-06-20 13:15:00,4,0.02631578947368421,0.0,0.0,0,0,0.0,0,0,0.0,,0.0,0.0,0,0,0.0,0,0,0,0,0,0,0,0,0,0,0,0,0,0,0,0,0,0,0,0,0,0,0,0,0,0,0,0,0,0,0.3392802673484192,0.026534935252447156,0.7169418695587791,0.04951556604879048,0.5602683401276616,0.0036455629509730136,0,0,26.0,0.046052631578947366,7.0,0.17105263157894737,0.0,0.0,0.0,0.0,25.1,987.9,2.5,6.5,59,0.0,600
2024-06-20 13:20:00,5,0.03289473684210526,1.0,0.006578947368421052,0,0,0.0,0,0,0.0,,0.0,0.0,0,0,0.0,0,0,0,0,0,0,0,0,0,0,0,0,0,0,0,0,0,0,0,0,0,0,0,0,0,0,0,0,0,0,0.32898992833716567,0.030153689607045786,0.7169418695587791,0.04951556604879048,0.5602683401276616,0.0036455629509730136,0,0,7.0,0.05263157894736842,8.0,0.046052631578947366,1.0,-19.0,0.006578947368421052,-0.125,25.2,987.8,2.0,5.8,58,0.0,600
2024-06-20 13:25:00,9,0.05921052631578947,4.0,0.02631578947368421,0,0,0.0,0,0,0.0,,0.0,0.0,0,0,0.0,0,0,0,0,0,0,0,0,0,0,0,0,0,0,0,0,0,0,0,0,0,0,0,0,0,0,0,0,0,0,0.3187809808581492,0.033996065358600724,0.7169418695587791,0.04951556604879048,0.5602683401276616,0.0036455629509730136,0,0,10.0,0.07236842105263158,11.0,0.06578947368421052,3.0,3.0,0.019736842105263164,0.019736842105263157,25.2,987.8,2.0,5.8,58,0.0,600
2024-06-20 13:30:00,13,0.08552631578947369,4.0,0.026315789473684216,0,0,0.0,0,0,0.0,,0.0,0.0,0,0,0.0,0,0,0,0,0,0,0,0,0,0,0,0,0,0,0,0,0,0,0,0,0,0,0,0,0,0,0,0,0,0,0.3086582838174552,0.038060233744356575,0.7169418695587791,0.04951556604879048,0.5602683401276616,0.0036455629509730136,0,0,18.0,0.11842105263157894,18.0,0.11842105263157894,7.0,8.0,0.04605263157894736,0.05263157894736842,25.5,987.8,1.9,5.6,59,0.0,600
2024-06-20 13:35:00,20,0.13157894736842105,7.0,0.04605263157894736,0,0,0.0,0,0,0.0,,0.3333333333333333,0.0,0,0,0.0,0,0,0,0,0,0,0,0,0,0,0,0,0,0,0,0,0,0,0,0,0,0,0,0,0,0,0,0,0,0,0.29862665507063146,0.04234426044027639,0.7169418695587791,0.04951556604879048,0.5602683401276616,0.0036455629509730136,0,0,20.0,0.15789473684210525,24.0,0.13157894736842105,6.0,2.0,0.039473684210526314,0.013157894736842105,25.5,987.8,1.9,5.6,59,0.0,600
2024-06-20 13:40:00,28,0.18421052631578946,8.0,0.05263157894736842,0,0,0.0,0,0,0.0,,0.6666666666666666,0.0,0,0,0.0,0,0,0,0,0,0,0,0,0,0,0,0,0,0,0,0,0,0,0,0,0,0,0,0,0,0,0,0,0,0,0.28869086912965036,0.046846106481674976,0.7169418695587791,0.04951556604879048,0.5602683401276616,0.0036455629509730136,0,0,20.0,0.19736842105263158,30.0,0.13157894736842105,6.0,0.0,0.03947368421052633,0.0,25.8,987.8,2.1,6.1,57,0.0,600
2024-06-20 13:45:00,34,0.2236842105263158,6.0,0.03947368421052633,0,0,0.0,38,0,0.9152550791439257,"531.240,531.241,531.242",0.0,0.25,1,54,3.0,0,0,0,0,1,0,1,0,0,0,0,0,0,0,0,0,0,0,0,0,0,0,0,0,1,0,0,0,0,0,0.27885565489049946,0.05156362923365582,0.7169418695587791,0.04951556604879048,0.5602683401276616,0.0036455629509730136,0,0,19.0,0.25,38.0,0.125,8.0,-1.0,0.05263157894736842,-0.006578947368421045,25.8,987.8,2.1,6.1,57,0.0,600
2024-06-20 13:50:00,38,0.25,4.0,0.02631578947368421,0,0,0.0,38,0,0.9152550791439257,"531.240,531.241,531.242",0.0,0.25,1,54,3.0,0,0,0,0,1,0,1,0,0,0,0,0,0,0,0,0,0,0,0,0,0,0,0,0,1,0,0,0,0,0,0.26912569338248293,0.0564945834108892,0.7169418695587791,0.04951556604879048,0.5602683401276616,0.0036455629509730136,0,0,18.0,0.2565789473684211,39.0,0.11842105263157894,1.0,-1.0,0.006578947368421073,-0.006578947368421059,25.8,987.6,1.8,5.6,57,0.0,563
2024-06-20 13:55:00,38,0.25,0.0,0.0,0,0,0.0,38,0,0.9152550791439257,"531.240,531.241,531.242",0.0,0.25,1,54,3.0,0,0,0,0,1,0,1,0,0,0,0,0,0,0,0,0,0,0,0,0,0,0,0,0,1,0,0,0,0,0,0.2595056155403065,0.06163662214624599,0.7169418695587791,0.04951556604879048,0.5602683401276616,0.0036455629509730136,0,0,18.0,0.2631578947368421,40.0,0.11842105263157894,1.0,0.0,0.006578947368421018,0.0,25.8,987.6,1.8,5.6,57,0.0,563
2024-06-20 14:00:00,38,0.25,0.0,0.0,0,0,0.0,38,0,0.9152550791439257,"531.240,531.241,531.242",0.0,0.25,1,54,3.0,0,0,0,0,1,0,1,0,0,0,0,0,0,0,0,0,0,0,0,0,0,0,0,0,1,0,0,0,0,0,0.24999999999999994,0.0669872981077807,0.7169418695587791,0.04951556604879048,0.5602683401276616,0.0036455629509730136,0,0,18.0,0.2631578947368421,40.0,0.11842105263157894,0.0,0.0,0.0,0.0,25.6,987.5,2.6,6.1,57,0.0,600
2024-06-20 14:05:00,38,0.25,0.0,0.0,0,0,0.0,38,0,0.9152550791439257,"531.240,531.241,531.242",0.0,0.25,1,54,3.0,0,0,0,0,1,0,1,0,0,0,0,0,0,0,0,0,0,0,0,0,0,0,0,0,1,0,0,0,0,0,0.24061337091973922,0.07254406466352675,0.7169418695587791,0.04951556604879048,0.5602683401276616,0.0036455629509730136,0,0,18.0,0.2631578947368421,40.0,0.11842105263157894,0.0,0.0,0.0,0.0,25.6,987.5,2.6,6.1,57,0.0,600
2024-06-20 14:10:00,38,0.25,0.0,0.0,0,0,0.0,38,0,0.9152550791439257,"531.240,531.241,531.242",0.0,0.25,1,54,3.0,0,0,0,0,1,0,1,0,0,0,0,0,0,0,0,0,0,0,0,0,0,0,0,0,1,0,0,0,0,0,0.23135019582658806,0.0783042770935572,0.7169418695587791,0.04951556604879048,0.5602683401276616,0.0036455629509730136,0,0,18.0,0.26973684210526316,41.0,0.11842105263157894,1.0,0.0,0.006578947368421073,0.0,25.5,987.5,1.7,6.5,58,0.0,600
2024-06-20 14:15:00,38,0.25,0.0,0.0,0,0,0.0,38,0,0.9152550791439257,"531.240,531.241,531.242",0.0,0.25,1,54,3.0,0,0,0,0,1,0,1,0,0,0,0,0,0,0,0,0,0,0,0,0,0,0,0,0,1,0,0,0,0,0,0.22221488349019902,0.08426519384872727,0.7169418695587791,0.04951556604879048,0.5602683401276616,0.0036455629509730136,0,0,18.0,0.26973684210526316,41.0,0.11842105263157894,0.0,0.0,0.0,0.0,25.5,987.5,1.7,6.5,58,0.0,600
2024-06-20 14:20:00,38,0.25,0.0,0.0,0,0,0.0,38,0,0.9152550791439257,"531.240,531.241,531.242",0.3333333333333333,0.25,1,54,3.0,0,0,0,0,1,0,1,0,0,0,0,0,0,0,0,0,0,0,0,0,0,0,0,0,1,0,0,0,0,0,0.2132117818244771,0.09042397785550399,0.7169418695587791,0.04951556604879048,0.5602683401276616,0.0036455629509730136,0,0,18.0,0.26973684210526316,41.0,0.11842105263157894,0.0,0.0,0.0,0.0,25.4,987.4,2.3,6.3,58,0.0,600
2024-06-20 14:25:00,38,0.25,0.0,0.0,0,0,0.0,38,0,0.9152550791439257,"531.240,531.241,531.242",0.6666666666666666,0.25,1,54,3.0,0,0,0,0,1,0,1,0,0,0,0,0,0,0,0,0,0,0,0,0,0,0,0,0,1,0,0,0,0,0,0.204345175818209,0.09677769786625862,0.7169418695587791,0.04951556604879048,0.5602683401276616,0.0036455629509730136,0,0,18.0,0.26973684210526316,41.0,0.11842105263157894,0.0,0.0,0.0,0.0,25.4,987.4,2.3,6.3,58,0.0,600
2024-06-20 14:30:00,30,0.19736842105263158,-8.0,-0.05263157894736842,0,0,0.0,30,0,0.5879877899822435,531.240,0.0,0.19736842105263158,1,30,3.0,0,0,0,0,1,0,1,0,0,0,0,0,0,0,0,0,0,0,0,0,0,0,0,0,1,0,0,0,0,0,0.19561928549563984,0.1033233298543823,0.7169418695587791,0.04951556604879048,0.5602683401276616,0.0036455629509730136,0,0,16.0,0.2565789473684211,39.0,0.10526315789473684,-2.0,-2.0,-0.01315789473684209,-0.013157894736842105,25.2,987.3,2.8,6.3,59,0.0,600
2024-06-20 14:35:00,16,0.10526315789473684,-14.0,-0.09210526315789475,0,0,0.6666666666666666,30,0,0.5879877899822435,531.240,0.0,0.19736842105263158,1,30,3.0,0,0,0,0,1,0,1,0,0,0,0,0,0,0,0,0,0,0,0,0,0,0,0,0,1,0,0,0,0,0,0.1870382639079703,0.11005775845355925,0.7169418695587791,0.04951556604879048,0.5602683401276616,0.0036455629509730136,0,0,14.0,0.26973684210526316,41.0,0.09210526315789473,2.0,-2.0,0.01315789473684209,-0.013157894736842105,25.2,987.3,2.8,6.3,59,0.0,600
2024-06-20 14:40:00,14,0.09210526315789473,-2.0,-0.013157894736842105,0,0,0.3333333333333333,30,0,0.5879877899822435,531.240,0.0,0.19736842105263158,1,30,3.0,0,0,0,0,1,0,1,0,0,0,0,0,0,0,0,0,0,0,0,0,0,0,0,0,1,0,0,0,0,0,0.17860619515673054,0.11697777844051083,0.7169418695587791,0.04951556604879048,0.5602683401276616,0.0036455629509730136,0,0,14.0,0.26973684210526316,41.0,0.09210526315789473,0.0,0.0,0.0,0.0,25.4,987.3,2.0,5.5,58,0.0,600
2024-06-20 14:45:00,15,0.09868421052631579,1.0,0.006578947368421059,0,0,0.0,30,0,0.5879877899822435,531.240,0.0,0.19736842105263158,1,30,3.0,0,0,0,0,1,0,1,0,0,0,0,0,0,0,0,0,0,0,0,0,0,0,0,0,1,0,0,0,0,0,0.17032709244996558,0.12408009626051125,0.7169418695587791,0.04951556604879048,0.5602683401276616,0.0036455629509730136,0,0,15.0,0.26973684210526316,41.0,0.09868421052631579,0.0,1.0,0.0,0.006578947368421059,25.4,987.3,2.0,5.5,58,0.0,600
2024-06-20 14:50:00,15,0.09868421052631579,0.0,0.0,0,0,0.0,30,0,0.5879877899822435,531.240,0.0,0.19736842105263158,1,30,3.0,0,0,0,0,1,0,1,0,0,0,0,0,0,0,0,0,0,0,0,0,0,0,0,0,1,0,0,0,0,0,0.16220489619216993,0.13136133159493796,0.7169418695587791,0.04951556604879048,0.5602683401276616,0.0036455629509730136,0,0,14.0,0.26973684210526316,41.0,0.09210526315789473,0.0,-1.0,0.0,-0.006578947368421059,25.3,986.9,2.3,5.9,58,0.0,408
2024-06-20 14:55:00,14,0.09210526315789473,-1.0,-0.006578947368421059,0,0,0.0,30,0,0.5879877899822435,531.240,0.0,0.19736842105263158,1,30,3.0,0,0,0,0,1,0,1,0,0,0,0,0,0,0,0,0,0,0,0,0,0,0,0,0,1,0,0,0,0,0,0.15424347210886535,0.1388180189701222,0.7169418695587791,0.04951556604879048,0.5602683401276616,0.0036455629509730136,0,0,6.0,0.26973684210526316,41.0,0.039473684210526314,0.0,-8.0,0.0,-0.05263157894736842,25.3,986.9,2.3,5.9,58,0.0,408
2024-06-20 15:00:00,16,0.10526315789473684,2.0,0.013157894736842105,0,0,0.0,30,0,0.5879877899822435,531.240,0.0,0.19736842105263158,1,30,3.0,0,0,0,0,1,0,1,0,0,0,0,0,0,0,0,0,0,0,0,0,0,0,0,0,1,0,0,0,0,0,0.14644660940672627,0.14644660940672616,0.7169418695587791,0.04951556604879048,0.5602683401276616,0.0036455629509730136,0,0,2.0,0.26973684210526316,41.0,0.013157894736842105,0.0,-4.0,0.0,-0.02631578947368421,25.4,986.7,2.2,4.8,59,0.0,438
2024-06-20 15:05:00,10,0.06578947368421052,-6.0,-0.039473684210526314,0,0,0.0,30,0,0.5879877899822435,531.240,0.0,0.19736842105263158,1,30,3.0,0,0,0,0,1,0,1,0,0,0,0,0,0,0,0,0,0,0,0,0,0,0,0,0,1,0,0,0,0,0,0.13881801897012225,0.15424347210886524,0.7169418695587791,0.04951556604879048,0.5602683401276616,0.0036455629509730136,0,0,0.0,0.2631578947368421,40.0,0.0,-1.0,-2.0,-0.006578947368421073,-0.013157894736842105,25.4,986.7,2.2,4.8,59,0.0,438
2024-06-20 15:10:00,2,0.013157894736842105,-8.0,-0.05263157894736842,0,0,0.0,30,0,0.5879877899822435,531.240,0.0,0.19736842105263158,1,30,3.0,0,0,0,0,1,0,1,0,0,0,0,0,0,0,0,0,0,0,0,0,0,0,0,0,1,0,0,0,0,0,0.13136133159493807,0.16220489619216982,0.7169418695587791,0.04951556604879048,0.5602683401276616,0.0036455629509730136,0,0,0.0,0.26973684210526316,41.0,0.0,1.0,0.0,0.006578947368421073,0.0,25.5,986.5,2.1,5.8,58,0.0,214
2024-06-20 15:15:00,4,0.02631578947368421,2.0,0.013157894736842105,0,0,0.0,30,0,0.5879877899822435,531.240,0.0,0.19736842105263158,1,30,3.0,0,0,0,0,1,0,1,0,0,0,0,0,0,0,0,0,0,0,0,0,0,0,0,0,1,0,0,0,0,0,0.12408009626051136,0.17032709244996547,0.7169418695587791,0.04951556604879048,0.5602683401276616,0.0036455629509730136,0,0,0.0,0.07894736842105263,12.0,0.0,-29.0,0.0,-0.19078947368421054,0.0,25.5,986.5,2.1,5.8,58,0.0,214
2024-06-20 15:20:00,11,0.07236842105263158,7.0,0.04605263157894737,0,0,0.6666666666666666,0,0,0.0,,0.3333333333333333,0.0,0,0,0.0,0,0,0,0,0,0,0,0,0,0,0,0,0,0,0,0,0,0,0,0,0,0,0,0,0,0,0,0,0,0,0.11697777844051077,0.1786061951567306,0.7169418695587791,0.04951556604879048,0.5602683401276616,0.0036455629509730136,0,0,0.0,0.039473684210526314,6.0,0.0,-6.0,0.0,-0.039473684210526314,0.0,25.5,986.3,2.5,5.6,59,0.0,458
2024-06-20 15:25:00,21,0.13815789473684212,10.0,0.06578947368421054,0,0,0.3333333333333333,0,0,0.0,,0.6666666666666666,0.0,0,0,0.0,0,0,0,0,0,0,0,0,0,0,0,0,0,0,0,0,0,0,0,0,0,0,0,0,0,0,0,0,0,0,0.1100577584535593,0.18703826390797018,0.7169418695587791,0.04951556604879048,0.5602683401276616,0.0036455629509730136,0,0,0.0,0.09868421052631579,15.0,0.0,9.0,0.0,0.05921052631578948,0.0,25.5,986.3,2.5,5.6,59,0.0,458
2024-06-20 15:30:00,24,0.15789473684210525,3.0,0.019736842105263136,0,0,0.0,26,0,0.39982131280397115,339.170,0.0,0.17105263157894737,1,108,3.0,0,0,1,0,0,1,0,0,0,0,0,0,0,0,0,0,0,0,0,0,0,0,0,1,0,0,0,0,0,0,0.10332332985438253,0.19561928549563956,0.7169418695587791,0.04951556604879048,0.5602683401276616,0.0036455629509730136,0,0,0.0,0.1513157894736842,23.0,0.0,8.0,0.0,0.05263157894736842,0.0,25.5,986.5,2.3,6.7,58,0.0,419
2024-06-20 15:35:00,25,0.16447368421052633,1.0,0.006578947368421073,0,0,0.0,26,0,0.39982131280397115,339.170,0.0,0.17105263157894737,1,108,3.0,0,0,1,0,0,1,0,0,0,0,0,0,0,0,0,0,0,0,0,0,0,0,0,1,0,0,0,0,0,0,0.09677769786625867,0.20434517581820888,0.7169418695587791,0.04951556604879048,0.5602683401276616,0.0036455629509730136,0,0,0.0,0.1513157894736842,23.0,0.0,0.0,0.0,0.0,0.0,25.5,986.5,2.3,6.7,58,0.0,419
2024-06-20 15:40:00,26,0.17105263157894737,1.0,0.006578947368421045,0,0,0.0,26,0,0.39982131280397115,339.170,0.0,0.17105263157894737,1,108,3.0,0,0,1,0,0,1,0,0,0,0,0,0,0,0,0,0,0,0,0,0,0,0,0,1,0,0,0,0,0,0,0.09042397785550421,0.2132117818244768,0.7169418695587791,0.04951556604879048,0.5602683401276616,0.0036455629509730136,0,0,0.0,0.1513157894736842,23.0,0.0,0.0,0.0,0.0,0.0,25.3,986.5,3.4,6.8,58,0.0,309
2024-06-20 15:45:00,26,0.17105263157894737,0.0,0.0,0,0,0.0,26,0,0.39982131280397115,339.170,0.0,0.17105263157894737,1,108,3.0,0,0,1,0,0,1,0,0,0,0,0,0,0,0,0,0,0,0,0,0,0,0,0,1,0,0,0,0,0,0,0.08426519384872738,0.2222148834901989,0.7169418695587791,0.04951556604879048,0.5602683401276616,0.0036455629509730136,0,0,0.0,0.15789473684210525,24.0,0.0,1.0,0.0,0.006578947368421045,0.0,25.3,986.5,3.4,6.8,58,0.0,309
2024-06-20 15:50:00,26,0.17105263157894737,0.0,0.0,0,0,0.0,26,0,0.39982131280397115,339.170,0.0,0.17105263157894737,1,108,3.0,0,0,1,0,0,1,0,0,0,0,0,0,0,0,0,0,0,0,0,0,0,0,0,1,0,0,0,0,0,0,0.07830427709355725,0.2313501958265879,0.7169418695587791,0.04951556604879048,0.5602683401276616,0.0036455629509730136,0,0,0.0,0.15789473684210525,24.0,0.0,0.0,0.0,0.0,0.0,25.1,986.5,2.8,6.4,59,0.0,0
2024-06-20 15:55:00,26,0.17105263157894737,0.0,0.0,0,0,0.0,26,0,0.39982131280397115,339.170,0.0,0.17105263157894737,1,108,3.0,0,0,1,0,0,1,0,0,0,0,0,0,0,0,0,0,0,0,0,0,0,0,0,1,0,0,0,0,0,0,0.0725440646635267,0.24061337091973928,0.7169418695587791,0.04951556604879048,0.5602683401276616,0.0036455629509730136,0,0,0.0,0.15789473684210525,24.0,0.0,0.0,0.0,0.0,0.0,25.1,986.5,2.8,6.4,59,0.0,0
2024-06-20 16:00:00,26,0.17105263157894737,0.0,0.0,0,0,0.0,26,0,0.39982131280397115,339.170,0.0,0.17105263157894737,1,108,3.0,0,0,1,0,0,1,0,0,0,0,0,0,0,0,0,0,0,0,0,0,0,0,0,1,0,0,0,0,0,0,0.06698729810778081,0.24999999999999978,0.7169418695587791,0.04951556604879048,0.5602683401276616,0.0036455629509730136,0,0,0.0,0.15789473684210525,24.0,0.0,0.0,0.0,0.0,0.0,25.0,986.3,2.4,6.0,60,0.0,0
2024-06-20 16:05:00,26,0.17105263157894737,0.0,0.0,0,0,0.0,26,0,0.39982131280397115,339.170,0.0,0.17105263157894737,1,108,3.0,0,0,1,0,0,1,0,0,0,0,0,0,0,0,0,0,0,0,0,0,0,0,0,1,0,0,0,0,0,0,0.061636622146246156,0.25950561554030616,0.7169418695587791,0.04951556604879048,0.5602683401276616,0.0036455629509730136,0,0,0.0,0.15789473684210525,24.0,0.0,0.0,0.0,0.0,0.0,25.0,986.3,2.4,6.0,60,0.0,0
2024-06-20 16:10:00,25,0.16447368421052633,-1.0,-0.006578947368421045,0,0,0.0,26,0,0.39982131280397115,339.170,0.0,0.17105263157894737,1,108,3.0,0,0,1,0,0,1,0,0,0,0,0,0,0,0,0,0,0,0,0,0,0,0,0,1,0,0,0,0,0,0,0.05649458341088909,0.2691256933824832,0.7169418695587791,0.04951556604879048,0.5602683401276616,0.0036455629509730136,0,0,0.0,0.1513157894736842,23.0,0.0,-1.0,0.0,-0.006578947368421045,0.0,25.0,985.8,1.4,5.5,61,0.0,0
2024-06-20 16:15:00,26,0.17105263157894737,1.0,0.006578947368421045,0,0,0.0,26,0,0.39982131280397115,339.170,0.0,0.17105263157894737,1,108,3.0,0,0,1,0,0,1,0,0,0,0,0,0,0,0,0,0,0,0,0,0,0,0,0,1,0,0,0,0,0,0,0.05156362923365587,0.27885565489049935,0.7169418695587791,0.04951556604879048,0.5602683401276616,0.0036455629509730136,0,0,0.0,0.15789473684210525,24.0,0.0,1.0,0.0,0.006578947368421045,0.0,25.0,985.8,1.4,5.5,61,0.0,0
2024-06-20 16:20:00,26,0.17105263157894737,0.0,0.0,0,0,0.0,26,0,0.39982131280397115,339.170,0.0,0.17105263157894737,1,108,3.0,0,0,1,0,0,1,0,0,0,0,0,0,0,0,0,0,0,0,0,0,0,0,0,1,0,0,0,0,0,0,0.04684610648167514,0.28869086912965003,0.7169418695587791,0.04951556604879048,0.5602683401276616,0.0036455629509730136,0,0,0.0,0.16447368421052633,25.0,0.0,1.0,0.0,0.006578947368421073,0.0,24.9,986.2,1.5,4.8,61,0.0,0
2024-06-20 16:25:00,26,0.17105263157894737,0.0,0.0,0,0,0.0,26,0,0.39982131280397115,339.170,0.0,0.17105263157894737,1,108,3.0,0,0,1,0,0,1,0,0,0,0,0,0,0,0,0,0,0,0,0,0,0,0,0,1,0,0,0,0,0,0,0.04234426044027645,0.29862665507063135,0.7169418695587791,0.04951556604879048,0.5602683401276616,0.0036455629509730136,0,0,0.0,0.16447368421052633,25.0,0.0,0.0,0.0,0.0,0.0,24.9,986.2,1.5,4.8,61,0.0,0
2024-06-20 16:30:00,26,0.17105263157894737,0.0,0.0,0,0,0.0,26,0,0.39982131280397115,339.170,0.0,0.17105263157894737,1,108,3.0,0,0,1,0,0,1,0,0,0,0,0,0,0,0,0,0,0,0,0,0,0,0,0,1,0,0,0,0,0,0,0.03806023374435674,0.30865828381745486,0.7169418695587791,0.04951556604879048,0.5602683401276616,0.0036455629509730136,0,0,0.0,0.16447368421052633,25.0,0.0,0.0,0.0,0.0,0.0,24.8,986.4,2.1,6.0,61,0.0,0
2024-06-20 16:35:00,26,0.17105263157894737,0.0,0.0,0,0,0.0,26,0,0.39982131280397115,339.170,0.0,0.17105263157894737,1,108,3.0,0,0,1,0,0,1,0,0,0,0,0,0,0,0,0,0,0,0,0,0,0,0,0,1,0,0,0,0,0,0,0.03399606535860078,0.3187809808581491,0.7169418695587791,0.04951556604879048,0.5602683401276616,0.0036455629509730136,0,0,0.0,0.16447368421052633,25.0,0.0,0.0,0.0,0.0,0.0,24.8,986.4,2.1,6.0,61,0.0,0
2024-06-20 16:40:00,26,0.17105263157894737,0.0,0.0,0,0,0.0,26,0,0.39982131280397115,339.170,0.0,0.17105263157894737,1,108,3.0,0,0,1,0,0,1,0,0,0,0,0,0,0,0,0,0,0,0,0,0,0,0,0,1,0,0,0,0,0,0,0.030153689607045786,0.3289899283371657,0.7169418695587791,0.04951556604879048,0.5602683401276616,0.0036455629509730136,0,0,0.0,0.13815789473684212,21.0,0.0,-4.0,0.0,-0.02631578947368421,0.0,24.7,986.0,0.8,4.3,62,0.0,0
2024-06-20 16:45:00,25,0.16447368421052633,-1.0,-0.006578947368421045,0,0,0.0,26,0,0.39982131280397115,339.170,0.0,0.17105263157894737,1,108,3.0,0,0,1,0,0,1,0,0,0,0,0,0,0,0,0,0,0,0,0,0,0,0,0,1,0,0,0,0,0,0,0.02653493525244721,0.3392802673484191,0.7169418695587791,0.04951556604879048,0.5602683401276616,0.0036455629509730136,0,0,0.0,0.006578947368421052,1.0,0.0,-20.0,0.0,-0.13157894736842107,0.0,24.7,986.0,0.8,4.3,62,0.0,0
2024-06-20 16:50:00,25,0.16447368421052633,0.0,0.0,0,0,0.0,26,0,0.39982131280397115,339.170,0.0,0.17105263157894737,1,108,3.0,0,0,1,0,0,1,0,0,0,0,0,0,0,0,0,0,0,0,0,0,0,0,0,1,0,0,0,0,0,0,0.023141524625886645,0.3496471002478631,0.7169418695587791,0.04951556604879048,0.5602683401276616,0.0036455629509730136,0,0,0.0,0.0,0.0,0.0,-1.0,0.0,-0.006578947368421052,0.0,24.5,985.6,2.1,4.2,63,0.0,0
2024-06-20 16:55:00,25,0.16447368421052633,0.0,0.0,0,0,0.0,26,0,0.39982131280397115,339.170,0.0,0.17105263157894737,1,108,3.0,0,0,1,0,0,1,0,0,0,0,0,0,0,0,0,0,0,0,0,0,0,0,0,1,0,0,0,0,0,0,0.0199750728070357,0.3600854929845038,0.7169418695587791,0.04951556604879048,0.5602683401276616,0.0036455629509730136,0,0,0.0,0.0,0.0,0.0,0.0,0.0,0.0,0.0,24.5,985.6,2.1,4.2,63,0.0,0
2024-06-20 17:00:00,10,0.06578947368421052,-15.0,-0.0986842105263158,0,0,0.0,26,0,0.39982131280397115,339.170,0.0,0.17105263157894737,1,108,3.0,0,0,1,0,0,1,0,0,0,0,0,0,0,0,0,0,0,0,0,0,0,0,0,1,0,0,0,0,0,0,0.017037086855465844,0.3705904774487397,0.7169418695587791,0.04951556604879048,0.5602683401276616,0.0036455629509730136,0,0,0.0,0.0,0.0,0.0,0.0,0.0,0.0,0.0,24.5,986.2,2.0,4.6,62,0.0,0
2024-06-20 17:05:00,0,0.0,-10.0,-0.06578947368421052,0,0,0.6666666666666666,0,0,0.0,,0.0,0.0,0,0,0.0,0,0,0,0,0,0,0,0,0,0,0,0,0,0,0,0,0,0,0,0,0,0,0,0,0,0,0,0,0,0,0.014328965093369339,0.3811570538369133,0.7169418695587791,0.04951556604879048,0.5602683401276616,0.0036455629509730136,0,0,0.0,0.0,0.0,0.0,0.0,0.0,0.0,0.0,24.5,986.2,2.0,4.6,62,0.0,0
2024-06-20 17:10:00,0,0.0,0.0,0.0,0,0,0.3333333333333333,0,0,0.0,,0.0,0.0,0,0,0.0,0,0,0,0,0,0,0,0,0,0,0,0,0,0,0,0,0,0,0,0,0,0,0,0,0,0,0,0,0,0,0.011851996440033319,0.3917801930309486,0.7169418695587791,0.04951556604879048,0.5602683401276616,0.0036455629509730136,0,0,0.0,0.0,0.0,0.0,0.0,0.0,0.0,0.0,24.5,986.0,0.9,2.8,63,0.0,0
2024-06-20 17:15:00,0,0.0,0.0,0.0,0,0,0.0,0,0,0.0,,0.0,0.0,0,0,0.0,0,0,0,0,0,0,0,0,0,0,0,0,0,0,0,0,0,0,0,0,0,0,0,0,0,0,0,0,0,0,0.00960735979838484,0.4024548389919357,0.7169418695587791,0.04951556604879048,0.5602683401276616,0.0036455629509730136,0,0,0.0,0.0,0.0,0.0,0.0,0.0,0.0,0.0,24.5,986.0,0.9,2.8,63,0.0,0
2024-06-20 17:20:00,0,0.0,0.0,0.0,0,0,0.0,0,0,0.0,,0.0,0.0,0,0,0.0,0,0,0,0,0,0,0,0,0,0,0,0,0,0,0,0,0,0,0,0,0,0,0,0,0,0,0,0,0,0,0.00759612349389599,0.41317591116653485,0.7169418695587791,0.04951556604879048,0.5602683401276616,0.0036455629509730136,0,0,0.0,0.0,0.0,0.0,0.0,0.0,0.0,0.0,24.3,986.7,0.6,2.7,64,0.0,0
2024-06-20 17:25:00,0,0.0,0.0,0.0,0,0,0.0,0,0,0.0,,0.0,0.0,0,0,0.0,0,0,0,0,0,0,0,0,0,0,0,0,0,0,0,0,0,0,0,0,0,0,0,0,0,0,0,0,0,0,0.005819244766119613,0.42393830690504186,0.7169418695587791,0.04951556604879048,0.5602683401276616,0.0036455629509730136,0,0,0.0,0.0,0.0,0.0,0.0,0.0,0.0,0.0,24.3,986.7,0.6,2.7,64,0.0,0
2024-06-20 17:30:00,0,0.0,0.0,0.0,0,0,0.0,0,0,0.0,,0.0,0.0,0,0,0.0,0,0,0,0,0,0,0,0,0,0,0,0,0,0,0,0,0,0,0,0,0,0,0,0,0,0,0,0,0,0,0.004277569313094809,0.4347369038899742,0.7169418695587791,0.04951556604879048,0.5602683401276616,0.0036455629509730136,0,0,0.0,0.0,0.0,0.0,0.0,0.0,0.0,0.0,24.3,986.8,1.5,3.1,64,0.0,0
2024-06-20 17:35:00,0,0.0,0.0,0.0,0,0,0.0,0,0,0.0,,0.0,0.0,0,0,0.0,0,0,0,0,0,0,0,0,0,0,0,0,0,0,0,0,0,0,0,0,0,0,0,0,0,0,0,0,0,0,0.0029718308888402323,0.44556656257401744,0.7169418695587791,0.04951556604879048,0.5602683401276616,0.0036455629509730136,0,0,0.0,0.0,0.0,0.0,0.0,0.0,0.0,0.0,24.3,986.8,1.5,3.1,64,0.0,0
2024-06-20 17:40:00,0,0.0,0.0,0.0,0,0,0.0,0,0,0.0,,0.0,0.0,0,0,0.0,0,0,0,0,0,0,0,0,0,0,0,0,0,0,0,0,0,0,0,0,0,0,0,0,0,0,0,0,0,0,0.0019026509541272274,0.4564221286261709,0.7169418695587791,0.04951556604879048,0.5602683401276616,0.0036455629509730136,0,0,0.0,0.0,0.0,0.0,0.0,0.0,0.0,0.0,24.2,986.9,2.4,4.5,64,0.0,0
2024-06-20 17:45:00,0,0.0,0.0,0.0,0,0,0.0,0,0,0.0,,0.0,0.0,0,0,0.0,0,0,0,0,0,0,0,0,0,0,0,0,0,0,0,0,0,0,0,0,0,0,0,0,0,0,0,0,0,0,0.0010705383806982605,0.46729843538492866,0.7169418695587791,0.04951556604879048,0.5602683401276616,0.0036455629509730136,0,0,0.0,0.0,0.0,0.0,0.0,0.0,0.0,0.0,24.2,986.9,2.4,4.5,64,0.0,0
2024-06-20 17:50:00,0,0.0,0.0,0.0,0,0,0.0,0,0,0.0,,0.0,0.0,0,0,0.0,0,0,0,0,0,0,0,0,0,0,0,0,0,0,0,0,0,0,0,0,0,0,0,0,0,0,0,0,0,0,0.0004758892090711564,0.4781903063173315,0.7169418695587791,0.04951556604879048,0.5602683401276616,0.0036455629509730136,0,0,0.0,0.0,0.0,0.0,0.0,0.0,0.0,0.0,24.3,986.9,0.9,2.3,63,0.0,0
2024-06-20 17:55:00,0,0.0,0.0,0.0,0,0,0.0,0,0,0.0,,0.0,0.0,0,0,0.0,0,0,0,0,0,0,0,0,0,0,0,0,0,0,0,0,0,0,0,0,0,0,0,0,0,0,0,0,0,0,0.00011898646004543378,0.48909255748271957,0.7169418695587791,0.04951556604879048,0.5602683401276616,0.0036455629509730136,0,0,0.0,0.0,0.0,0.0,0.0,0.0,0.0,0.0,24.3,986.9,0.9,2.3,63,0.0,0
2024-06-20 18:00:00,0,0.0,0.0,0.0,0,0,0.0,0,0,0.0,,0.0,0.0,0,0,0.0,0,0,0,0,0,0,0,0,0,0,0,0,0,0,0,0,0,0,0,0,0,0,0,0,0,0,0,0,0,0,0.0,0.4999999999999999,0.7169418695587791,0.04951556604879048,0.5602683401276616,0.0036455629509730136,0,0,0.0,0.0,0.0,0.0,0.0,0.0,0.0,0.0,24.1,987.0,1.2,3.6,65,0.0,0
2024-06-20 18:05:00,0,0.0,0.0,0.0,0,0,0.0,0,0,0.0,,0.0,0.0,0,0,0.0,0,0,0,0,0,0,0,0,0,0,0,0,0,0,0,0,0,0,0,0,0,0,0,0,0,0,0,0,0,0,0.00011898646004543378,0.5109074425172803,0.7169418695587791,0.04951556604879048,0.5602683401276616,0.0036455629509730136,0,0,0.0,0.0,0.0,0.0,0.0,0.0,0.0,0.0,24.1,987.0,1.2,3.6,65,0.0,0
2024-06-20 18:10:00,0,0.0,0.0,0.0,0,0,0.0,0,0,0.0,,0.0,0.0,0,0,0.0,0,0,0,0,0,0,0,0,0,0,0,0,0,0,0,0,0,0,0,0,0,0,0,0,0,0,0,0,0,0,0.0004758892090711564,0.5218096936826683,0.7169418695587791,0.04951556604879048,0.5602683401276616,0.0036455629509730136,0,0,0.0,0.0,0.0,0.0,0.0,0.0,0.0,0.0,23.8,986.8,1.5,5.2,66,0.0,0
2024-06-20 18:15:00,0,0.0,0.0,0.0,0,0,0.0,0,0,0.0,,0.0,0.0,0,0,0.0,0,0,0,0,0,0,0,0,0,0,0,0,0,0,0,0,0,0,0,0,0,0,0,0,0,0,0,0,0,0,0.001070538380698205,0.5327015646150712,0.7169418695587791,0.04951556604879048,0.5602683401276616,0.0036455629509730136,0,0,0.0,0.0,0.0,0.0,0.0,0.0,0.0,0.0,23.8,986.8,1.5,5.2,66,0.0,0
2024-06-20 18:20:00,0,0.0,0.0,0.0,0,0,0.0,0,0,0.0,,0.0,0.0,0,0,0.0,0,0,0,0,0,0,0,0,0,0,0,0,0,0,0,0,0,0,0,0,0,0,0,0,0,0,0,0,0,0,0.0019026509541272274,0.543577871373829,0.7169418695587791,0.04951556604879048,0.5602683401276616,0.0036455629509730136,0,0,0.0,0.0,0.0,0.0,0.0,0.0,0.0,0.0,23.6,987.0,1.0,3.1,67,0.0,0
2024-06-20 18:25:00,0,0.0,0.0,0.0,0,0,0.0,0,0,0.0,,0.0,0.0,0,0,0.0,0,0,0,0,0,0,0,0,0,0,0,0,0,0,0,0,0,0,0,0,0,0,0,0,0,0,0,0,0,0,0.0029718308888401768,0.5544334374259824,0.7169418695587791,0.04951556604879048,0.5602683401276616,0.0036455629509730136,0,0,0.0,0.0,0.0,0.0,0.0,0.0,0.0,0.0,23.6,987.0,1.0,3.1,67,0.0,0
2024-06-20 18:30:00,0,0.0,0.0,0.0,0,0,0.0,0,0,0.0,,0.0,0.0,0,0,0.0,0,0,0,0,0,0,0,0,0,0,0,0,0,0,0,0,0,0,0,0,0,0,0,0,0,0,0,0,0,0,0.004277569313094753,0.5652630961100257,0.7169418695587791,0.04951556604879048,0.5602683401276616,0.0036455629509730136,0,0,0.0,0.0,0.0,0.0,0.0,0.0,0.0,0.0,23.3,986.9,1.3,4.2,68,0.0,0
2024-06-20 18:35:00,0,0.0,0.0,0.0,0,0,0.0,0,0,0.0,,0.0,0.0,0,0,0.0,0,0,0,0,0,0,0,0,0,0,0,0,0,0,0,0,0,0,0,0,0,0,0,0,0,0,0,0,0,0,0.005819244766119558,0.5760616930949579,0.7169418695587791,0.04951556604879048,0.5602683401276616,0.0036455629509730136,0,0,0.0,0.0,0.0,0.0,0.0,0.0,0.0,0.0,23.3,986.9,1.3,4.2,68,0.0,0
2024-06-20 18:40:00,0,0.0,0.0,0.0,0,0,0.0,0,0,0.0,,0.0,0.0,0,0,0.0,0,0,0,0,0,0,0,0,0,0,0,0,0,0,0,0,0,0,0,0,0,0,0,0,0,0,0,0,0,0,0.007596123493895934,0.586824088833465,0.7169418695587791,0.04951556604879048,0.5602683401276616,0.0036455629509730136,0,0,0.0,0.0,0.0,0.0,0.0,0.0,0.0,0.0,23.3,986.9,1.2,3.0,68,0.0,0
2024-06-20 18:45:00,0,0.0,0.0,0.0,0,0,0.0,0,0,0.0,,0.0,0.0,0,0,0.0,0,0,0,0,0,0,0,0,0,0,0,0,0,0,0,0,0,0,0,0,0,0,0,0,0,0,0,0,0,0,0.009607359798384785,0.5975451610080642,0.7169418695587791,0.04951556604879048,0.5602683401276616,0.0036455629509730136,0,0,0.0,0.0,0.0,0.0,0.0,0.0,0.0,0.0,23.3,986.9,1.2,3.0,68,0.0,0
2024-06-20 18:50:00,0,0.0,0.0,0.0,0,0,0.0,0,0,0.0,,0.0,0.0,0,0,0.0,0,0,0,0,0,0,0,0,0,0,0,0,0,0,0,0,0,0,0,0,0,0,0,0,0,0,0,0,0,0,0.011851996440033263,0.6082198069690512,0.7169418695587791,0.04951556604879048,0.5602683401276616,0.0036455629509730136,0,0,0.0,0.0,0.0,0.0,0.0,0.0,0.0,0.0,23.0,987.3,1.7,3.0,69,0.0,0
2024-06-20 18:55:00,0,0.0,0.0,0.0,0,0,0.0,0,0,0.0,,0.0,0.0,0,0,0.0,0,0,0,0,0,0,0,0,0,0,0,0,0,0,0,0,0,0,0,0,0,0,0,0,0,0,0,0,0,0,0.014328965093369284,0.6188429461630865,0.7169418695587791,0.04951556604879048,0.5602683401276616,0.0036455629509730136,0,0,0.0,0.0,0.0,0.0,0.0,0.0,0.0,0.0,23.0,987.3,1.7,3.0,69,0.0,0
2024-06-20 19:00:00,0,0.0,0.0,0.0,0,0,0.0,0,0,0.0,,0.0,0.0,0,0,0.0,0,0,0,0,0,0,0,0,0,0,0,0,0,0,0,0,0,0,0,0,0,0,0,0,0,0,0,0,0,0,0.01703708685546579,0.6294095225512601,0.7169418695587791,0.04951556604879048,0.5602683401276616,0.0036455629509730136,0,0,0.0,0.0,0.0,0.0,0.0,0.0,0.0,0.0,22.9,987.3,0.8,2.9,69,0.0,0
2024-06-20 19:05:00,0,0.0,0.0,0.0,0,0,0.0,0,0,0.0,,0.0,0.0,0,0,0.0,0,0,0,0,0,0,0,0,0,0,0,0,0,0,0,0,0,0,0,0,0,0,0,0,0,0,0,0,0,0,0.019975072807035643,0.639914507015496,0.7169418695587791,0.04951556604879048,0.5602683401276616,0.0036455629509730136,0,0,0.0,0.0,0.0,0.0,0.0,0.0,0.0,0.0,22.9,987.3,0.8,2.9,69,0.0,0
2024-06-20 19:10:00,0,0.0,0.0,0.0,0,0,0.0,0,0,0.0,,0.0,0.0,0,0,0.0,0,0,0,0,0,0,0,0,0,0,0,0,0,0,0,0,0,0,0,0,0,0,0,0,0,0,0,0,0,0,0.02314152462588659,0.6503528997521367,0.7169418695587791,0.04951556604879048,0.5602683401276616,0.0036455629509730136,0,0,0.0,0.0,0.0,0.0,0.0,0.0,0.0,0.0,22.7,987.4,1.6,2.8,71,0.0,0
2024-06-20 19:15:00,0,0.0,0.0,0.0,0,0,0.0,0,0,0.0,,0.0,0.0,0,0,0.0,0,0,0,0,0,0,0,0,0,0,0,0,0,0,0,0,0,0,0,0,0,0,0,0,0,0,0,0,0,0,0.026534935252447156,0.6607197326515808,0.7169418695587791,0.04951556604879048,0.5602683401276616,0.0036455629509730136,0,0,0.0,0.0,0.0,0.0,0.0,0.0,0.0,0.0,22.7,987.4,1.6,2.8,71,0.0,0
2024-06-20 19:20:00,0,0.0,0.0,0.0,0,0,0.0,0,0,0.0,,0.0,0.0,0,0,0.0,0,0,0,0,0,0,0,0,0,0,0,0,0,0,0,0,0,0,0,0,0,0,0,0,0,0,0,0,0,0,0.03015368960704573,0.6710100716628341,0.7169418695587791,0.04951556604879048,0.5602683401276616,0.0036455629509730136,0,0,0.0,0.0,0.0,0.0,0.0,0.0,0.0,0.0,22.5,987.6,1.4,2.9,71,0.0,0
2024-06-20 19:25:00,0,0.0,0.0,0.0,0,0,0.0,0,0,0.0,,0.0,0.0,0,0,0.0,0,0,0,0,0,0,0,0,0,0,0,0,0,0,0,0,0,0,0,0,0,0,0,0,0,0,0,0,0,0,0.033996065358600724,0.6812190191418508,0.7169418695587791,0.04951556604879048,0.5602683401276616,0.0036455629509730136,0,0,0.0,0.0,0.0,0.0,0.0,0.0,0.0,0.0,22.5,987.6,1.4,2.9,71,0.0,0
2024-06-20 19:30:00,0,0.0,0.0,0.0,0,0,0.0,0,0,0.0,,0.0,0.0,0,0,0.0,0,0,0,0,0,0,0,0,0,0,0,0,0,0,0,0,0,0,0,0,0,0,0,0,0,0,0,0,0,0,0.038060233744356686,0.691341716182545,0.7169418695587791,0.04951556604879048,0.5602683401276616,0.0036455629509730136,0,0,0.0,0.0,0.0,0.0,0.0,0.0,0.0,0.0,22.3,987.8,1.0,3.3,72,0.0,0
2024-06-20 19:35:00,0,0.0,0.0,0.0,0,0,0.0,0,0,0.0,,0.0,0.0,0,0,0.0,0,0,0,0,0,0,0,0,0,0,0,0,0,0,0,0,0,0,0,0,0,0,0,0,0,0,0,0,0,0,0.04234426044027639,0.7013733449293685,0.7169418695587791,0.04951556604879048,0.5602683401276616,0.0036455629509730136,0,0,0.0,0.0,0.0,0.0,0.0,0.0,0.0,0.0,22.3,987.8,1.0,3.3,72,0.0,0
2024-06-20 19:40:00,0,0.0,0.0,0.0,0,0,0.0,0,0,0.0,,0.0,0.0,0,0,0.0,0,0,0,0,0,0,0,0,0,0,0,0,0,0,0,0,0,0,0,0,0,0,0,0,0,0,0,0,0,0,0.04684610648167503,0.7113091308703499,0.7169418695587791,0.04951556604879048,0.5602683401276616,0.0036455629509730136,0,0,0.0,0.0,0.0,0.0,0.0,0.0,0.0,0.0,22.1,987.9,1.1,2.4,73,0.0,0
2024-06-20 19:45:00,0,0.0,0.0,0.0,0,0,0.0,0,0,0.0,,0.0,0.0,0,0,0.0,0,0,0,0,0,0,0,0,0,0,0,0,0,0,0,0,0,0,0,0,0,0,0,0,0,0,0,0,0,0,0.05156362923365576,0.7211443451095005,0.7169418695587791,0.04951556604879048,0.5602683401276616,0.0036455629509730136,0,0,0.0,0.0,0.0,0.0,0.0,0.0,0.0,0.0,22.1,987.9,1.1,2.4,73,0.0,0
2024-06-20 19:50:00,0,0.0,0.0,0.0,0,0,0.0,0,0,0.0,,0.0,0.0,0,0,0.0,0,0,0,0,0,0,0,0,0,0,0,0,0,0,0,0,0,0,0,0,0,0,0,0,0,0,0,0,0,0,0.05649458341088898,0.7308743066175166,0.7169418695587791,0.04951556604879048,0.5602683401276616,0.0036455629509730136,0,0,0.0,0.0,0.0,0.0,0.0,0.0,0.0,0.0,22.0,987.9,0.8,2.2,73,0.0,0
2024-06-20 19:55:00,0,0.0,0.0,0.0,0,0,0.0,0,0,0.0,,0.0,0.0,0,0,0.0,0,0,0,0,0,0,0,0,0,0,0,0,0,0,0,0,0,0,0,0,0,0,0,0,0,0,0,0,0,0,0.061636622146246045,0.7404943844596936,0.7169418695587791,0.04951556604879048,0.5602683401276616,0.0036455629509730136,0,0,0.0,0.0,0.0,0.0,0.0,0.0,0.0,0.0,22.0,987.9,0.8,2.2,73,0.0,0
2024-06-20 20:00:00,0,0.0,0.0,0.0,0,0,0.0,0,0,0.0,,0.0,0.0,0,0,0.0,0,0,0,0,0,0,0,0,0,0,0,0,0,0,0,0,0,0,0,0,0,0,0,0,0,0,0,0,0,0,0.0669872981077807,0.75,0.7169418695587791,0.04951556604879048,0.5602683401276616,0.0036455629509730136,0,0,0.0,0.0,0.0,0.0,0.0,0.0,0.0,0.0,21.7,987.8,0.3,1.0,74,0.0,0
2024-06-20 20:05:00,0,0.0,0.0,0.0,0,0,0.0,0,0,0.0,,0.0,0.0,0,0,0.0,0,0,0,0,0,0,0,0,0,0,0,0,0,0,0,0,0,0,0,0,0,0,0,0,0,0,0,0,0,0,0.07254406466352659,0.7593866290802606,0.7169418695587791,0.04951556604879048,0.5602683401276616,0.0036455629509730136,0,0,0.0,0.0,0.0,0.0,0.0,0.0,0.0,0.0,21.7,987.8,0.3,1.0,74,0.0,0
2024-06-20 20:10:00,0,0.0,0.0,0.0,0,0,0.0,0,0,0.0,,0.0,0.0,0,0,0.0,0,0,0,0,0,0,0,0,0,0,0,0,0,0,0,0,0,0,0,0,0,0,0,0,0,0,0,0,0,0,0.07830427709355714,0.768649804173412,0.7169418695587791,0.04951556604879048,0.5602683401276616,0.0036455629509730136,0,0,0.0,0.0,0.0,0.0,0.0,0.0,0.0,0.0,21.6,987.8,0.6,1.3,75,0.0,0
2024-06-20 20:15:00,0,0.0,0.0,0.0,0,0,0.0,0,0,0.0,,0.0,0.0,0,0,0.0,0,0,0,0,0,0,0,0,0,0,0,0,0,0,0,0,0,0,0,0,0,0,0,0,0,0,0,0,0,0,0.08426519384872727,0.7777851165098009,0.7169418695587791,0.04951556604879048,0.5602683401276616,0.0036455629509730136,0,0,0.0,0.0,0.0,0.0,0.0,0.0,0.0,0.0,21.6,987.8,0.6,1.3,75,0.0,0
2024-06-20 20:20:00,0,0.0,0.0,0.0,0,0,0.0,0,0,0.0,,0.0,0.0,0,0,0.0,0,0,0,0,0,0,0,0,0,0,0,0,0,0,0,0,0,0,0,0,0,0,0,0,0,0,0,0,0,0,0.0904239778555041,0.786788218175523,0.7169418695587791,0.04951556604879048,0.5602683401276616,0.0036455629509730136,0,0,0.0,0.0,0.0,0.0,0.0,0.0,0.0,0.0,21.4,987.6,1.2,2.6,76,0.0,0
2024-06-20 20:25:00,0,0.0,0.0,0.0,0,0,0.0,0,0,0.0,,0.0,0.0,0,0,0.0,0,0,0,0,0,0,0,0,0,0,0,0,0,0,0,0,0,0,0,0,0,0,0,0,0,0,0,0,0,0,0.09677769786625884,0.7956548241817913,0.7169418695587791,0.04951556604879048,0.5602683401276616,0.0036455629509730136,0,0,0.0,0.0,0.0,0.0,0.0,0.0,0.0,0.0,21.4,987.6,1.2,2.6,76,0.0,0
2024-06-20 20:30:00,0,0.0,0.0,0.0,0,0,0.0,0,0,0.0,,0.0,0.0,0,0,0.0,0,0,0,0,0,0,0,0,0,0,0,0,0,0,0,0,0,0,0,0,0,0,0,0,0,0,0,0,0,0,0.10332332985438242,0.8043807145043602,0.7169418695587791,0.04951556604879048,0.5602683401276616,0.0036455629509730136,0,0,0.0,0.0,0.0,0.0,0.0,0.0,0.0,0.0,21.5,987.7,1.1,2.1,75,0.0,0
2024-06-20 20:35:00,0,0.0,0.0,0.0,0,0,0.0,0,0,0.0,,0.0,0.0,0,0,0.0,0,0,0,0,0,0,0,0,0,0,0,0,0,0,0,0,0,0,0,0,0,0,0,0,0,0,0,0,0,0,0.11005775845355892,0.8129617360920294,0.7169418695587791,0.04951556604879048,0.5602683401276616,0.0036455629509730136,0,0,0.0,0.0,0.0,0.0,0.0,0.0,0.0,0.0,21.5,987.7,1.1,2.1,75,0.0,0
2024-06-20 20:40:00,0,0.0,0.0,0.0,0,0,0.0,0,0,0.0,,0.0,0.0,0,0,0.0,0,0,0,0,0,0,0,0,0,0,0,0,0,0,0,0,0,0,0,0,0,0,0,0,0,0,0,0,0,0,0.11697777844051094,0.8213938048432696,0.7169418695587791,0.04951556604879048,0.5602683401276616,0.0036455629509730136,0,0,0.0,0.0,0.0,0.0,0.0,0.0,0.0,0.0,21.5,987.8,1.2,3.1,76,0.0,0
2024-06-20 20:45:00,0,0.0,0.0,0.0,0,0,0.0,0,0,0.0,,0.0,0.0,0,0,0.0,0,0,0,0,0,0,0,0,0,0,0,0,0,0,0,0,0,0,0,0,0,0,0,0,0,0,0,0,0,0,0.12408009626051142,0.8296729075500345,0.7169418695587791,0.04951556604879048,0.5602683401276616,0.0036455629509730136,0,0,0.0,0.0,0.0,0.0,0.0,0.0,0.0,0.0,21.5,987.8,1.2,3.1,76,0.0,0
2024-06-20 20:50:00,0,0.0,0.0,0.0,0,0,0.0,0,0,0.0,,0.0,0.0,0,0,0.0,0,0,0,0,0,0,0,0,0,0,0,0,0,0,0,0,0,0,0,0,0,0,0,0,0,0,0,0,0,0,0.13136133159493762,0.8377951038078297,0.7169418695587791,0.04951556604879048,0.5602683401276616,0.0036455629509730136,0,0,0.0,0.0,0.0,0.0,0.0,0.0,0.0,0.0,21.2,987.7,0.4,1.9,77,0.0,0
2024-06-20 20:55:00,0,0.0,0.0,0.0,0,0,0.0,0,0,0.0,,0.0,0.0,0,0,0.0,0,0,0,0,0,0,0,0,0,0,0,0,0,0,0,0,0,0,0,0,0,0,0,0,0,0,0,0,0,0,0.1388180189701223,0.8457565278911348,0.7169418695587791,0.04951556604879048,0.5602683401276616,0.0036455629509730136,0,0,0.0,0.0,0.0,0.0,0.0,0.0,0.0,0.0,21.2,987.7,0.4,1.9,77,0.0,0
2024-06-20 21:00:00,0,0.0,0.0,0.0,0,0,0.0,0,0,0.0,,0.0,0.0,0,0,0.0,0,0,0,0,0,0,0,0,0,0,0,0,0,0,0,0,0,0,0,0,0,0,0,0,0,0,0,0,0,0,0.14644660940672616,0.8535533905932737,0.7169418695587791,0.04951556604879048,0.5602683401276616,0.0036455629509730136,0,0,0.0,0.0,0.0,0.0,0.0,0.0,0.0,0.0,21.1,987.7,0.7,1.6,78,0.0,0
2024-06-20 21:05:00,0,0.0,0.0,0.0,0,0,0.0,0,0,0.0,,0.0,0.0,0,0,0.0,0,0,0,0,0,0,0,0,0,0,0,0,0,0,0,0,0,0,0,0,0,0,0,0,0,0,0,0,0,0,0.15424347210886508,0.8611819810298775,0.7169418695587791,0.04951556604879048,0.5602683401276616,0.0036455629509730136,0,0,0.0,0.0,0.0,0.0,0.0,0.0,0.0,0.0,21.1,987.7,0.7,1.6,78,0.0,0
2024-06-20 21:10:00,0,0.0,0.0,0.0,0,0,0.0,0,0,0.0,,0.0,0.0,0,0,0.0,0,0,0,0,0,0,0,0,0,0,0,0,0,0,0,0,0,0,0,0,0,0,0,0,0,0,0,0,0,0,0.1622048961921701,0.8686386684050622,0.7169418695587791,0.04951556604879048,0.5602683401276616,0.0036455629509730136,0,0,0.0,0.0,0.0,0.0,0.0,0.0,0.0,0.0,21.0,987.6,0.4,1.1,78,0.0,0
2024-06-20 21:15:00,0,0.0,0.0,0.0,0,0,0.0,0,0,0.0,,0.0,0.0,0,0,0.0,0,0,0,0,0,0,0,0,0,0,0,0,0,0,0,0,0,0,0,0,0,0,0,0,0,0,0,0,0,0,0.1703270924499653,0.8759199037394885,0.7169418695587791,0.04951556604879048,0.5602683401276616,0.0036455629509730136,0,0,0.0,0.0,0.0,0.0,0.0,0.0,0.0,0.0,21.0,987.6,0.4,1.1,78,0.0,0
2024-06-20 21:20:00,0,0.0,0.0,0.0,0,0,0.0,0,0,0.0,,0.0,0.0,0,0,0.0,0,0,0,0,0,0,0,0,0,0,0,0,0,0,0,0,0,0,0,0,0,0,0,0,0,0,0,0,0,0,0.1786061951567302,0.883022221559489,0.7169418695587791,0.04951556604879048,0.5602683401276616,0.0036455629509730136,0,0,0.0,0.0,0.0,0.0,0.0,0.0,0.0,0.0,20.9,987.5,1.1,2.1,78,0.0,0
2024-06-20 21:25:00,0,0.0,0.0,0.0,0,0,0.0,0,0,0.0,,0.0,0.0,0,0,0.0,0,0,0,0,0,0,0,0,0,0,0,0,0,0,0,0,0,0,0,0,0,0,0,0,0,0,0,0,0,0,0.18703826390797051,0.8899422415464409,0.7169418695587791,0.04951556604879048,0.5602683401276616,0.0036455629509730136,0,0,0.0,0.0,0.0,0.0,0.0,0.0,0.0,0.0,20.9,987.5,1.1,2.1,78,0.0,0
2024-06-20 21:30:00,0,0.0,0.0,0.0,0,0,0.0,0,0,0.0,,0.0,0.0,0,0,0.0,0,0,0,0,0,0,0,0,0,0,0,0,0,0,0,0,0,0,0,0,0,0,0,0,0,0,0,0,0,0,0.19561928549563956,0.8966766701456175,0.7169418695587791,0.04951556604879048,0.5602683401276616,0.0036455629509730136,0,0,0.0,0.0,0.0,0.0,0.0,0.0,0.0,0.0,20.9,987.6,0.8,1.4,78,0.0,0
2024-06-20 21:35:00,0,0.0,0.0,0.0,0,0,0.0,0,0,0.0,,0.0,0.0,0,0,0.0,0,0,0,0,0,0,0,0,0,0,0,0,0,0,0,0,0,0,0,0,0,0,0,0,0,0,0,0,0,0,0.2043451758182085,0.9032223021337411,0.7169418695587791,0.04951556604879048,0.5602683401276616,0.0036455629509730136,0,0,0.0,0.0,0.0,0.0,0.0,0.0,0.0,0.0,20.9,987.6,0.8,1.4,78,0.0,0
2024-06-20 21:40:00,0,0.0,0.0,0.0,0,0,0.0,0,0,0.0,,0.0,0.0,0,0,0.0,0,0,0,0,0,0,0,0,0,0,0,0,0,0,0,0,0,0,0,0,0,0,0,0,0,0,0,0,0,0,0.21321178182447675,0.9095760221444957,0.7169418695587791,0.04951556604879048,0.5602683401276616,0.0036455629509730136,0,0,0.0,0.0,0.0,0.0,0.0,0.0,0.0,0.0,20.6,987.4,0.5,1.2,80,0.0,0
2024-06-20 21:45:00,0,0.0,0.0,0.0,0,0,0.0,0,0,0.0,,0.0,0.0,0,0,0.0,0,0,0,0,0,0,0,0,0,0,0,0,0,0,0,0,0,0,0,0,0,0,0,0,0,0,0,0,0,0,0.2222148834901989,0.9157348061512727,0.7169418695587791,0.04951556604879048,0.5602683401276616,0.0036455629509730136,0,0,0.0,0.0,0.0,0.0,0.0,0.0,0.0,0.0,20.6,987.4,0.5,1.2,80,0.0,0
2024-06-20 21:50:00,0,0.0,0.0,0.0,0,0,0.0,0,0,0.0,,0.0,0.0,0,0,0.0,0,0,0,0,0,0,0,0,0,0,0,0,0,0,0,0,0,0,0,0,0,0,0,0,0,0,0,0,0,0,0.2313501958265879,0.9216957229064427,0.7169418695587791,0.04951556604879048,0.5602683401276616,0.0036455629509730136,0,0,0.0,0.0,0.0,0.0,0.0,0.0,0.0,0.0,20.5,987.6,0.5,1.3,81,0.0,0
2024-06-20 21:55:00,0,0.0,0.0,0.0,0,0,0.0,0,0,0.0,,0.0,0.0,0,0,0.0,0,0,0,0,0,0,0,0,0,0,0,0,0,0,0,0,0,0,0,0,0,0,0,0,0,0,0,0,0,0,0.24061337091973928,0.9274559353364733,0.7169418695587791,0.04951556604879048,0.5602683401276616,0.0036455629509730136,0,0,0.0,0.0,0.0,0.0,0.0,0.0,0.0,0.0,20.5,987.6,0.5,1.3,81,0.0,0
2024-06-20 22:00:00,0,0.0,0.0,0.0,0,0,0.0,0,0,0.0,,0.0,0.0,0,0,0.0,0,0,0,0,0,0,0,0,0,0,0,0,0,0,0,0,0,0,0,0,0,0,0,0,0,0,0,0,0,0,0.24999999999999978,0.9330127018922192,0.7169418695587791,0.04951556604879048,0.5602683401276616,0.0036455629509730136,0,0,0.0,0.0,0.0,0.0,0.0,0.0,0.0,0.0,20.2,987.6,0.6,1.2,82,0.0,0
2024-06-20 22:05:00,0,0.0,0.0,0.0,0,0,0.0,0,0,0.0,,0.0,0.0,0,0,0.0,0,0,0,0,0,0,0,0,0,0,0,0,0,0,0,0,0,0,0,0,0,0,0,0,0,0,0,0,0,0,0.25950561554030616,0.9383633778537539,0.7169418695587791,0.04951556604879048,0.5602683401276616,0.0036455629509730136,0,0,0.0,0.0,0.0,0.0,0.0,0.0,0.0,0.0,20.2,987.6,0.6,1.2,82,0.0,0
2024-06-20 22:10:00,0,0.0,0.0,0.0,0,0,0.0,0,0,0.0,,0.0,0.0,0,0,0.0,0,0,0,0,0,0,0,0,0,0,0,0,0,0,0,0,0,0,0,0,0,0,0,0,0,0,0,0,0,0,0.26912569338248316,0.9435054165891109,0.7169418695587791,0.04951556604879048,0.5602683401276616,0.0036455629509730136,0,0,0.0,0.0,0.0,0.0,0.0,0.0,0.0,0.0,20.1,987.6,0.3,0.8,82,0.0,0
2024-06-20 22:15:00,0,0.0,0.0,0.0,0,0,0.0,0,0,0.0,,0.0,0.0,0,0,0.0,0,0,0,0,0,0,0,0,0,0,0,0,0,0,0,0,0,0,0,0,0,0,0,0,0,0,0,0,0,0,0.2788556548904993,0.9484363707663441,0.7169418695587791,0.04951556604879048,0.5602683401276616,0.0036455629509730136,0,0,0.0,0.0,0.0,0.0,0.0,0.0,0.0,0.0,20.1,987.6,0.3,0.8,82,0.0,0
2024-06-20 22:20:00,0,0.0,0.0,0.0,0,0,0.0,0,0,0.0,,0.0,0.0,0,0,0.0,0,0,0,0,0,0,0,0,0,0,0,0,0,0,0,0,0,0,0,0,0,0,0,0,0,0,0,0,0,0,0.28869086912965003,0.9531538935183248,0.7169418695587791,0.04951556604879048,0.5602683401276616,0.0036455629509730136,0,0,0.0,0.0,0.0,0.0,0.0,0.0,0.0,0.0,20.0,987.6,0.3,0.8,82,0.0,0
2024-06-20 22:25:00,0,0.0,0.0,0.0,0,0,0.0,0,0,0.0,,0.0,0.0,0,0,0.0,0,0,0,0,0,0,0,0,0,0,0,0,0,0,0,0,0,0,0,0,0,0,0,0,0,0,0,0,0,0,0.2986266550706313,0.9576557395597236,0.7169418695587791,0.04951556604879048,0.5602683401276616,0.0036455629509730136,0,0,0.0,0.0,0.0,0.0,0.0,0.0,0.0,0.0,20.0,987.6,0.3,0.8,82,0.0,0
2024-06-20 22:30:00,0,0.0,0.0,0.0,0,0,0.0,0,0,0.0,,0.0,0.0,0,0,0.0,0,0,0,0,0,0,0,0,0,0,0,0,0,0,0,0,0,0,0,0,0,0,0,0,0,0,0,0,0,0,0.3086582838174548,0.9619397662556433,0.7169418695587791,0.04951556604879048,0.5602683401276616,0.0036455629509730136,0,0,0.0,0.0,0.0,0.0,0.0,0.0,0.0,0.0,19.9,987.5,0.2,0.7,83,0.0,0
2024-06-20 22:35:00,0,0.0,0.0,0.0,0,0,0.0,0,0,0.0,,0.0,0.0,0,0,0.0,0,0,0,0,0,0,0,0,0,0,0,0,0,0,0,0,0,0,0,0,0,0,0,0,0,0,0,0,0,0,0.3187809808581491,0.9660039346413992,0.7169418695587791,0.04951556604879048,0.5602683401276616,0.0036455629509730136,0,0,0.0,0.0,0.0,0.0,0.0,0.0,0.0,0.0,19.9,987.5,0.2,0.7,83,0.0,0
2024-06-20 22:40:00,0,0.0,0.0,0.0,0,0,0.0,0,0,0.0,,0.0,0.0,0,0,0.0,0,0,0,0,0,0,0,0,0,0,0,0,0,0,0,0,0,0,0,0,0,0,0,0,0,0,0,0,0,0,0.32898992833716567,0.9698463103929542,0.7169418695587791,0.04951556604879048,0.5602683401276616,0.0036455629509730136,0,0,0.0,0.0,0.0,0.0,0.0,0.0,0.0,0.0,19.8,987.3,0.3,0.9,83,0.0,0
2024-06-20 22:45:00,0,0.0,0.0,0.0,0,0,0.0,0,0,0.0,,0.0,0.0,0,0,0.0,0,0,0,0,0,0,0,0,0,0,0,0,0,0,0,0,0,0,0,0,0,0,0,0,0,0,0,0,0,0,0.3392802673484191,0.9734650647475528,0.7169418695587791,0.04951556604879048,0.5602683401276616,0.0036455629509730136,0,0,0.0,0.0,0.0,0.0,0.0,0.0,0.0,0.0,19.8,987.3,0.3,0.9,83,0.0,0
2024-06-20 22:50:00,0,0.0,0.0,0.0,0,0,0.0,0,0,0.0,,0.0,0.0,0,0,0.0,0,0,0,0,0,0,0,0,0,0,0,0,0,0,0,0,0,0,0,0,0,0,0,0,0,0,0,0,0,0,0.34964710024786305,0.9768584753741134,0.7169418695587791,0.04951556604879048,0.5602683401276616,0.0036455629509730136,0,0,0.0,0.0,0.0,0.0,0.0,0.0,0.0,0.0,19.8,987.3,0.7,1.4,83,0.0,0
2024-06-20 22:55:00,0,0.0,0.0,0.0,0,0,0.0,0,0,0.0,,0.0,0.0,0,0,0.0,0,0,0,0,0,0,0,0,0,0,0,0,0,0,0,0,0,0,0,0,0,0,0,0,0,0,0,0,0,0,0.36008549298450376,0.9800249271929643,0.7169418695587791,0.04951556604879048,0.5602683401276616,0.0036455629509730136,0,0,0.0,0.0,0.0,0.0,0.0,0.0,0.0,0.0,19.8,987.3,0.7,1.4,83,0.0,0
2024-06-20 23:00:00,0,0.0,0.0,0.0,0,0,0.0,0,0,0.0,,0.0,0.0,0,0,0.0,0,0,0,0,0,0,0,0,0,0,0,0,0,0,0,0,0,0,0,0,0,0,0,0,0,0,0,0,0,0,0.37059047744873963,0.9829629131445341,0.7169418695587791,0.04951556604879048,0.5602683401276616,0.0036455629509730136,0,0,0.0,0.0,0.0,0.0,0.0,0.0,0.0,0.0,19.7,987.3,0.8,1.9,83,0.0,0
2024-06-20 23:05:00,0,0.0,0.0,0.0,0,0,0.0,0,0,0.0,,0.0,0.0,0,0,0.0,0,0,0,0,0,0,0,0,0,0,0,0,0,0,0,0,0,0,0,0,0,0,0,0,0,0,0,0,0,0,0.38115705383691323,0.9856710349066307,0.7169418695587791,0.04951556604879048,0.5602683401276616,0.0036455629509730136,0,0,0.0,0.0,0.0,0.0,0.0,0.0,0.0,0.0,19.7,987.3,0.8,1.9,83,0.0,0
2024-06-20 23:10:00,0,0.0,0.0,0.0,0,0,0.0,0,0,0.0,,0.0,0.0,0,0,0.0,0,0,0,0,0,0,0,0,0,0,0,0,0,0,0,0,0,0,0,0,0,0,0,0,0,0,0,0,0,0,0.3917801930309486,0.9881480035599667,0.7169418695587791,0.04951556604879048,0.5602683401276616,0.0036455629509730136,0,0,0.0,0.0,0.0,0.0,0.0,0.0,0.0,0.0,19.7,987.3,0.4,1.3,83,0.0,0
2024-06-20 23:15:00,0,0.0,0.0,0.0,0,0,0.0,0,0,0.0,,0.0,0.0,0,0,0.0,0,0,0,0,0,0,0,0,0,0,0,0,0,0,0,0,0,0,0,0,0,0,0,0,0,0,0,0,0,0,0.4024548389919356,0.9903926402016152,0.7169418695587791,0.04951556604879048,0.5602683401276616,0.0036455629509730136,0,0,0.0,0.0,0.0,0.0,0.0,0.0,0.0,0.0,19.7,987.3,0.4,1.3,83,0.0,0
2024-06-20 23:20:00,0,0.0,0.0,0.0,0,0,0.0,0,0,0.0,,0.0,0.0,0,0,0.0,0,0,0,0,0,0,0,0,0,0,0,0,0,0,0,0,0,0,0,0,0,0,0,0,0,0,0,0,0,0,0.4131759111665348,0.9924038765061041,0.7169418695587791,0.04951556604879048,0.5602683401276616,0.0036455629509730136,0,0,0.0,0.0,0.0,0.0,0.0,0.0,0.0,0.0,19.4,987.1,0.3,0.9,84,0.0,0
2024-06-20 23:25:00,0,0.0,0.0,0.0,0,0,0.0,0,0,0.0,,0.0,0.0,0,0,0.0,0,0,0,0,0,0,0,0,0,0,0,0,0,0,0,0,0,0,0,0,0,0,0,0,0,0,0,0,0,0,0.42393830690504186,0.9941807552338804,0.7169418695587791,0.04951556604879048,0.5602683401276616,0.0036455629509730136,0,0,0.0,0.0,0.0,0.0,0.0,0.0,0.0,0.0,19.4,987.1,0.3,0.9,84,0.0,0
2024-06-20 23:30:00,0,0.0,0.0,0.0,0,0,0.0,0,0,0.0,,0.0,0.0,0,0,0.0,0,0,0,0,0,0,0,0,0,0,0,0,0,0,0,0,0,0,0,0,0,0,0,0,0,0,0,0,0,0,0.43473690388997416,0.9957224306869052,0.7169418695587791,0.04951556604879048,0.5602683401276616,0.0036455629509730136,0,0,0.0,0.0,0.0,0.0,0.0,0.0,0.0,0.0,19.3,986.9,0.0,0.6,84,0.0,0
2024-06-20 23:35:00,0,0.0,0.0,0.0,0,0,0.0,0,0,0.0,,0.0,0.0,0,0,0.0,0,0,0,0,0,0,0,0,0,0,0,0,0,0,0,0,0,0,0,0,0,0,0,0,0,0,0,0,0,0,0.44556656257401744,0.9970281691111598,0.7169418695587791,0.04951556604879048,0.5602683401276616,0.0036455629509730136,0,0,0.0,0.0,0.0,0.0,0.0,0.0,0.0,0.0,19.3,986.9,0.0,0.6,84,0.0,0
2024-06-20 23:40:00,0,0.0,0.0,0.0,0,0,0.0,0,0,0.0,,0.0,0.0,0,0,0.0,0,0,0,0,0,0,0,0,0,0,0,0,0,0,0,0,0,0,0,0,0,0,0,0,0,0,0,0,0,0,0.4564221286261708,0.9980973490458728,0.7169418695587791,0.04951556604879048,0.5602683401276616,0.0036455629509730136,0,0,0.0,0.0,0.0,0.0,0.0,0.0,0.0,0.0,19.3,986.9,0.3,1.0,85,0.0,0
2024-06-20 23:45:00,0,0.0,0.0,0.0,0,0,0.0,0,0,0.0,,0.0,0.0,0,0,0.0,0,0,0,0,0,0,0,0,0,0,0,0,0,0,0,0,0,0,0,0,0,0,0,0,0,0,0,0,0,0,0.4672984353849286,0.9989294616193017,0.7169418695587791,0.04951556604879048,0.5602683401276616,0.0036455629509730136,0,0,0.0,0.0,0.0,0.0,0.0,0.0,0.0,0.0,19.3,986.9,0.3,1.0,85,0.0,0
2024-06-20 23:50:00,0,0.0,0.0,0.0,0,0,0.0,0,0,0.0,,0.0,0.0,0,0,0.0,0,0,0,0,0,0,0,0,0,0,0,0,0,0,0,0,0,0,0,0,0,0,0,0,0,0,0,0,0,0,0.47819030631733145,0.9995241107909288,0.7169418695587791,0.04951556604879048,0.5602683401276616,0.0036455629509730136,0,0,0.0,0.0,0.0,0.0,0.0,0.0,0.0,0.0,19.3,986.9,1.2,2.4,85,0.0,0
2024-06-20 23:55:00,0,0.0,0.0,0.0,0,0,0.0,0,0,0.0,,0.0,0.0,0,0,0.0,0,0,0,0,0,0,0,0,0,0,0,0,0,0,0,0,0,0,0,0,0,0,0,0,0,0,0,0,0,0,0.48909255748271957,0.9998810135399545,0.7169418695587791,0.04951556604879048,0.5602683401276616,0.0036455629509730136,0,0,0.0,0.0,0.0,0.0,0.0,0.0,0.0,0.0,19.3,986.9,1.2,2.4,85,0.0,0
2024-06-21 00:00:00,0,0.0,0.0,0.0,0,0,0.0,0,0,0.0,,0.0,0.0,0,0,0.0,0,0,0,0,0,0,0,0,0,0,0,0,0,0,0,0,0,0,0,0,0,0,0,0,0,0,0,0,0,0,0.5,1.0,0.28305813044122097,0.04951556604879043,0.5602683401276616,0.0036455629509730136,0,0,0.0,0.0,0.0,0.0,0.0,0.0,0.0,0.0,19.3,986.7,0.7,1.8,84,0.0,0
2024-06-21 00:05:00,0,0.0,0.0,0.0,0,0,0.0,0,0,0.0,,0.0,0.0,0,0,0.0,0,0,0,0,0,0,0,0,0,0,0,0,0,0,0,0,0,0,0,0,0,0,0,0,0,0,0,0,0,0,0.5109074425172806,0.9998810135399545,0.28305813044122097,0.04951556604879043,0.5602683401276616,0.0036455629509730136,0,0,0.0,0.0,0.0,0.0,0.0,0.0,0.0,0.0,19.3,986.7,0.7,1.8,84,0.0,0
2024-06-21 00:10:00,0,0.0,0.0,0.0,0,0,0.0,0,0,0.0,,0.0,0.0,0,0,0.0,0,0,0,0,0,0,0,0,0,0,0,0,0,0,0,0,0,0,0,0,0,0,0,0,0,0,0,0,0,0,0.521809693682668,0.999524110790929,0.28305813044122097,0.04951556604879043,0.5602683401276616,0.0036455629509730136,0,0,0.0,0.0,0.0,0.0,0.0,0.0,0.0,0.0,19.3,986.7,0.6,1.5,84,0.0,0
2024-06-21 00:15:00,0,0.0,0.0,0.0,0,0,0.0,0,0,0.0,,0.0,0.0,0,0,0.0,0,0,0,0,0,0,0,0,0,0,0,0,0,0,0,0,0,0,0,0,0,0,0,0,0,0,0,0,0,0,0.5327015646150716,0.9989294616193017,0.28305813044122097,0.04951556604879043,0.5602683401276616,0.0036455629509730136,0,0,0.0,0.0,0.0,0.0,0.0,0.0,0.0,0.0,19.3,986.7,0.6,1.5,84,0.0,0
2024-06-21 00:20:00,0,0.0,0.0,0.0,0,0,0.0,0,0,0.0,,0.0,0.0,0,0,0.0,0,0,0,0,0,0,0,0,0,0,0,0,0,0,0,0,0,0,0,0,0,0,0,0,0,0,0,0,0,0,0.5435778713738291,0.9980973490458728,0.28305813044122097,0.04951556604879043,0.5602683401276616,0.0036455629509730136,0,0,0.0,0.0,0.0,0.0,0.0,0.0,0.0,0.0,19.2,986.7,0.5,1.8,84,0.0,0
2024-06-21 00:25:00,0,0.0,0.0,0.0,0,0,0.0,0,0,0.0,,0.0,0.0,0,0,0.0,0,0,0,0,0,0,0,0,0,0,0,0,0,0,0,0,0,0,0,0,0,0,0,0,0,0,0,0,0,0,0.5544334374259823,0.9970281691111598,0.28305813044122097,0.04951556604879043,0.5602683401276616,0.0036455629509730136,0,0,0.0,0.0,0.0,0.0,0.0,0.0,0.0,0.0,19.2,986.7,0.5,1.8,84,0.0,0
2024-06-21 00:30:00,0,0.0,0.0,0.0,0,0,0.0,0,0,0.0,,0.0,0.0,0,0,0.0,0,0,0,0,0,0,0,0,0,0,0,0,0,0,0,0,0,0,0,0,0,0,0,0,0,0,0,0,0,0,0.5652630961100258,0.9957224306869052,0.28305813044122097,0.04951556604879043,0.5602683401276616,0.0036455629509730136,0,0,0.0,0.0,0.0,0.0,0.0,0.0,0.0,0.0,19.3,986.5,0.7,1.1,84,0.0,0
2024-06-21 00:35:00,0,0.0,0.0,0.0,0,0,0.0,0,0,0.0,,0.0,0.0,0,0,0.0,0,0,0,0,0,0,0,0,0,0,0,0,0,0,0,0,0,0,0,0,0,0,0,0,0,0,0,0,0,0,0.5760616930949584,0.9941807552338804,0.28305813044122097,0.04951556604879043,0.5602683401276616,0.0036455629509730136,0,0,0.0,0.0,0.0,0.0,0.0,0.0,0.0,0.0,19.3,986.5,0.7,1.1,84,0.0,0
2024-06-21 00:40:00,0,0.0,0.0,0.0,0,0,0.0,0,0,0.0,,0.0,0.0,0,0,0.0,0,0,0,0,0,0,0,0,0,0,0,0,0,0,0,0,0,0,0,0,0,0,0,0,0,0,0,0,0,0,0.5868240888334652,0.9924038765061041,0.28305813044122097,0.04951556604879043,0.5602683401276616,0.0036455629509730136,0,0,0.0,0.0,0.0,0.0,0.0,0.0,0.0,0.0,19.3,986.5,1.0,1.9,84,0.0,0
2024-06-21 00:45:00,0,0.0,0.0,0.0,0,0,0.0,0,0,0.0,,0.0,0.0,0,0,0.0,0,0,0,0,0,0,0,0,0,0,0,0,0,0,0,0,0,0,0,0,0,0,0,0,0,0,0,0,0,0,0.5975451610080641,0.9903926402016152,0.28305813044122097,0.04951556604879043,0.5602683401276616,0.0036455629509730136,0,0,0.0,0.0,0.0,0.0,0.0,0.0,0.0,0.0,19.3,986.5,1.0,1.9,84,0.0,0
2024-06-21 00:50:00,0,0.0,0.0,0.0,0,0,0.0,0,0,0.0,,0.0,0.0,0,0,0.0,0,0,0,0,0,0,0,0,0,0,0,0,0,0,0,0,0,0,0,0,0,0,0,0,0,0,0,0,0,0,0.6082198069690514,0.9881480035599667,0.28305813044122097,0.04951556604879043,0.5602683401276616,0.0036455629509730136,0,0,0.0,0.0,0.0,0.0,0.0,0.0,0.0,0.0,19.3,986.5,0.6,1.6,84,0.0,0
2024-06-21 00:55:00,0,0.0,0.0,0.0,0,0,0.0,0,0,0.0,,0.0,0.0,0,0,0.0,0,0,0,0,0,0,0,0,0,0,0,0,0,0,0,0,0,0,0,0,0,0,0,0,0,0,0,0,0,0,0.6188429461630865,0.9856710349066307,0.28305813044122097,0.04951556604879043,0.5602683401276616,0.0036455629509730136,0,0,0.0,0.0,0.0,0.0,0.0,0.0,0.0,0.0,19.3,986.5,0.6,1.6,84,0.0,0
2024-06-21 01:00:00,0,0.0,0.0,0.0,0,0,0.0,0,0,0.0,,0.0,0.0,0,0,0.0,0,0,0,0,0,0,0,0,0,0,0,0,0,0,0,0,0,0,0,0,0,0,0,0,0,0,0,0,0,0,0.6294095225512604,0.9829629131445341,0.28305813044122097,0.04951556604879043,0.5602683401276616,0.0036455629509730136,0,0,0.0,0.0,0.0,0.0,0.0,0.0,0.0,0.0,19.1,986.4,0.3,0.8,85,0.0,0
2024-06-21 01:05:00,0,0.0,0.0,0.0,0,0,0.0,0,0,0.0,,0.0,0.0,0,0,0.0,0,0,0,0,0,0,0,0,0,0,0,0,0,0,0,0,0,0,0,0,0,0,0,0,0,0,0,0,0,0,0.639914507015496,0.9800249271929644,0.28305813044122097,0.04951556604879043,0.5602683401276616,0.0036455629509730136,0,0,0.0,0.0,0.0,0.0,0.0,0.0,0.0,0.0,19.1,986.4,0.3,0.8,85,0.0,0
2024-06-21 01:10:00,0,0.0,0.0,0.0,0,0,0.0,0,0,0.0,,0.0,0.0,0,0,0.0,0,0,0,0,0,0,0,0,0,0,0,0,0,0,0,0,0,0,0,0,0,0,0,0,0,0,0,0,0,0,0.6503528997521366,0.9768584753741134,0.28305813044122097,0.04951556604879043,0.5602683401276616,0.0036455629509730136,0,0,0.0,0.0,0.0,0.0,0.0,0.0,0.0,0.0,19.1,986.4,0.7,1.8,85,0.0,0
2024-06-21 01:15:00,0,0.0,0.0,0.0,0,0,0.0,0,0,0.0,,0.0,0.0,0,0,0.0,0,0,0,0,0,0,0,0,0,0,0,0,0,0,0,0,0,0,0,0,0,0,0,0,0,0,0,0,0,0,0.6607197326515808,0.9734650647475529,0.28305813044122097,0.04951556604879043,0.5602683401276616,0.0036455629509730136,0,0,0.0,0.0,0.0,0.0,0.0,0.0,0.0,0.0,19.1,986.4,0.7,1.8,85,0.0,0
2024-06-21 01:20:00,0,0.0,0.0,0.0,0,0,0.0,0,0,0.0,,0.0,0.0,0,0,0.0,0,0,0,0,0,0,0,0,0,0,0,0,0,0,0,0,0,0,0,0,0,0,0,0,0,0,0,0,0,0,0.6710100716628343,0.9698463103929542,0.28305813044122097,0.04951556604879043,0.5602683401276616,0.0036455629509730136,0,0,0.0,0.0,0.0,0.0,0.0,0.0,0.0,0.0,19.0,986.3,1.2,2.7,85,0.0,0
2024-06-21 01:25:00,0,0.0,0.0,0.0,0,0,0.0,0,0,0.0,,0.0,0.0,0,0,0.0,0,0,0,0,0,0,0,0,0,0,0,0,0,0,0,0,0,0,0,0,0,0,0,0,0,0,0,0,0,0,0.6812190191418508,0.9660039346413993,0.28305813044122097,0.04951556604879043,0.5602683401276616,0.0036455629509730136,0,0,0.0,0.0,0.0,0.0,0.0,0.0,0.0,0.0,19.0,986.3,1.2,2.7,85,0.0,0
2024-06-21 01:30:00,0,0.0,0.0,0.0,0,0,0.0,0,0,0.0,,0.0,0.0,0,0,0.0,0,0,0,0,0,0,0,0,0,0,0,0,0,0,0,0,0,0,0,0,0,0,0,0,0,0,0,0,0,0,0.6913417161825449,0.9619397662556434,0.28305813044122097,0.04951556604879043,0.5602683401276616,0.0036455629509730136,0,0,0.0,0.0,0.0,0.0,0.0,0.0,0.0,0.0,19.2,986.3,1.3,2.3,84,0.0,0
2024-06-21 01:35:00,0,0.0,0.0,0.0,0,0,0.0,0,0,0.0,,0.0,0.0,0,0,0.0,0,0,0,0,0,0,0,0,0,0,0,0,0,0,0,0,0,0,0,0,0,0,0,0,0,0,0,0,0,0,0.7013733449293686,0.9576557395597236,0.28305813044122097,0.04951556604879043,0.5602683401276616,0.0036455629509730136,0,0,0.0,0.0,0.0,0.0,0.0,0.0,0.0,0.0,19.2,986.3,1.3,2.3,84,0.0,0
2024-06-21 01:40:00,0,0.0,0.0,0.0,0,0,0.0,0,0,0.0,,0.0,0.0,0,0,0.0,0,0,0,0,0,0,0,0,0,0,0,0,0,0,0,0,0,0,0,0,0,0,0,0,0,0,0,0,0,0,0.7113091308703496,0.953153893518325,0.28305813044122097,0.04951556604879043,0.5602683401276616,0.0036455629509730136,0,0,0.0,0.0,0.0,0.0,0.0,0.0,0.0,0.0,19.3,986.2,1.5,2.7,83,0.0,0
2024-06-21 01:45:00,0,0.0,0.0,0.0,0,0,0.0,0,0,0.0,,0.0,0.0,0,0,0.0,0,0,0,0,0,0,0,0,0,0,0,0,0,0,0,0,0,0,0,0,0,0,0,0,0,0,0,0,0,0,0.7211443451095007,0.9484363707663441,0.28305813044122097,0.04951556604879043,0.5602683401276616,0.0036455629509730136,0,0,0.0,0.0,0.0,0.0,0.0,0.0,0.0,0.0,19.3,986.2,1.5,2.7,83,0.0,0
2024-06-21 01:50:00,0,0.0,0.0,0.0,0,0,0.0,0,0,0.0,,0.0,0.0,0,0,0.0,0,0,0,0,0,0,0,0,0,0,0,0,0,0,0,0,0,0,0,0,0,0,0,0,0,0,0,0,0,0,0.730874306617517,0.9435054165891108,0.28305813044122097,0.04951556604879043,0.5602683401276616,0.0036455629509730136,0,0,0.0,0.0,0.0,0.0,0.0,0.0,0.0,0.0,19.2,986.2,1.2,2.1,83,0.0,0
2024-06-21 01:55:00,0,0.0,0.0,0.0,0,0,0.0,0,0,0.0,,0.0,0.0,0,0,0.0,0,0,0,0,0,0,0,0,0,0,0,0,0,0,0,0,0,0,0,0,0,0,0,0,0,0,0,0,0,0,0.7404943844596938,0.9383633778537539,0.28305813044122097,0.04951556604879043,0.5602683401276616,0.0036455629509730136,0,0,0.0,0.0,0.0,0.0,0.0,0.0,0.0,0.0,19.2,986.2,1.2,2.1,83,0.0,0
2024-06-21 02:00:00,0,0.0,0.0,0.0,0,0,0.0,0,0,0.0,,0.0,0.0,0,0,0.0,0,0,0,0,0,0,0,0,0,0,0,0,0,0,0,0,0,0,0,0,0,0,0,0,0,0,0,0,0,0,0.75,0.9330127018922194,0.28305813044122097,0.04951556604879043,0.5602683401276616,0.0036455629509730136,0,0,0.0,0.0,0.0,0.0,0.0,0.0,0.0,0.0,19.0,986.0,1.2,2.2,84,0.0,0
2024-06-21 02:05:00,0,0.0,0.0,0.0,0,0,0.0,0,0,0.0,,0.0,0.0,0,0,0.0,0,0,0,0,0,0,0,0,0,0,0,0,0,0,0,0,0,0,0,0,0,0,0,0,0,0,0,0,0,0,0.7593866290802607,0.9274559353364733,0.28305813044122097,0.04951556604879043,0.5602683401276616,0.0036455629509730136,0,0,0.0,0.0,0.0,0.0,0.0,0.0,0.0,0.0,19.0,986.0,1.2,2.2,84,0.0,0
2024-06-21 02:10:00,0,0.0,0.0,0.0,0,0,0.0,0,0,0.0,,0.0,0.0,0,0,0.0,0,0,0,0,0,0,0,0,0,0,0,0,0,0,0,0,0,0,0,0,0,0,0,0,0,0,0,0,0,0,0.768649804173412,0.9216957229064429,0.28305813044122097,0.04951556604879043,0.5602683401276616,0.0036455629509730136,0,0,0.0,0.0,0.0,0.0,0.0,0.0,0.0,0.0,19.2,985.9,1.0,2.3,82,0.0,0
2024-06-21 02:15:00,0,0.0,0.0,0.0,0,0,0.0,0,0,0.0,,0.0,0.0,0,0,0.0,0,0,0,0,0,0,0,0,0,0,0,0,0,0,0,0,0,0,0,0,0,0,0,0,0,0,0,0,0,0,0.7777851165098011,0.9157348061512727,0.28305813044122097,0.04951556604879043,0.5602683401276616,0.0036455629509730136,0,0,0.0,0.0,0.0,0.0,0.0,0.0,0.0,0.0,19.2,985.9,1.0,2.3,82,0.0,0
2024-06-21 02:20:00,0,0.0,0.0,0.0,0,0,0.0,0,0,0.0,,0.0,0.0,0,0,0.0,0,0,0,0,0,0,0,0,0,0,0,0,0,0,0,0,0,0,0,0,0,0,0,0,0,0,0,0,0,0,0.786788218175523,0.909576022144496,0.28305813044122097,0.04951556604879043,0.5602683401276616,0.0036455629509730136,0,0,0.0,0.0,0.0,0.0,0.0,0.0,0.0,0.0,19.3,985.8,1.4,2.2,82,0.0,0
2024-06-21 02:25:00,0,0.0,0.0,0.0,0,0,0.0,0,0,0.0,,0.0,0.0,0,0,0.0,0,0,0,0,0,0,0,0,0,0,0,0,0,0,0,0,0,0,0,0,0,0,0,0,0,0,0,0,0,0,0.7956548241817911,0.9032223021337413,0.28305813044122097,0.04951556604879043,0.5602683401276616,0.0036455629509730136,0,0,0.0,0.0,0.0,0.0,0.0,0.0,0.0,0.0,19.3,985.8,1.4,2.2,82,0.0,0
2024-06-21 02:30:00,0,0.0,0.0,0.0,0,0,0.0,0,0,0.0,,0.0,0.0,0,0,0.0,0,0,0,0,0,0,0,0,0,0,0,0,0,0,0,0,0,0,0,0,0,0,0,0,0,0,0,0,0,0,0.8043807145043603,0.8966766701456176,0.28305813044122097,0.04951556604879043,0.5602683401276616,0.0036455629509730136,0,0,0.0,0.0,0.0,0.0,0.0,0.0,0.0,0.0,19.2,985.8,1.2,1.9,82,0.0,0
2024-06-21 02:35:00,0,0.0,0.0,0.0,0,0,0.0,0,0,0.0,,0.0,0.0,0,0,0.0,0,0,0,0,0,0,0,0,0,0,0,0,0,0,0,0,0,0,0,0,0,0,0,0,0,0,0,0,0,0,0.8129617360920296,0.8899422415464409,0.28305813044122097,0.04951556604879043,0.5602683401276616,0.0036455629509730136,0,0,0.0,0.0,0.0,0.0,0.0,0.0,0.0,0.0,19.2,985.8,1.2,1.9,82,0.0,0
2024-06-21 02:40:00,0,0.0,0.0,0.0,0,0,0.0,0,0,0.0,,0.0,0.0,0,0,0.0,0,0,0,0,0,0,0,0,0,0,0,0,0,0,0,0,0,0,0,0,0,0,0,0,0,0,0,0,0,0,0.8213938048432696,0.883022221559489,0.28305813044122097,0.04951556604879043,0.5602683401276616,0.0036455629509730136,0,0,0.0,0.0,0.0,0.0,0.0,0.0,0.0,0.0,19.1,985.8,1.0,1.8,82,0.0,0
2024-06-21 02:45:00,0,0.0,0.0,0.0,0,0,0.0,0,0,0.0,,0.0,0.0,0,0,0.0,0,0,0,0,0,0,0,0,0,0,0,0,0,0,0,0,0,0,0,0,0,0,0,0,0,0,0,0,0,0,0.8296729075500344,0.8759199037394887,0.28305813044122097,0.04951556604879043,0.5602683401276616,0.0036455629509730136,0,0,0.0,0.0,0.0,0.0,0.0,0.0,0.0,0.0,19.1,985.8,1.0,1.8,82,0.0,0
2024-06-21 02:50:00,0,0.0,0.0,0.0,0,0,0.0,0,0,0.0,,0.0,0.0,0,0,0.0,0,0,0,0,0,0,0,0,0,0,0,0,0,0,0,0,0,0,0,0,0,0,0,0,0,0,0,0,0,0,0.8377951038078302,0.868638668405062,0.28305813044122097,0.04951556604879043,0.5602683401276616,0.0036455629509730136,0,0,0.0,0.0,0.0,0.0,0.0,0.0,0.0,0.0,19.0,985.8,0.6,1.4,83,0.0,0
2024-06-21 02:55:00,0,0.0,0.0,0.0,0,0,0.0,0,0,0.0,,0.0,0.0,0,0,0.0,0,0,0,0,0,0,0,0,0,0,0,0,0,0,0,0,0,0,0,0,0,0,0,0,0,0,0,0,0,0,0.8457565278911348,0.8611819810298778,0.28305813044122097,0.04951556604879043,0.5602683401276616,0.0036455629509730136,0,0,0.0,0.0,0.0,0.0,0.0,0.0,0.0,0.0,19.0,985.8,0.6,1.4,83,0.0,0
2024-06-21 03:00:00,0,0.0,0.0,0.0,0,0,0.0,0,0,0.0,,0.0,0.0,0,0,0.0,0,0,0,0,0,0,0,0,0,0,0,0,0,0,0,0,0,0,0,0,0,0,0,0,0,0,0,0,0,0,0.8535533905932737,0.8535533905932737,0.28305813044122097,0.04951556604879043,0.5602683401276616,0.0036455629509730136,0,0,0.0,0.0,0.0,0.0,0.0,0.0,0.0,0.0,18.8,985.8,0.2,1.2,83,0.0,0
2024-06-21 03:05:00,0,0.0,0.0,0.0,0,0,0.0,0,0,0.0,,0.0,0.0,0,0,0.0,0,0,0,0,0,0,0,0,0,0,0,0,0,0,0,0,0,0,0,0,0,0,0,0,0,0,0,0,0,0,0.8611819810298778,0.8457565278911346,0.28305813044122097,0.04951556604879043,0.5602683401276616,0.0036455629509730136,0,0,0.0,0.0,0.0,0.0,0.0,0.0,0.0,0.0,18.8,985.8,0.2,1.2,83,0.0,0
2024-06-21 03:10:00,0,0.0,0.0,0.0,0,0,0.0,0,0,0.0,,0.0,0.0,0,0,0.0,0,0,0,0,0,0,0,0,0,0,0,0,0,0,0,0,0,0,0,0,0,0,0,0,0,0,0,0,0,0,0.868638668405062,0.8377951038078302,0.28305813044122097,0.04951556604879043,0.5602683401276616,0.0036455629509730136,0,0,0.0,0.0,0.0,0.0,0.0,0.0,0.0,0.0,18.8,985.8,0.5,1.2,84,0.0,0
2024-06-21 03:15:00,0,0.0,0.0,0.0,0,0,0.0,0,0,0.0,,0.0,0.0,0,0,0.0,0,0,0,0,0,0,0,0,0,0,0,0,0,0,0,0,0,0,0,0,0,0,0,0,0,0,0,0,0,0,0.8759199037394887,0.8296729075500344,0.28305813044122097,0.04951556604879043,0.5602683401276616,0.0036455629509730136,0,0,0.0,0.0,0.0,0.0,0.0,0.0,0.0,0.0,18.8,985.8,0.5,1.2,84,0.0,0
2024-06-21 03:20:00,0,0.0,0.0,0.0,0,0,0.0,0,0,0.0,,0.0,0.0,0,0,0.0,0,0,0,0,0,0,0,0,0,0,0,0,0,0,0,0,0,0,0,0,0,0,0,0,0,0,0,0,0,0,0.883022221559489,0.8213938048432696,0.28305813044122097,0.04951556604879043,0.5602683401276616,0.0036455629509730136,0,0,0.0,0.0,0.0,0.0,0.0,0.0,0.0,0.0,18.8,985.8,0.9,1.6,84,0.0,0
2024-06-21 03:25:00,0,0.0,0.0,0.0,0,0,0.0,0,0,0.0,,0.0,0.0,0,0,0.0,0,0,0,0,0,0,0,0,0,0,0,0,0,0,0,0,0,0,0,0,0,0,0,0,0,0,0,0,0,0,0.8899422415464409,0.8129617360920296,0.28305813044122097,0.04951556604879043,0.5602683401276616,0.0036455629509730136,0,0,0.0,0.0,0.0,0.0,0.0,0.0,0.0,0.0,18.8,985.8,0.9,1.6,84,0.0,0
2024-06-21 03:30:00,0,0.0,0.0,0.0,0,0,0.0,0,0,0.0,,0.0,0.0,0,0,0.0,0,0,0,0,0,0,0,0,0,0,0,0,0,0,0,0,0,0,0,0,0,0,0,0,0,0,0,0,0,0,0.8966766701456176,0.8043807145043603,0.28305813044122097,0.04951556604879043,0.5602683401276616,0.0036455629509730136,0,0,0.0,0.0,0.0,0.0,0.0,0.0,0.0,0.0,18.9,985.7,0.4,1.0,84,0.0,0
2024-06-21 03:35:00,0,0.0,0.0,0.0,0,0,0.0,0,0,0.0,,0.0,0.0,0,0,0.0,0,0,0,0,0,0,0,0,0,0,0,0,0,0,0,0,0,0,0,0,0,0,0,0,0,0,0,0,0,0,0.9032223021337413,0.7956548241817912,0.28305813044122097,0.04951556604879043,0.5602683401276616,0.0036455629509730136,0,0,0.0,0.0,0.0,0.0,0.0,0.0,0.0,0.0,18.9,985.7,0.4,1.0,84,0.0,0
2024-06-21 03:40:00,0,0.0,0.0,0.0,0,0,0.0,0,0,0.0,,0.0,0.0,0,0,0.0,0,0,0,0,0,0,0,0,0,0,0,0,0,0,0,0,0,0,0,0,0,0,0,0,0,0,0,0,0,0,0.9095760221444958,0.786788218175523,0.28305813044122097,0.04951556604879043,0.5602683401276616,0.0036455629509730136,0,0,0.0,0.0,0.0,0.0,0.0,0.0,0.0,0.0,18.9,985.8,0.5,1.1,84,0.0,0
2024-06-21 03:45:00,0,0.0,0.0,0.0,0,0,0.0,0,0,0.0,,0.0,0.0,0,0,0.0,0,0,0,0,0,0,0,0,0,0,0,0,0,0,0,0,0,0,0,0,0,0,0,0,0,0,0,0,0,0,0.9157348061512727,0.7777851165098011,0.28305813044122097,0.04951556604879043,0.5602683401276616,0.0036455629509730136,0,0,0.0,0.0,0.0,0.0,0.0,0.0,0.0,0.0,18.9,985.8,0.5,1.1,84,0.0,0
2024-06-21 03:50:00,0,0.0,0.0,0.0,0,0,0.0,0,0,0.0,,0.0,0.0,0,0,0.0,0,0,0,0,0,0,0,0,0,0,0,0,0,0,0,0,0,0,0,0,0,0,0,0,0,0,0,0,0,0,0.9216957229064429,0.7686498041734118,0.28305813044122097,0.04951556604879043,0.5602683401276616,0.0036455629509730136,0,0,0.0,0.0,0.0,0.0,0.0,0.0,0.0,0.0,18.9,985.8,0.4,0.8,84,0.0,0
2024-06-21 03:55:00,0,0.0,0.0,0.0,0,0,0.0,0,0,0.0,,0.0,0.0,0,0,0.0,0,0,0,0,0,0,0,0,0,0,0,0,0,0,0,0,0,0,0,0,0,0,0,0,0,0,0,0,0,0,0.9274559353364733,0.7593866290802608,0.28305813044122097,0.04951556604879043,0.5602683401276616,0.0036455629509730136,0,0,0.0,0.0,0.0,0.0,0.0,0.0,0.0,0.0,18.9,985.8,0.4,0.8,84,0.0,0
2024-06-21 04:00:00,0,0.0,0.0,0.0,0,0,0.0,0,0,0.0,,0.0,0.0,0,0,0.0,0,0,0,0,0,0,0,0,0,0,0,0,0,0,0,0,0,0,0,0,0,0,0,0,0,0,0,0,0,0,0.9330127018922193,0.75,0.28305813044122097,0.04951556604879043,0.5602683401276616,0.0036455629509730136,0,0,0.0,0.0,0.0,0.0,0.0,0.0,0.0,0.0,19.0,985.8,0.3,0.8,84,0.0,0
2024-06-21 04:05:00,0,0.0,0.0,0.0,0,0,0.0,0,0,0.0,,0.0,0.0,0,0,0.0,0,0,0,0,0,0,0,0,0,0,0,0,0,0,0,0,0,0,0,0,0,0,0,0,0,0,0,0,0,0,0.9383633778537539,0.7404943844596938,0.28305813044122097,0.04951556604879043,0.5602683401276616,0.0036455629509730136,0,0,0.0,0.0,0.0,0.0,0.0,0.0,0.0,0.0,19.0,985.8,0.3,0.8,84,0.0,0
2024-06-21 04:10:00,0,0.0,0.0,0.0,0,0,0.0,0,0,0.0,,0.0,0.0,0,0,0.0,0,0,0,0,0,0,0,0,0,0,0,0,0,0,0,0,0,0,0,0,0,0,0,0,0,0,0,0,0,0,0.9435054165891108,0.730874306617517,0.28305813044122097,0.04951556604879043,0.5602683401276616,0.0036455629509730136,0,0,0.0,0.0,0.0,0.0,0.0,0.0,0.0,0.0,19.2,985.8,0.3,0.8,83,0.0,0
2024-06-21 04:15:00,0,0.0,0.0,0.0,0,0,0.0,0,0,0.0,,0.0,0.0,0,0,0.0,0,0,0,0,0,0,0,0,0,0,0,0,0,0,0,0,0,0,0,0,0,0,0,0,0,0,0,0,0,0,0.9484363707663441,0.7211443451095007,0.28305813044122097,0.04951556604879043,0.5602683401276616,0.0036455629509730136,0,0,0.0,0.0,0.0,0.0,0.0,0.0,0.0,0.0,19.2,985.8,0.3,0.8,83,0.0,0
2024-06-21 04:20:00,0,0.0,0.0,0.0,0,0,0.0,0,0,0.0,,0.0,0.0,0,0,0.0,0,0,0,0,0,0,0,0,0,0,0,0,0,0,0,0,0,0,0,0,0,0,0,0,0,0,0,0,0,0,0.953153893518325,0.7113091308703497,0.28305813044122097,0.04951556604879043,0.5602683401276616,0.0036455629509730136,0,0,0.0,0.0,0.0,0.0,0.0,0.0,0.0,0.0,19.5,985.8,0.2,1.6,82,0.0,0
2024-06-21 04:25:00,0,0.0,0.0,0.0,0,0,0.0,0,0,0.0,,0.0,0.0,0,0,0.0,0,0,0,0,0,0,0,0,0,0,0,0,0,0,0,0,0,0,0,0,0,0,0,0,0,0,0,0,0,0,0.9576557395597236,0.7013733449293686,0.28305813044122097,0.04951556604879043,0.5602683401276616,0.0036455629509730136,0,0,0.0,0.0,0.0,0.0,0.0,0.0,0.0,0.0,19.5,985.8,0.2,1.6,82,0.0,0
2024-06-21 04:30:00,0,0.0,0.0,0.0,0,0,0.0,0,0,0.0,,0.0,0.0,0,0,0.0,0,0,0,0,0,0,0,0,0,0,0,0,0,0,0,0,0,0,0,0,0,0,0,0,0,0,0,0,0,0,0.9619397662556434,0.6913417161825449,0.28305813044122097,0.04951556604879043,0.5602683401276616,0.0036455629509730136,0,0,0.0,0.0,0.0,0.0,0.0,0.0,0.0,0.0,20.1,985.6,0.9,2.0,77,0.0,0
2024-06-21 04:35:00,0,0.0,0.0,0.0,0,0,0.0,0,0,0.0,,0.0,0.0,0,0,0.0,0,0,0,0,0,0,0,0,0,0,0,0,0,0,0,0,0,0,0,0,0,0,0,0,0,0,0,0,0,0,0.9660039346413992,0.6812190191418508,0.28305813044122097,0.04951556604879043,0.5602683401276616,0.0036455629509730136,0,0,0.0,0.0,0.0,0.0,0.0,0.0,0.0,0.0,20.1,985.6,0.9,2.0,77,0.0,0
2024-06-21 04:40:00,0,0.0,0.0,0.0,0,0,0.0,0,0,0.0,,0.0,0.0,0,0,0.0,0,0,0,0,0,0,0,0,0,0,0,0,0,0,0,0,0,0,0,0,0,0,0,0,0,0,0,0,0,0,0.9698463103929542,0.6710100716628344,0.28305813044122097,0.04951556604879043,0.5602683401276616,0.0036455629509730136,0,0,0.0,0.0,0.0,0.0,0.0,0.0,0.0,0.0,20.2,985.5,0.8,2.2,77,0.0,0
2024-06-21 04:45:00,0,0.0,0.0,0.0,0,0,0.0,0,0,0.0,,0.0,0.0,0,0,0.0,0,0,0,0,0,0,0,0,0,0,0,0,0,0,0,0,0,0,0,0,0,0,0,0,0,0,0,0,0,0,0.9734650647475528,0.6607197326515808,0.28305813044122097,0.04951556604879043,0.5602683401276616,0.0036455629509730136,0,0,0.0,0.0,0.0,0.0,0.0,0.0,0.0,0.0,20.2,985.5,0.8,2.2,77,0.0,0
2024-06-21 04:50:00,0,0.0,0.0,0.0,0,0,0.0,0,0,0.0,,0.0,0.0,0,0,0.0,0,0,0,0,0,0,0,0,0,0,0,0,0,0,0,0,0,0,0,0,0,0,0,0,0,0,0,0,0,0,0.9768584753741134,0.6503528997521366,0.28305813044122097,0.04951556604879043,0.5602683401276616,0.0036455629509730136,0,0,0.0,0.0,0.0,0.0,0.0,0.0,0.0,0.0,20.2,985.5,1.4,2.6,76,0.0,0
2024-06-21 04:55:00,0,0.0,0.0,0.0,0,0,0.0,0,0,0.0,,0.0,0.0,0,0,0.0,0,0,0,0,0,0,0,0,0,0,0,0,0,0,0,0,0,0,0,0,0,0,0,0,0,0,0,0,0,0,0.9800249271929644,0.639914507015496,0.28305813044122097,0.04951556604879043,0.5602683401276616,0.0036455629509730136,0,0,0.0,0.0,0.0,0.0,0.0,0.0,0.0,0.0,20.2,985.5,1.4,2.6,76,0.0,0
2024-06-21 05:00:00,0,0.0,0.0,0.0,0,0,0.0,0,0,0.0,,0.0,0.0,0,0,0.0,0,0,0,0,0,0,0,0,0,0,0,0,0,0,0,0,0,0,0,0,0,0,0,0,0,0,0,0,0,0,0.9829629131445341,0.6294095225512604,0.28305813044122097,0.04951556604879043,0.5602683401276616,0.0036455629509730136,0,0,0.0,0.0,0.0,0.0,0.0,0.0,0.0,0.0,20.4,985.5,1.0,2.3,76,0.0,60
2024-06-21 05:05:00,0,0.0,0.0,0.0,0,0,0.0,0,0,0.0,,0.0,0.0,0,0,0.0,0,0,0,0,0,0,0,0,0,0,0,0,0,0,0,0,0,0,0,0,0,0,0,0,0,0,0,0,0,0,0.9856710349066307,0.6188429461630865,0.28305813044122097,0.04951556604879043,0.5602683401276616,0.0036455629509730136,0,0,0.0,0.0,0.0,0.0,0.0,0.0,0.0,0.0,20.4,985.5,1.0,2.3,76,0.0,60
2024-06-21 05:10:00,0,0.0,0.0,0.0,0,0,0.0,0,0,0.0,,0.0,0.0,0,0,0.0,0,0,0,0,0,0,0,0,0,0,0,0,0,0,0,0,0,0,0,0,0,0,0,0,0,0,0,0,0,0,0.9881480035599667,0.6082198069690514,0.28305813044122097,0.04951556604879043,0.5602683401276616,0.0036455629509730136,0,0,0.0,0.0,0.0,0.0,0.0,0.0,0.0,0.0,20.5,985.5,0.7,2.2,75,0.0,399
2024-06-21 05:15:00,0,0.0,0.0,0.0,0,0,0.0,0,0,0.0,,0.0,0.0,0,0,0.0,0,0,0,0,0,0,0,0,0,0,0,0,0,0,0,0,0,0,0,0,0,0,0,0,0,0,0,0,0,0,0.9903926402016152,0.5975451610080642,0.28305813044122097,0.04951556604879043,0.5602683401276616,0.0036455629509730136,0,0,0.0,0.0,0.0,0.0,0.0,0.0,0.0,0.0,20.5,985.5,0.7,2.2,75,0.0,399
2024-06-21 05:20:00,0,0.0,0.0,0.0,0,0,0.0,0,0,0.0,,0.0,0.0,0,0,0.0,0,0,0,0,0,0,0,0,0,0,0,0,0,0,0,0,0,0,0,0,0,0,0,0,0,0,0,0,0,0,0.9924038765061041,0.5868240888334653,0.28305813044122097,0.04951556604879043,0.5602683401276616,0.0036455629509730136,0,0,0.0,0.0,0.0,0.0,0.0,0.0,0.0,0.0,20.8,985.5,1.1,3.5,74,0.0,600
2024-06-21 05:25:00,0,0.0,0.0,0.0,0,0,0.0,0,0,0.0,,0.0,0.0,0,0,0.0,0,0,0,0,0,0,0,0,0,0,0,0,0,0,0,0,0,0,0,0,0,0,0,0,0,0,0,0,0,0,0.9941807552338804,0.5760616930949584,0.28305813044122097,0.04951556604879043,0.5602683401276616,0.0036455629509730136,0,0,0.0,0.0,0.0,0.0,0.0,0.0,0.0,0.0,20.8,985.5,1.1,3.5,74,0.0,600
2024-06-21 05:30:00,0,0.0,0.0,0.0,0,0,0.0,0,0,0.0,,0.0,0.0,0,0,0.0,0,0,0,0,0,0,0,0,0,0,0,0,0,0,0,0,0,0,0,0,0,0,0,0,0,0,0,0,0,0,0.9957224306869052,0.5652630961100259,0.28305813044122097,0.04951556604879043,0.5602683401276616,0.0036455629509730136,0,0,0.0,0.0,0.0,0.0,0.0,0.0,0.0,0.0,20.9,985.5,0.9,3.3,73,0.0,599
2024-06-21 05:35:00,0,0.0,0.0,0.0,0,0,0.0,0,0,0.0,,0.0,0.0,0,0,0.0,0,0,0,0,0,0,0,0,0,0,0,0,0,0,0,0,0,0,0,0,0,0,0,0,0,0,0,0,0,0,0.9970281691111598,0.5544334374259824,0.28305813044122097,0.04951556604879043,0.5602683401276616,0.0036455629509730136,0,0,0.0,0.0,0.0,0.0,0.0,0.0,0.0,0.0,20.9,985.5,0.9,3.3,73,0.0,599
2024-06-21 05:40:00,0,0.0,0.0,0.0,0,0,0.0,0,0,0.0,,0.0,0.0,0,0,0.0,0,0,0,0,0,0,0,0,0,0,0,0,0,0,0,0,0,0,0,0,0,0,0,0,0,0,0,0,0,0,0.9980973490458728,0.5435778713738291,0.28305813044122097,0.04951556604879043,0.5602683401276616,0.0036455629509730136,0,0,0.0,0.0,0.0,0.0,0.0,0.0,0.0,0.0,21.1,985.5,1.0,2.6,73,0.0,600
2024-06-21 05:45:00,0,0.0,0.0,0.0,0,0,0.0,0,0,0.0,,0.0,0.0,0,0,0.0,0,0,0,0,0,0,0,0,0,0,0,0,0,0,0,0,0,0,0,0,0,0,0,0,0,0,0,0,0,0,0.9989294616193017,0.5327015646150716,0.28305813044122097,0.04951556604879043,0.5602683401276616,0.0036455629509730136,0,0,0.0,0.0,0.0,0.0,0.0,0.0,0.0,0.0,21.1,985.5,1.0,2.6,73,0.0,600
2024-06-21 05:50:00,0,0.0,0.0,0.0,0,0,0.0,0,0,0.0,,0.0,0.0,0,0,0.0,0,0,0,0,0,0,0,0,0,0,0,0,0,0,0,0,0,0,0,0,0,0,0,0,0,0,0,0,0,0,0.999524110790929,0.521809693682668,0.28305813044122097,0.04951556604879043,0.5602683401276616,0.0036455629509730136,0,0,0.0,0.0,0.0,0.0,0.0,0.0,0.0,0.0,21.1,985.5,1.0,3.5,73,0.0,272
2024-06-21 05:55:00,0,0.0,0.0,0.0,0,0,0.0,0,0,0.0,,0.0,0.0,0,0,0.0,0,0,0,0,0,0,0,0,0,0,0,0,0,0,0,0,0,0,0,0,0,0,0,0,0,0,0,0,0,0,0.9998810135399545,0.5109074425172806,0.28305813044122097,0.04951556604879043,0.5602683401276616,0.0036455629509730136,0,0,0.0,0.0,0.0,0.0,0.0,0.0,0.0,0.0,21.1,985.5,1.0,3.5,73,0.0,272
2024-06-21 06:00:00,0,0.0,0.0,0.0,0,0,0.0,0,0,0.0,,0.0,0.0,0,0,0.0,0,0,0,0,0,0,0,0,0,0,0,0,0,0,0,0,0,0,0,0,0,0,0,0,0,0,0,0,0,0,1.0,0.5,0.28305813044122097,0.04951556604879043,0.5602683401276616,0.0036455629509730136,0,0,0.0,0.0,0.0,0.0,0.0,0.0,0.0,0.0,21.3,985.4,1.2,2.9,72,0.0,599
2024-06-21 06:05:00,0,0.0,0.0,0.0,0,0,0.0,0,0,0.0,,0.0,0.0,0,0,0.0,0,0,0,0,0,0,0,0,0,0,0,0,0,0,0,0,0,0,0,0,0,0,0,0,0,0,0,0,0,0,0.9998810135399545,0.48909255748271946,0.28305813044122097,0.04951556604879043,0.5602683401276616,0.0036455629509730136,0,0,0.0,0.0,0.0,0.0,0.0,0.0,0.0,0.0,21.3,985.4,1.2,2.9,72,0.0,599
2024-06-21 06:10:00,0,0.0,0.0,0.0,0,0,0.0,0,0,0.0,,0.0,0.0,0,0,0.0,0,0,0,0,0,0,0,0,0,0,0,0,0,0,0,0,0,0,0,0,0,0,0,0,0,0,0,0,0,0,0.999524110790929,0.47819030631733195,0.28305813044122097,0.04951556604879043,0.5602683401276616,0.0036455629509730136,0,0,0.0,0.0,0.0,0.0,0.0,0.0,0.0,0.0,21.8,985.3,1.2,3.5,71,0.0,600
2024-06-21 06:15:00,0,0.0,0.0,0.0,0,0,0.0,0,0,0.0,,0.0,0.0,0,0,0.0,0,0,0,0,0,0,0,0,0,0,0,0,0,0,0,0,0,0,0,0,0,0,0,0,0,0,0,0,0,0,0.9989294616193017,0.46729843538492843,0.28305813044122097,0.04951556604879043,0.5602683401276616,0.0036455629509730136,0,0,0.0,0.0,0.0,0.0,0.0,0.0,0.0,0.0,21.8,985.3,1.2,3.5,71,0.0,600
2024-06-21 06:20:00,0,0.0,0.0,0.0,0,0,0.0,0,0,0.0,,0.0,0.0,0,0,0.0,0,0,0,0,0,0,0,0,0,0,0,0,0,0,0,0,0,0,0,0,0,0,0,0,0,0,0,0,0,0,0.9980973490458728,0.4564221286261709,0.28305813044122097,0.04951556604879043,0.5602683401276616,0.0036455629509730136,0,0,0.0,0.0,0.0,0.0,0.0,0.0,0.0,0.0,22.1,985.3,1.1,3.0,69,0.0,600
2024-06-21 06:25:00,0,0.0,0.0,0.0,0,0,0.0,0,0,0.0,,0.0,0.0,0,0,0.0,0,0,0,0,0,0,0,0,0,0,0,0,0,0,0,0,0,0,0,0,0,0,0,0,0,0,0,0,0,0,0.9970281691111598,0.44556656257401783,0.28305813044122097,0.04951556604879043,0.5602683401276616,0.0036455629509730136,0,0,0.0,0.0,0.0,0.0,0.0,0.0,0.0,0.0,22.1,985.3,1.1,3.0,69,0.0,600
2024-06-21 06:30:00,0,0.0,0.0,0.0,0,0,0.0,0,0,0.0,,0.0,0.0,0,0,0.0,0,0,0,0,0,0,0,0,0,0,0,0,0,0,0,0,0,0,0,0,0,0,0,0,0,0,0,0,0,0,0.9957224306869052,0.4347369038899743,0.28305813044122097,0.04951556604879043,0.5602683401276616,0.0036455629509730136,0,0,0.0,0.0,0.0,0.0,0.0,0.0,0.0,0.0,22.3,985.2,1.4,4.0,67,0.0,600
2024-06-21 06:35:00,0,0.0,0.0,0.0,0,0,0.0,0,0,0.0,,0.0,0.0,0,0,0.0,0,0,0,0,0,0,0,0,0,0,0,0,0,0,0,0,0,0,0,0,0,0,0,0,0,0,0,0,0,0,0.9941807552338804,0.42393830690504175,0.28305813044122097,0.04951556604879043,0.5602683401276616,0.0036455629509730136,0,0,0.0,0.0,0.0,0.0,0.0,0.0,0.0,0.0,22.3,985.2,1.4,4.0,67,0.0,600
2024-06-21 06:40:00,0,0.0,0.0,0.0,0,0,0.0,0,0,0.0,,0.0,0.0,0,0,0.0,0,0,0,0,0,0,0,0,0,0,0,0,0,0,0,0,0,0,0,0,0,0,0,0,0,0,0,0,0,0,0.9924038765061041,0.41317591116653485,0.28305813044122097,0.04951556604879043,0.5602683401276616,0.0036455629509730136,0,0,0.0,0.0,0.0,0.0,0.0,0.0,0.0,0.0,22.4,985.1,1.2,3.0,69,0.0,600
2024-06-21 06:45:00,0,0.0,0.0,0.0,0,0,0.0,0,0,0.0,,0.0,0.0,0,0,0.0,0,0,0,0,0,0,0,0,0,0,0,0,0,0,0,0,0,0,0,0,0,0,0,0,0,0,0,0,0,0,0.9903926402016152,0.4024548389919359,0.28305813044122097,0.04951556604879043,0.5602683401276616,0.0036455629509730136,0,0,0.0,0.0,0.0,0.0,0.0,0.0,0.0,0.0,22.4,985.1,1.2,3.0,69,0.0,600
2024-06-21 06:50:00,0,0.0,0.0,0.0,0,0,0.0,0,0,0.0,,0.0,0.0,0,0,0.0,0,0,0,0,0,0,0,0,0,0,0,0,0,0,0,0,0,0,0,0,0,0,0,0,0,0,0,0,0,0,0.9881480035599667,0.3917801930309486,0.28305813044122097,0.04951556604879043,0.5602683401276616,0.0036455629509730136,0,0,0.0,0.0,0.0,0.0,0.0,0.0,0.0,0.0,22.9,985.1,0.8,2.7,68,0.0,349
2024-06-21 06:55:00,0,0.0,0.0,0.0,0,0,0.0,0,0,0.0,,0.0,0.0,0,0,0.0,0,0,0,0,0,0,0,0,0,0,0,0,0,0,0,0,0,0,0,0,0,0,0,0,0,0,0,0,0,0,0.9856710349066307,0.3811570538369134,0.28305813044122097,0.04951556604879043,0.5602683401276616,0.0036455629509730136,0,0,0.0,0.0,0.0,0.0,0.0,0.0,0.0,0.0,22.9,985.1,0.8,2.7,68,0.0,349
2024-06-21 07:00:00,0,0.0,0.0,0.0,0,0,0.0,0,0,0.0,,0.0,0.0,0,0,0.0,0,0,0,0,0,0,0,0,0,0,0,0,0,0,0,0,0,0,0,0,0,0,0,0,0,0,0,0,0,0,0.9829629131445341,0.3705904774487396,0.28305813044122097,0.04951556604879043,0.5602683401276616,0.0036455629509730136,0,0,0.0,0.0,0.0,0.0,0.0,0.0,0.0,0.0,22.6,985.1,1.2,3.0,69,0.0,0
2024-06-21 07:05:00,0,0.0,0.0,0.0,0,0,0.0,0,0,0.0,,0.0,0.0,0,0,0.0,0,0,0,0,0,0,0,0,0,0,0,0,0,0,0,0,0,0,0,0,0,0,0,0,0,0,0,0,0,0,0.9800249271929644,0.360085492984504,0.28305813044122097,0.04951556604879043,0.5602683401276616,0.0036455629509730136,0,0,0.0,0.0,0.0,0.0,0.0,0.0,0.0,0.0,22.6,985.1,1.2,3.0,69,0.0,0
2024-06-21 07:10:00,0,0.0,0.0,0.0,0,0,0.0,0,0,0.0,,0.0,0.0,0,0,0.0,0,0,0,0,0,0,0,0,0,0,0,0,0,0,0,0,0,0,0,0,0,0,0,0,0,0,0,0,0,0,0.9768584753741134,0.3496471002478635,0.28305813044122097,0.04951556604879043,0.5602683401276616,0.0036455629509730136,0,0,0.0,0.0,0.0,0.0,0.0,0.0,0.0,0.0,22.9,984.7,0.9,2.7,69,0.0,0
2024-06-21 07:15:00,0,0.0,0.0,0.0,0,0,0.0,0,0,0.0,,0.0,0.0,0,0,0.0,0,0,0,0,0,0,0,0,0,0,0,0,0,0,0,0,0,0,0,0,0,0,0,0,0,0,0,0,0,0,0.9734650647475529,0.3392802673484193,0.28305813044122097,0.04951556604879043,0.5602683401276616,0.0036455629509730136,0,0,0.0,0.0,0.0,0.0,0.0,0.0,0.0,0.0,22.9,984.7,0.9,2.7,69,0.0,0
2024-06-21 07:20:00,0,0.0,0.0,0.0,0,0,0.0,0,0,0.0,,0.0,0.0,0,0,0.0,0,0,0,0,0,0,0,0,0,0,0,0,0,0,0,0,0,0,0,0,0,0,0,0,0,0,0,0,0,0,0.9698463103929542,0.3289899283371658,0.28305813044122097,0.04951556604879043,0.5602683401276616,0.0036455629509730136,0,0,0.0,0.0,0.0,0.0,0.0,0.0,0.0,0.0,23.3,984.7,0.9,2.5,67,0.0,0
2024-06-21 07:25:00,0,0.0,0.0,0.0,0,0,0.0,0,0,0.0,,0.0,0.0,0,0,0.0,0,0,0,0,0,0,0,0,0,0,0,0,0,0,0,0,0,0,0,0,0,0,0,0,0,0,0,0,0,0,0.9660039346413993,0.3187809808581492,0.28305813044122097,0.04951556604879043,0.5602683401276616,0.0036455629509730136,0,0,0.0,0.0,0.0,0.0,0.0,0.0,0.0,0.0,23.3,984.7,0.9,2.5,67,0.0,0
2024-06-21 07:30:00,0,0.0,0.0,0.0,0,0,0.0,0,0,0.0,,0.0,0.0,0,0,0.0,0,0,0,0,0,0,0,0,0,0,0,0,0,0,0,0,0,0,0,0,0,0,0,0,0,0,0,0,0,0,0.9619397662556434,0.30865828381745514,0.28305813044122097,0.04951556604879043,0.5602683401276616,0.0036455629509730136,0,0,0.0,0.0,0.0,0.0,0.0,0.0,0.0,0.0,23.3,984.5,1.2,3.7,67,0.0,0
2024-06-21 07:35:00,0,0.0,0.0,0.0,0,0,0.0,0,0,0.0,,0.0,0.0,0,0,0.0,0,0,0,0,0,0,0,0,0,0,0,0,0,0,0,0,0,0,0,0,0,0,0,0,0,0,0,0,0,0,0.9576557395597236,0.29862665507063146,0.28305813044122097,0.04951556604879043,0.5602683401276616,0.0036455629509730136,0,0,0.0,0.0,0.0,0.0,0.0,0.0,0.0,0.0,23.3,984.5,1.2,3.7,67,0.0,0
2024-06-21 07:40:00,0,0.0,0.0,0.0,0,0,0.0,0,0,0.0,,0.0,0.0,0,0,0.0,0,0,0,0,0,0,0,0,0,0,0,0,0,0,0,0,0,0,0,0,0,0,0,0,0,0,0,0,0,0,0.9531538935183249,0.28869086912965014,0.28305813044122097,0.04951556604879043,0.5602683401276616,0.0036455629509730136,0,0,0.0,0.0,0.0,0.0,0.0,0.0,0.0,0.0,23.2,984.5,1.7,3.1,69,0.0,0
2024-06-21 07:45:00,0,0.0,0.0,0.0,0,0,0.0,0,0,0.0,,0.0,0.0,0,0,0.0,0,0,0,0,0,0,0,0,0,0,0,0,0,0,0,0,0,0,0,0,0,0,0,0,0,0,0,0,0,0,0.9484363707663441,0.27885565489049946,0.28305813044122097,0.04951556604879043,0.5602683401276616,0.0036455629509730136,0,0,0.0,0.0,0.0,0.0,0.0,0.0,0.0,0.0,23.2,984.5,1.7,3.1,69,0.0,0
2024-06-21 07:50:00,0,0.0,0.0,0.0,0,0,0.0,0,0,0.0,,0.0,0.0,0,0,0.0,0,0,0,0,0,0,0,0,0,0,0,0,0,0,0,0,0,0,0,0,0,0,0,0,0,0,0,0,0,0,0.9435054165891109,0.26912569338248316,0.28305813044122097,0.04951556604879043,0.5602683401276616,0.0036455629509730136,0,0,0.0,0.0,0.0,0.0,0.0,0.0,0.0,0.0,23.2,984.4,1.2,2.9,69,0.0,0
2024-06-21 07:55:00,0,0.0,0.0,0.0,0,0,0.0,0,0,0.0,,0.0,0.0,0,0,0.0,0,0,0,0,0,0,0,0,0,0,0,0,0,0,0,0,0,0,0,0,0,0,0,0,0,0,0,0,0,0,0.9383633778537539,0.25950561554030627,0.28305813044122097,0.04951556604879043,0.5602683401276616,0.0036455629509730136,0,0,0.0,0.0,0.0,0.0,0.0,0.0,0.0,0.0,23.2,984.4,1.2,2.9,69,0.0,0
2024-06-21 08:00:00,0,0.0,0.0,0.0,0,0,0.0,0,0,0.0,,0.0,0.0,0,0,0.0,0,0,0,0,0,0,0,0,0,0,0,0,0,0,0,0,0,0,0,0,0,0,0,0,0,0,0,0,0,0,0.9330127018922194,0.2500000000000001,0.28305813044122097,0.04951556604879043,0.5602683401276616,0.0036455629509730136,0,0,0.0,0.0,0.0,0.0,0.0,0.0,0.0,0.0,23.3,984.2,0.8,2.6,69,0.0,0
2024-06-21 08:05:00,0,0.0,0.0,0.0,0,0,0.0,0,0,0.0,,0.0,0.0,0,0,0.0,0,0,0,0,0,0,0,0,0,0,0,0,0,0,0,0,0,0,0,0,0,0,0,0,0,0,0,0,0,0,0.9274559353364733,0.24061337091973917,0.28305813044122097,0.04951556604879043,0.5602683401276616,0.0036455629509730136,0,0,0.0,0.0,0.0,0.0,0.0,0.0,0.0,0.0,23.3,984.2,0.8,2.6,69,0.0,0
2024-06-21 08:10:00,0,0.0,0.0,0.0,0,0,0.0,0,0,0.0,,0.0,0.0,0,0,0.0,0,0,0,0,0,0,0,0,0,0,0,0,0,0,0,0,0,0,0,0,0,0,0,0,0,0,0,0,0,0,0.9216957229064429,0.23135019582658822,0.28305813044122097,0.04951556604879043,0.5602683401276616,0.0036455629509730136,0,0,1.0,0.0,0.0,0.006578947368421052,0.0,1.0,0.0,0.006578947368421052,23.8,984.2,1.3,2.8,68,0.0,380
2024-06-21 08:15:00,0,0.0,0.0,0.0,0,0,0.0,0,0,0.0,,0.0,0.0,0,0,0.0,0,0,0,0,0,0,0,0,0,0,0,0,0,0,0,0,0,0,0,0,0,0,0,0,0,0,0,0,0,0,0.9157348061512727,0.22221488349019902,0.28305813044122097,0.04951556604879043,0.5602683401276616,0.0036455629509730136,0,0,1.0,0.0,0.0,0.006578947368421052,0.0,0.0,0.0,0.0,23.8,984.2,1.3,2.8,68,0.0,380
2024-06-21 08:20:00,0,0.0,0.0,0.0,0,0,0.0,0,0,0.0,,0.0,0.0,0,0,0.0,0,0,0,0,0,0,0,0,0,0,0,0,0,0,0,0,0,0,0,0,0,0,0,0,0,0,0,0,0,0,0.9095760221444958,0.21321178182447692,0.28305813044122097,0.04951556604879043,0.5602683401276616,0.0036455629509730136,0,0,2.0,0.0,0.0,0.013157894736842105,0.0,1.0,0.0,0.006578947368421052,24.3,984.1,1.6,3.2,66,0.0,200
2024-06-21 08:25:00,0,0.0,0.0,0.0,0,0,0.0,0,0,0.0,,0.0,0.0,0,0,0.0,0,0,0,0,0,0,0,0,0,0,0,0,0,0,0,0,0,0,0,0,0,0,0,0,0,0,0,0,0,0,0.9032223021337413,0.20434517581820894,0.28305813044122097,0.04951556604879043,0.5602683401276616,0.0036455629509730136,0,0,5.0,0.0,0.0,0.03289473684210526,0.0,3.0,0.0,0.019736842105263157,24.3,984.1,1.6,3.2,66,0.0,200
2024-06-21 08:30:00,0,0.0,0.0,0.0,0,0,0.0,0,0,0.0,,0.0,0.0,0,0,0.0,0,0,0,0,0,0,0,0,0,0,0,0,0,0,0,0,0,0,0,0,0,0,0,0,0,0,0,0,0,0,0.8966766701456176,0.19561928549563967,0.28305813044122097,0.04951556604879043,0.5602683401276616,0.0036455629509730136,0,0,8.0,0.0,0.0,0.05263157894736842,0.0,3.0,0.0,0.019736842105263157,23.9,984.0,1.6,3.0,67,0.0,0
2024-06-21 08:35:00,0,0.0,0.0,0.0,0,0,0.0,0,0,0.0,,0.0,0.0,0,0,0.0,0,0,0,0,0,0,0,0,0,0,0,0,0,0,0,0,0,0,0,0,0,0,0,0,0,0,0,0,0,0,0.8899422415464409,0.18703826390797046,0.28305813044122097,0.04951556604879043,0.5602683401276616,0.0036455629509730136,0,0,9.0,0.0,0.0,0.05921052631578947,0.0,1.0,0.0,0.006578947368421052,23.9,984.0,1.6,3.0,67,0.0,0
2024-06-21 08:40:00,0,0.0,0.0,0.0,0,0,0.0,0,0,0.0,,0.0,0.0,0,0,0.0,0,0,0,0,0,0,0,0,0,0,0,0,0,0,0,0,0,0,0,0,0,0,0,0,0,0,0,0,0,0,0.883022221559489,0.17860619515673032,0.28305813044122097,0.04951556604879043,0.5602683401276616,0.0036455629509730136,0,0,9.0,0.0,0.0,0.05921052631578947,0.0,0.0,0.0,0.0,23.8,983.7,1.1,2.7,67,0.0,0
2024-06-21 08:45:00,0,0.0,0.0,0.0,0,0,0.0,0,0,0.0,,0.0,0.0,0,0,0.0,0,0,0,0,0,0,0,0,0,0,0,0,0,0,0,0,0,0,0,0,0,0,0,0,0,0,0,0,0,0,0.8759199037394887,0.17032709244996558,0.28305813044122097,0.04951556604879043,0.5602683401276616,0.0036455629509730136,0,0,9.0,0.0,0.0,0.05921052631578947,0.0,0.0,0.0,0.0,23.8,983.7,1.1,2.7,67,0.0,0
2024-06-21 08:50:00,0,0.0,0.0,0.0,0,0,0.0,0,0,0.0,,0.0,0.0,0,0,0.0,0,0,0,0,0,0,0,0,0,0,0,0,0,0,0,0,0,0,0,0,0,0,0,0,0,0,0,0,0,0,0.868638668405062,0.16220489619216988,0.28305813044122097,0.04951556604879043,0.5602683401276616,0.0036455629509730136,0,0,10.0,0.0,0.0,0.06578947368421052,0.0,1.0,0.0,0.006578947368421052,23.8,984.0,0.9,2.3,67,0.0,0
2024-06-21 08:55:00,0,0.0,0.0,0.0,0,0,0.0,0,0,0.0,,0.0,0.0,0,0,0.0,0,0,0,0,0,0,0,0,0,0,0,0,0,0,0,0,0,0,0,0,0,0,0,0,0,0,0,0,0,0,0.861181981029878,0.15424347210886552,0.28305813044122097,0.04951556604879043,0.5602683401276616,0.0036455629509730136,0,0,11.0,0.0,0.0,0.07236842105263158,0.0,1.0,0.0,0.006578947368421059,23.8,984.0,0.9,2.3,67,0.0,0
2024-06-21 09:00:00,0,0.0,0.0,0.0,0,0,0.0,0,0,0.0,,0.0,0.0,0,0,0.0,0,0,0,0,0,0,0,0,0,0,0,0,0,0,0,0,0,0,0,0,0,0,0,0,0,0,0,0,0,0,0.8535533905932737,0.14644660940672627,0.28305813044122097,0.04951556604879043,0.5602683401276616,0.0036455629509730136,0,0,12.0,0.0,0.0,0.07894736842105263,0.0,1.0,0.0,0.006578947368421045,24.1,983.8,1.8,4.2,65,0.0,152
2024-06-21 09:05:00,0,0.0,0.0,0.0,0,0,0.0,0,0,0.0,,0.0,0.0,0,0,0.0,0,0,0,0,0,0,0,0,0,0,0,0,0,0,0,0,0,0,0,0,0,0,0,0,0,0,0,0,0,0,0.8457565278911345,0.13881801897012208,0.28305813044122097,0.04951556604879043,0.5602683401276616,0.0036455629509730136,0,0,12.0,0.0,0.0,0.07894736842105263,0.0,0.0,0.0,0.0,24.1,983.8,1.8,4.2,65,0.0,152
2024-06-21 09:10:00,0,0.0,0.0,0.0,0,0,0.0,0,0,0.0,,0.0,0.0,0,0,0.0,0,0,0,0,0,0,0,0,0,0,0,0,0,0,0,0,0,0,0,0,0,0,0,0,0,0,0,0,0,0,0.8377951038078302,0.131361331594938,0.28305813044122097,0.04951556604879043,0.5602683401276616,0.0036455629509730136,0,0,12.0,0.0,0.0,0.07894736842105263,0.0,0.0,0.0,0.0,24.5,984.1,2.2,4.4,65,0.0,323
2024-06-21 09:15:00,0,0.0,0.0,0.0,0,0,0.0,0,0,0.0,,0.0,0.0,0,0,0.0,0,0,0,0,0,0,0,0,0,0,0,0,0,0,0,0,0,0,0,0,0,0,0,0,0,0,0,0,0,0,0.8296729075500344,0.12408009626051136,0.28305813044122097,0.04951556604879043,0.5602683401276616,0.0036455629509730136,0,0,12.0,0.0,0.0,0.07894736842105263,0.0,0.0,0.0,0.0,24.5,984.1,2.2,4.4,65,0.0,323
2024-06-21 09:20:00,0,0.0,0.0,0.0,0,0,0.0,0,0,0.0,,0.0,0.0,0,0,0.0,0,0,0,0,0,0,0,0,0,0,0,0,0,0,0,0,0,0,0,0,0,0,0,0,0,0,0,0,0,0,0.8213938048432697,0.11697777844051105,0.28305813044122097,0.04951556604879043,0.5602683401276616,0.0036455629509730136,0,0,12.0,0.0,0.0,0.07894736842105263,0.0,0.0,0.0,0.0,24.7,984.1,1.8,3.8,65,0.0,245
2024-06-21 09:25:00,0,0.0,0.0,0.0,0,0,0.0,0,0,0.0,,0.0,0.0,0,0,0.0,0,0,0,0,0,0,0,0,0,0,0,0,0,0,0,0,0,0,0,0,0,0,0,0,0,0,0,0,0,0,0.8129617360920296,0.1100577584535592,0.28305813044122097,0.04951556604879043,0.5602683401276616,0.0036455629509730136,0,0,12.0,0.0,0.0,0.07894736842105263,0.0,0.0,0.0,0.0,24.7,984.1,1.8,3.8,65,0.0,245
2024-06-21 09:30:00,0,0.0,0.0,0.0,0,0,0.0,0,0,0.0,,0.0,0.0,0,0,0.0,0,0,0,0,0,0,0,0,0,0,0,0,0,0,0,0,0,0,0,0,0,0,0,0,0,0,0,0,0,0,0.8043807145043604,0.10332332985438247,0.28305813044122097,0.04951556604879043,0.5602683401276616,0.0036455629509730136,0,0,12.0,0.0,0.0,0.07894736842105263,0.0,0.0,0.0,0.0,24.6,984.1,1.6,4.6,64,0.0,37
2024-06-21 09:35:00,0,0.0,0.0,0.0,0,0,0.0,0,0,0.0,,0.0,0.0,0,0,0.0,0,0,0,0,0,0,0,0,0,0,0,0,0,0,0,0,0,0,0,0,0,0,0,0,0,0,0,0,0,0,0.7956548241817911,0.09677769786625867,0.28305813044122097,0.04951556604879043,0.5602683401276616,0.0036455629509730136,0,0,12.0,0.006578947368421052,1.0,0.07894736842105263,1.0,0.0,0.006578947368421052,0.0,24.6,984.1,1.6,4.6,64,0.0,37
2024-06-21 09:40:00,0,0.0,0.0,0.0,0,0,0.0,0,0,0.0,,0.0,0.0,0,0,0.0,0,0,0,0,0,0,0,0,0,0,0,0,0,0,0,0,0,0,0,0,0,0,0,0,0,0,0,0,0,0,0.7867882181755232,0.09042397785550421,0.28305813044122097,0.04951556604879043,0.5602683401276616,0.0036455629509730136,0,0,12.0,0.006578947368421052,1.0,0.07894736842105263,0.0,0.0,0.0,0.0,25.1,983.8,1.6,4.0,64,0.0,353
2024-06-21 09:45:00,0,0.0,0.0,0.0,0,0,0.0,0,0,0.0,,0.0,0.0,0,0,0.0,0,0,0,0,0,0,0,0,0,0,0,0,0,0,0,0,0,0,0,0,0,0,0,0,0,0,0,0,0,0,0.7777851165098011,0.08426519384872733,0.28305813044122097,0.04951556604879043,0.5602683401276616,0.0036455629509730136,0,0,12.0,0.006578947368421052,1.0,0.07894736842105263,0.0,0.0,0.0,0.0,25.1,983.8,1.6,4.0,64,0.0,353
2024-06-21 09:50:00,0,0.0,0.0,0.0,0,0,0.0,0,0,0.0,,0.0,0.0,0,0,0.0,0,0,0,0,0,0,0,0,0,0,0,0,0,0,0,0,0,0,0,0,0,0,0,0,0,0,0,0,0,0,0.7686498041734119,0.07830427709355714,0.28305813044122097,0.04951556604879043,0.5602683401276616,0.0036455629509730136,0,0,12.0,0.006578947368421052,1.0,0.07894736842105263,0.0,0.0,0.0,0.0,25.2,983.5,1.2,3.9,63,0.0,545
2024-06-21 09:55:00,0,0.0,0.0,0.0,0,0,0.0,0,0,0.0,,0.0,0.0,0,0,0.0,0,0,0,0,0,0,0,0,0,0,0,0,0,0,0,0,0,0,0,0,0,0,0,0,0,0,0,0,0,0,0.7593866290802609,0.07254406466352681,0.28305813044122097,0.04951556604879043,0.5602683401276616,0.0036455629509730136,0,0,12.0,0.013157894736842105,2.0,0.07894736842105263,1.0,0.0,0.006578947368421052,0.0,25.2,983.5,1.2,3.9,63,0.0,545
2024-06-21 10:00:00,0,0.0,0.0,0.0,0,0,0.0,0,0,0.0,,0.0,0.0,0,0,0.0,0,0,0,0,0,0,0,0,0,0,0,0,0,0,0,0,0,0,0,0,0,0,0,0,0,0,0,0,0,0,0.75,0.06698729810778065,0.28305813044122097,0.04951556604879043,0.5602683401276616,0.0036455629509730136,0,0,10.0,0.03289473684210526,5.0,0.06578947368421052,3.0,-2.0,0.019736842105263157,-0.013157894736842105,25.3,983.5,1.7,4.6,63,0.0,86
2024-06-21 10:05:00,0,0.0,0.0,0.0,0,0,0.0,0,0,0.0,,0.0,0.0,0,0,0.0,0,0,0,0,0,0,0,0,0,0,0,0,0,0,0,0,0,0,0,0,0,0,0,0,0,0,0,0,0,0,0.7404943844596938,0.061636622146246156,0.28305813044122097,0.04951556604879043,0.5602683401276616,0.0036455629509730136,0,0,7.0,0.08552631578947369,13.0,0.046052631578947366,8.0,-3.0,0.052631578947368425,-0.019736842105263157,25.3,983.5,1.7,4.6,63,0.0,86
2024-06-21 10:10:00,0,0.0,0.0,0.0,0,0,0.0,0,0,0.0,,0.0,0.0,0,0,0.0,0,0,0,0,0,0,0,0,0,0,0,0,0,0,0,0,0,0,0,0,0,0,0,0,0,0,0,0,0,0,0.730874306617517,0.05649458341088914,0.28305813044122097,0.04951556604879043,0.5602683401276616,0.0036455629509730136,0,0,7.0,0.17763157894736842,27.0,0.046052631578947366,14.0,0.0,0.09210526315789473,0.0,25.6,983.5,0.7,2.4,62,0.0,0
2024-06-21 10:15:00,0,0.0,0.0,0.0,0,0,0.0,0,0,0.0,,0.0,0.0,0,0,0.0,0,0,0,0,0,0,0,0,0,0,0,0,0,0,0,0,0,0,0,0,0,0,0,0,0,0,0,0,0,0,0.7211443451095007,0.05156362923365587,0.28305813044122097,0.04951556604879043,0.5602683401276616,0.0036455629509730136,0,0,10.0,0.2631578947368421,40.0,0.06578947368421052,13.0,3.0,0.08552631578947367,0.019736842105263157,25.6,983.5,0.7,2.4,62,0.0,0
2024-06-21 10:20:00,0,0.0,0.0,0.0,0,0,0.0,0,0,0.0,,0.0,0.0,0,0,0.0,0,0,0,0,0,0,0,0,0,0,0,0,0,0,0,0,0,0,0,0,0,0,0,0,0,0,0,0,0,0,0.7113091308703497,0.04684610648167503,0.28305813044122097,0.04951556604879043,0.5602683401276616,0.0036455629509730136,0,0,10.0,0.29605263157894735,45.0,0.06578947368421052,5.0,0.0,0.032894736842105254,0.0,25.5,983.4,2.1,4.7,62,0.0,0
2024-06-21 10:25:00,0,0.0,0.0,0.0,0,0,0.0,0,0,0.0,,0.0,0.0,0,0,0.0,0,0,0,0,0,0,0,0,0,0,0,0,0,0,0,0,0,0,0,0,0,0,0,0,0,0,0,0,0,0,0.7013733449293689,0.04234426044027656,0.28305813044122097,0.04951556604879043,0.5602683401276616,0.0036455629509730136,0,0,10.0,0.3026315789473684,46.0,0.06578947368421052,1.0,0.0,0.006578947368421073,0.0,25.5,983.4,2.1,4.7,62,0.0,0
2024-06-21 10:30:00,0,0.0,0.0,0.0,0,0,0.0,0,0,0.0,,0.0,0.0,0,0,0.0,0,0,0,0,0,0,0,0,0,0,0,0,0,0,0,0,0,0,0,0,0,0,0,0,0,0,0,0,0,0,0.6913417161825449,0.03806023374435663,0.28305813044122097,0.04951556604879043,0.5602683401276616,0.0036455629509730136,0,0,10.0,0.29605263157894735,45.0,0.06578947368421052,-1.0,0.0,-0.006578947368421073,0.0,25.9,983.4,1.9,4.9,62,0.0,294
2024-06-21 10:35:00,0,0.0,0.0,0.0,0,0,0.0,0,0,0.0,,0.0,0.0,0,0,0.0,0,0,0,0,0,0,0,0,0,0,0,0,0,0,0,0,0,0,0,0,0,0,0,0,0,0,0,0,0,0,0.6812190191418507,0.03399606535860067,0.28305813044122097,0.04951556604879043,0.5602683401276616,0.0036455629509730136,0,0,10.0,0.29605263157894735,45.0,0.06578947368421052,0.0,0.0,0.0,0.0,25.9,983.4,1.9,4.9,62,0.0,294
2024-06-21 10:40:00,0,0.0,0.0,0.0,0,0,0.0,0,0,0.0,,0.0,0.0,0,0,0.0,0,0,0,0,0,0,0,0,0,0,0,0,0,0,0,0,0,0,0,0,0,0,0,0,0,0,0,0,0,0,0.6710100716628344,0.03015368960704584,0.28305813044122097,0.04951556604879043,0.5602683401276616,0.0036455629509730136,0,0,10.0,0.3026315789473684,46.0,0.06578947368421052,1.0,0.0,0.006578947368421073,0.0,25.7,983.4,1.7,4.0,63,0.0,86
2024-06-21 10:45:00,0,0.0,0.0,0.0,0,0,0.0,0,0,0.0,,0.0,0.0,0,0,0.0,0,0,0,0,0,0,0,0,0,0,0,0,0,0,0,0,0,0,0,0,0,0,0,0,0,0,0,0,0,0,0.6607197326515809,0.02653493525244721,0.28305813044122097,0.04951556604879043,0.5602683401276616,0.0036455629509730136,0,0,10.0,0.3026315789473684,46.0,0.06578947368421052,0.0,0.0,0.0,0.0,25.7,983.4,1.7,4.0,63,0.0,86
2024-06-21 10:50:00,0,0.0,0.0,0.0,0,0,0.0,0,0,0.0,,0.0,0.0,0,0,0.0,0,0,0,0,0,0,0,0,0,0,0,0,0,0,0,0,0,0,0,0,0,0,0,0,0,0,0,0,0,0,0.6503528997521366,0.02314152462588659,0.28305813044122097,0.04951556604879043,0.5602683401276616,0.0036455629509730136,0,0,10.0,0.3026315789473684,46.0,0.06578947368421052,0.0,0.0,0.0,0.0,26.0,983.1,1.4,3.1,63,0.0,219
2024-06-21 10:55:00,0,0.0,0.0,0.0,0,0,0.0,0,0,0.0,,0.0,0.0,0,0,0.0,0,0,0,0,0,0,0,0,0,0,0,0,0,0,0,0,0,0,0,0,0,0,0,0,0,0,0,0,0,0,0.6399145070154961,0.0199750728070357,0.28305813044122097,0.04951556604879043,0.5602683401276616,0.0036455629509730136,0,0,10.0,0.3026315789473684,46.0,0.06578947368421052,0.0,0.0,0.0,0.0,26.0,983.1,1.4,3.1,63,0.0,219
2024-06-21 11:00:00,0,0.0,0.0,0.0,0,0,0.0,0,0,0.0,,0.0,0.0,0,0,0.0,0,0,0,0,0,0,0,0,0,0,0,0,0,0,0,0,0,0,0,0,0,0,0,0,0,0,0,0,0,0,0.6294095225512605,0.0170370868554659,0.28305813044122097,0.04951556604879043,0.5602683401276616,0.0036455629509730136,0,0,10.0,0.3026315789473684,46.0,0.06578947368421052,0.0,0.0,0.0,0.0,26.5,982.9,1.1,3.0,62,0.0,359
2024-06-21 11:05:00,0,0.0,0.0,0.0,0,0,0.0,0,0,0.0,,0.0,0.0,0,0,0.0,0,0,0,0,0,0,0,0,0,0,0,0,0,0,0,0,0,0,0,0,0,0,0,0,0,0,0,0,0,0,0.6188429461630864,0.014328965093369284,0.28305813044122097,0.04951556604879043,0.5602683401276616,0.0036455629509730136,0,0,10.0,0.3026315789473684,46.0,0.06578947368421052,0.0,0.0,0.0,0.0,26.5,982.9,1.1,3.0,62,0.0,359
2024-06-21 11:10:00,0,0.0,0.0,0.0,0,0,0.0,0,0,0.0,,0.0,0.0,0,0,0.0,0,0,0,0,0,0,0,0,0,0,0,0,0,0,0,0,0,0,0,0,0,0,0,0,0,0,0,0,0,0,0.6082198069690516,0.011851996440033374,0.28305813044122097,0.04951556604879043,0.5602683401276616,0.0036455629509730136,0,0,10.0,0.3026315789473684,46.0,0.06578947368421052,0.0,0.0,0.0,0.0,27.5,982.9,1.1,3.8,60,0.0,600
2024-06-21 11:15:00,0,0.0,0.0,0.0,0,0,0.0,0,0,0.0,,0.0,0.0,0,0,0.0,0,0,0,0,0,0,0,0,0,0,0,0,0,0,0,0,0,0,0,0,0,0,0,0,0,0,0,0,0,0,0.5975451610080643,0.009607359798384785,0.28305813044122097,0.04951556604879043,0.5602683401276616,0.0036455629509730136,0,0,10.0,0.3026315789473684,46.0,0.06578947368421052,0.0,0.0,0.0,0.0,27.5,982.9,1.1,3.8,60,0.0,600
2024-06-21 11:20:00,0,0.0,0.0,0.0,0,0,0.0,0,0,0.0,,0.0,0.0,0,0,0.0,0,0,0,0,0,0,0,0,0,0,0,0,0,0,0,0,0,0,0,0,0,0,0,0,0,0,0,0,0,0,0.5868240888334652,0.00759612349389599,0.28305813044122097,0.04951556604879043,0.5602683401276616,0.0036455629509730136,0,0,10.0,0.3026315789473684,46.0,0.06578947368421052,0.0,0.0,0.0,0.0,27.6,982.7,1.3,3.8,60,0.0,600
2024-06-21 11:25:00,0,0.0,0.0,0.0,0,0,0.0,0,0,0.0,,0.0,0.0,0,0,0.0,0,0,0,0,0,0,0,0,0,0,0,0,0,0,0,0,0,0,0,0,0,0,0,0,0,0,0,0,0,0,0.5760616930949586,0.005819244766119669,0.28305813044122097,0.04951556604879043,0.5602683401276616,0.0036455629509730136,0,0,9.0,0.3026315789473684,46.0,0.05921052631578947,0.0,-1.0,0.0,-0.006578947368421052,27.6,982.7,1.3,3.8,60,0.0,600
2024-06-21 11:30:00,0,0.0,0.0,0.0,0,0,0.0,0,0,0.0,,0.0,0.0,0,0,0.0,0,0,0,0,0,0,0,0,0,0,0,0,0,0,0,0,0,0,0,0,0,0,0,0,0,0,0,0,0,0,0.5652630961100258,0.004277569313094809,0.28305813044122097,0.04951556604879043,0.5602683401276616,0.0036455629509730136,0,0,10.0,0.3026315789473684,46.0,0.06578947368421052,0.0,1.0,0.0,0.006578947368421052,28.3,982.7,0.6,3.5,59,0.0,600
2024-06-21 11:35:00,0,0.0,0.0,0.0,0,0,0.0,0,0,0.0,,0.0,0.0,0,0,0.0,0,0,0,0,0,0,0,0,0,0,0,0,0,0,0,0,0,0,0,0,0,0,0,0,0,0,0,0,0,0,0.5544334374259823,0.0029718308888401768,0.28305813044122097,0.04951556604879043,0.5602683401276616,0.0036455629509730136,0,0,10.0,0.13815789473684212,21.0,0.06578947368421052,-25.0,0.0,-0.1644736842105263,0.0,28.3,982.7,0.6,3.5,59,0.0,600
2024-06-21 11:40:00,0,0.0,0.0,0.0,0,0,0.0,0,0,0.0,,0.0,0.0,0,0,0.0,0,0,0,0,0,0,0,0,0,0,0,0,0,0,0,0,0,0,0,0,0,0,0,0,0,0,0,0,0,0,0.5435778713738291,0.0019026509541272274,0.28305813044122097,0.04951556604879043,0.5602683401276616,0.0036455629509730136,0,0,10.0,0.019736842105263157,3.0,0.06578947368421052,-18.0,0.0,-0.11842105263157895,0.0,28.0,983.0,1.6,4.4,59,0.0,600
2024-06-21 11:45:00,0,0.0,0.0,0.0,0,0,0.0,0,0,0.0,,0.0,0.0,0,0,0.0,0,0,0,0,0,0,0,0,0,0,0,0,0,0,0,0,0,0,0,0,0,0,0,0,0,0,0,0,0,0,0.5327015646150716,0.0010705383806982605,0.28305813044122097,0.04951556604879043,0.5602683401276616,0.0036455629509730136,0,0,5.0,0.006578947368421052,1.0,0.03289473684210526,-2.0,-5.0,-0.013157894736842105,-0.03289473684210526,28.0,983.0,1.6,4.4,59,0.0,600
2024-06-21 11:50:00,0,0.0,0.0,0.0,0,0,0.0,0,0,0.0,,0.0,0.0,0,0,0.0,0,0,0,0,0,0,0,0,0,0,0,0,0,0,0,0,0,0,0,0,0,0,0,0,0,0,0,0,0,0,0.521809693682668,0.0004758892090711009,0.28305813044122097,0.04951556604879043,0.5602683401276616,0.0036455629509730136,0,0,1.0,0.0,0.0,0.006578947368421052,-1.0,-4.0,-0.006578947368421052,-0.02631578947368421,28.0,983.1,2.3,5.9,59,0.0,600
2024-06-21 11:55:00,0,0.0,0.0,0.0,0,0,0.0,0,0,0.0,,0.0,0.0,0,0,0.0,0,0,0,0,0,0,0,0,0,0,0,0,0,0,0,0,0,0,0,0,0,0,0,0,0,0,0,0,0,0,0.5109074425172808,0.00011898646004543378,0.28305813044122097,0.04951556604879043,0.5602683401276616,0.0036455629509730136,0,0,0.0,0.0,0.0,0.0,0.0,-1.0,0.0,-0.006578947368421052,28.0,983.1,2.3,5.9,59,0.0,600
2024-06-21 12:00:00,0,0.0,0.0,0.0,0,0,0.0,0,0,0.0,,0.0,0.0,0,0,0.0,0,0,0,0,0,0,0,0,0,0,0,0,0,0,0,0,0,0,0,0,0,0,0,0,0,0,0,0,0,0,0.5000000000000001,0.0,0.28305813044122097,0.04951556604879043,0.5602683401276616,0.0036455629509730136,0,0,0.0,0.0,0.0,0.0,0.0,0.0,0.0,0.0,27.9,983.1,3.1,6.7,61,0.0,600
2024-06-21 12:05:00,0,0.0,0.0,0.0,0,0,0.0,0,0,0.0,,0.0,0.0,0,0,0.0,0,0,0,0,0,0,0,0,0,0,0,0,0,0,0,0,0,0,0,0,0,0,0,0,0,0,0,0,0,0,0.4890925574827195,0.00011898646004543378,0.28305813044122097,0.04951556604879043,0.5602683401276616,0.0036455629509730136,0,0,1.0,0.0,0.0,0.006578947368421052,0.0,1.0,0.0,0.006578947368421052,27.9,983.1,3.1,6.7,61,0.0,600
2024-06-21 12:10:00,0,0.0,0.0,0.0,0,0,0.0,0,0,0.0,,0.0,0.0,0,0,0.0,0,0,0,0,0,0,0,0,0,0,0,0,0,0,0,0,0,0,0,0,0,0,0,0,0,0,0,0,0,0,0.47819030631733206,0.0004758892090711009,0.28305813044122097,0.04951556604879043,0.5602683401276616,0.0036455629509730136,0,0,1.0,0.0,0.0,0.006578947368421052,0.0,0.0,0.0,0.0,28.1,983.1,2.7,6.2,62,0.0,600
2024-06-21 12:15:00,0,0.0,0.0,0.0,0,0,0.0,0,0,0.0,,0.0,0.0,0,0,0.0,0,0,0,0,0,0,0,0,0,0,0,0,0,0,0,0,0,0,0,0,0,0,0,0,0,0,0,0,0,0,0.46729843538492855,0.0010705383806982605,0.28305813044122097,0.04951556604879043,0.5602683401276616,0.0036455629509730136,0,0,1.0,0.0,0.0,0.006578947368421052,0.0,0.0,0.0,0.0,28.1,983.1,2.7,6.2,62,0.0,600
2024-06-21 12:20:00,0,0.0,0.0,0.0,0,0,0.0,0,0,0.0,,0.0,0.0,0,0,0.0,0,0,0,0,0,0,0,0,0,0,0,0,0,0,0,0,0,0,0,0,0,0,0,0,0,0,0,0,0,0,0.4564221286261708,0.0019026509541272274,0.28305813044122097,0.04951556604879043,0.5602683401276616,0.0036455629509730136,0,0,2.0,0.0,0.0,0.013157894736842105,0.0,1.0,0.0,0.006578947368421052,28.1,983.1,2.0,5.4,61,0.0,600
2024-06-21 12:25:00,0,0.0,0.0,0.0,0,0,0.0,0,0,0.0,,0.0,0.0,0,0,0.0,0,0,0,0,0,0,0,0,0,0,0,0,0,0,0,0,0,0,0,0,0,0,0,0,0,0,0,0,0,0,0.44556656257401805,0.0029718308888401768,0.28305813044122097,0.04951556604879043,0.5602683401276616,0.0036455629509730136,0,0,2.0,0.0,0.0,0.013157894736842105,0.0,0.0,0.0,0.0,28.1,983.1,2.0,5.4,61,0.0,600
2024-06-21 12:30:00,0,0.0,0.0,0.0,0,0,0.0,0,0,0.0,,0.0,0.0,0,0,0.0,0,0,0,0,0,0,0,0,0,0,0,0,0,0,0,0,0,0,0,0,0,0,0,0,0,0,0,0,0,0,0.4347369038899741,0.004277569313094809,0.28305813044122097,0.04951556604879043,0.5602683401276616,0.0036455629509730136,0,0,2.0,0.0,0.0,0.013157894736842105,0.0,0.0,0.0,0.0,28.0,983.2,2.2,5.2,60,0.0,600
2024-06-21 12:35:00,0,0.0,0.0,0.0,0,0,0.0,0,0,0.0,,0.0,0.0,0,0,0.0,0,0,0,0,0,0,0,0,0,0,0,0,0,0,0,0,0,0,0,0,0,0,0,0,0,0,0,0,0,0,0.4239383069050416,0.005819244766119669,0.28305813044122097,0.04951556604879043,0.5602683401276616,0.0036455629509730136,0,0,1.0,0.0,0.0,0.006578947368421052,0.0,-1.0,0.0,-0.006578947368421052,28.0,983.2,2.2,5.2,60,0.0,600
2024-06-21 12:40:00,0,0.0,0.0,0.0,0,0,0.0,0,0,0.0,,0.0,0.0,0,0,0.0,0,0,0,0,0,0,0,0,0,0,0,0,0,0,0,0,0,0,0,0,0,0,0,0,0,0,0,0,0,0,0.41317591116653474,0.00759612349389599,0.28305813044122097,0.04951556604879043,0.5602683401276616,0.0036455629509730136,0,0,0.0,0.0,0.0,0.0,0.0,-1.0,0.0,-0.006578947368421052,28.3,983.1,1.9,5.3,60,0.0,600
2024-06-21 12:45:00,0,0.0,0.0,0.0,0,0,0.0,0,0,0.0,,0.0,0.0,0,0,0.0,0,0,0,0,0,0,0,0,0,0,0,0,0,0,0,0,0,0,0,0,0,0,0,0,0,0,0,0,0,0,0.4024548389919358,0.009607359798384785,0.28305813044122097,0.04951556604879043,0.5602683401276616,0.0036455629509730136,0,0,1.0,0.0,0.0,0.006578947368421052,0.0,1.0,0.0,0.006578947368421052,28.3,983.1,1.9,5.3,60,0.0,600
2024-06-21 12:50:00,0,0.0,0.0,0.0,0,0,0.0,0,0,0.0,,0.0,0.0,0,0,0.0,0,0,0,0,0,0,0,0,0,0,0,0,0,0,0,0,0,0,0,0,0,0,0,0,0,0,0,0,0,0,0.39178019303094874,0.011851996440033263,0.28305813044122097,0.04951556604879043,0.5602683401276616,0.0036455629509730136,0,0,1.0,0.0,0.0,0.006578947368421052,0.0,0.0,0.0,0.0,28.5,983.1,2.1,6.5,59,0.0,600
2024-06-21 12:55:00,0,0.0,0.0,0.0,0,0,0.0,0,0,0.0,,0.0,0.0,0,0,0.0,0,0,0,0,0,0,0,0,0,0,0,0,0,0,0,0,0,0,0,0,0,0,0,0,0,0,0,0,0,0,0.3811570538369137,0.014328965093369228,0.28305813044122097,0.04951556604879043,0.5602683401276616,0.0036455629509730136,0,0,1.0,0.0,0.0,0.006578947368421052,0.0,0.0,0.0,0.0,28.5,983.1,2.1,6.5,59,0.0,600
2024-06-21 13:00:00,0,0.0,0.0,0.0,0,0,0.0,0,0,0.0,,0.0,0.0,0,0,0.0,0,0,0,0,0,0,0,0,0,0,0,0,0,0,0,0,0,0,0,0,0,0,0,0,0,0,0,0,0,0,0.37059047744873985,0.01703708685546579,0.28305813044122097,0.04951556604879043,0.5602683401276616,0.0036455629509730136,0,0,2.0,0.0,0.0,0.013157894736842105,0.0,1.0,0.0,0.006578947368421052,28.6,982.7,1.8,5.9,58,0.0,470
2024-06-21 13:05:00,0,0.0,0.0,0.0,0,0,0.0,0,0,0.0,,0.0,0.0,0,0,0.0,0,0,0,0,0,0,0,0,0,0,0,0,0,0,0,0,0,0,0,0,0,0,0,0,0,0,0,0,0,0,0.36008549298450376,0.0199750728070357,0.28305813044122097,0.04951556604879043,0.5602683401276616,0.0036455629509730136,0,0,3.0,0.0,0.0,0.019736842105263157,0.0,1.0,0.0,0.006578947368421052,28.6,982.7,1.8,5.9,58,0.0,470
2024-06-21 13:10:00,0,0.0,0.0,0.0,0,0,0.0,0,0,0.0,,0.0,0.0,0,0,0.0,0,0,0,0,0,0,0,0,0,0,0,0,0,0,0,0,0,0,0,0,0,0,0,0,0,0,0,0,0,0,0.34964710024786366,0.023141524625886478,0.28305813044122097,0.04951556604879043,0.5602683401276616,0.0036455629509730136,0,0,4.0,0.0,0.0,0.02631578947368421,0.0,1.0,0.0,0.006578947368421052,28.6,982.6,1.4,5.2,59,0.0,558
2024-06-21 13:15:00,0,0.0,0.0,0.0,0,0,0.0,0,0,0.0,,0.0,0.0,0,0,0.0,0,0,0,0,0,0,0,0,0,0,0,0,0,0,0,0,0,0,0,0,0,0,0,0,0,0,0,0,0,0,0.3392802673484192,0.026534935252447156,0.28305813044122097,0.04951556604879043,0.5602683401276616,0.0036455629509730136,0,0,4.0,0.0,0.0,0.02631578947368421,0.0,0.0,0.0,0.0,28.6,982.6,1.4,5.2,59,0.0,558
2024-06-21 13:20:00,0,0.0,0.0,0.0,0,0,0.0,0,0,0.0,,0.0,0.0,0,0,0.0,0,0,0,0,0,0,0,0,0,0,0,0,0,0,0,0,0,0,0,0,0,0,0,0,0,0,0,0,0,0,0.32898992833716567,0.030153689607045786,0.28305813044122097,0.04951556604879043,0.5602683401276616,0.0036455629509730136,0,0,5.0,0.0,0.0,0.03289473684210526,0.0,1.0,0.0,0.006578947368421052,28.9,982.9,1.0,4.6,59,0.0,446
2024-06-21 13:25:00,0,0.0,0.0,0.0,0,0,0.0,0,0,0.0,,0.0,0.0,0,0,0.0,0,0,0,0,0,0,0,0,0,0,0,0,0,0,0,0,0,0,0,0,0,0,0,0,0,0,0,0,0,0,0.3187809808581492,0.033996065358600724,0.28305813044122097,0.04951556604879043,0.5602683401276616,0.0036455629509730136,0,0,9.0,0.0,0.0,0.05921052631578947,0.0,4.0,0.0,0.02631578947368421,28.9,982.9,1.0,4.6,59,0.0,446
2024-06-21 13:30:00,0,0.0,0.0,0.0,0,0,0.0,0,0,0.0,,0.0,0.0,0,0,0.0,0,0,0,0,0,0,0,0,0,0,0,0,0,0,0,0,0,0,0,0,0,0,0,0,0,0,0,0,0,0,0.3086582838174552,0.038060233744356575,0.28305813044122097,0.04951556604879043,0.5602683401276616,0.0036455629509730136,0,0,13.0,0.0,0.0,0.08552631578947369,0.0,4.0,0.0,0.026315789473684216,29.0,983.1,1.3,6.8,60,0.0,263
2024-06-21 13:35:00,0,0.0,0.0,0.0,0,0,0.0,0,0,0.0,,0.0,0.0,0,0,0.0,0,0,0,0,0,0,0,0,0,0,0,0,0,0,0,0,0,0,0,0,0,0,0,0,0,0,0,0,0,0,0.29862665507063146,0.04234426044027639,0.28305813044122097,0.04951556604879043,0.5602683401276616,0.0036455629509730136,0,0,20.0,0.0,0.0,0.13157894736842105,0.0,7.0,0.0,0.04605263157894736,29.0,983.1,1.3,6.8,60,0.0,263
2024-06-21 13:40:00,0,0.0,0.0,0.0,0,0,0.0,0,0,0.0,,0.0,0.0,0,0,0.0,0,0,0,0,0,0,0,0,0,0,0,0,0,0,0,0,0,0,0,0,0,0,0,0,0,0,0,0,0,0,0.28869086912965036,0.046846106481674976,0.28305813044122097,0.04951556604879043,0.5602683401276616,0.0036455629509730136,0,0,28.0,0.0,0.0,0.18421052631578946,0.0,8.0,0.0,0.05263157894736842,28.7,983.0,1.9,7.1,57,0.0,262
2024-06-21 13:45:00,0,0.0,0.0,0.0,0,0,0.0,0,0,0.0,,0.0,0.0,0,0,0.0,0,0,0,0,0,0,0,0,0,0,0,0,0,0,0,0,0,0,0,0,0,0,0,0,0,0,0,0,0,0,0.27885565489049946,0.05156362923365582,0.28305813044122097,0.04951556604879043,0.5602683401276616,0.0036455629509730136,0,0,34.0,0.0,0.0,0.2236842105263158,0.0,6.0,0.0,0.03947368421052633,28.7,983.0,1.9,7.1,57,0.0,262
2024-06-21 13:50:00,0,0.0,0.0,0.0,0,0,0.0,0,0,0.0,,0.0,0.0,0,0,0.0,0,0,0,0,0,0,0,0,0,0,0,0,0,0,0,0,0,0,0,0,0,0,0,0,0,0,0,0,0,0,0.26912569338248293,0.0564945834108892,0.28305813044122097,0.04951556604879043,0.5602683401276616,0.0036455629509730136,0,0,38.0,0.0,0.0,0.25,0.0,4.0,0.0,0.02631578947368421,29.4,982.9,1.4,6.9,58,0.0,600
2024-06-21 13:55:00,0,0.0,0.0,0.0,0,0,0.0,0,0,0.0,,0.0,0.0,0,0,0.0,0,0,0,0,0,0,0,0,0,0,0,0,0,0,0,0,0,0,0,0,0,0,0,0,0,0,0,0,0,0,0.2595056155403065,0.06163662214624599,0.28305813044122097,0.04951556604879043,0.5602683401276616,0.0036455629509730136,0,0,38.0,0.0,0.0,0.25,0.0,0.0,0.0,0.0,29.4,982.9,1.4,6.9,58,0.0,600
2024-06-21 14:00:00,1,0.006578947368421052,1.0,0.006578947368421052,0,0,0.0,0,0,0.0,,0.0,0.0,0,0,0.0,0,0,0,0,0,0,0,0,0,0,0,0,0,0,0,0,0,0,0,0,0,0,0,0,0,0,0,0,0,0,0.24999999999999994,0.0669872981077807,0.28305813044122097,0.04951556604879043,0.5602683401276616,0.0036455629509730136,0,0,38.0,0.0,0.0,0.25,0.0,0.0,0.0,0.0,28.9,982.7,2.1,7.4,59,0.0,238
2024-06-21 14:05:00,0,0.0,-1.0,-0.006578947368421052,0,0,0.0,0,0,0.0,,0.0,0.0,0,0,0.0,0,0,0,0,0,0,0,0,0,0,0,0,0,0,0,0,0,0,0,0,0,0,0,0,0,0,0,0,0,0,0.24061337091973922,0.07254406466352675,0.28305813044122097,0.04951556604879043,0.5602683401276616,0.0036455629509730136,0,0,38.0,0.0,0.0,0.25,0.0,0.0,0.0,0.0,28.9,982.7,2.1,7.4,59,0.0,238
2024-06-21 14:10:00,0,0.0,0.0,0.0,0,0,0.0,0,0,0.0,,0.0,0.0,0,0,0.0,0,0,0,0,0,0,0,0,0,0,0,0,0,0,0,0,0,0,0,0,0,0,0,0,0,0,0,0,0,0,0.23135019582658806,0.0783042770935572,0.28305813044122097,0.04951556604879043,0.5602683401276616,0.0036455629509730136,0,0,38.0,0.0,0.0,0.25,0.0,0.0,0.0,0.0,28.6,982.6,1.9,6.7,59,0.0,63
2024-06-21 14:15:00,0,0.0,0.0,0.0,0,0,0.0,0,0,0.0,,0.0,0.0,0,0,0.0,0,0,0,0,0,0,0,0,0,0,0,0,0,0,0,0,0,0,0,0,0,0,0,0,0,0,0,0,0,0,0.22221488349019902,0.08426519384872727,0.28305813044122097,0.04951556604879043,0.5602683401276616,0.0036455629509730136,0,0,38.0,0.0,0.0,0.25,0.0,0.0,0.0,0.0,28.6,982.6,1.9,6.7,59,0.0,63
2024-06-21 14:20:00,0,0.0,0.0,0.0,0,0,0.0,0,0,0.0,,0.0,0.0,0,0,0.0,0,0,0,0,0,0,0,0,0,0,0,0,0,0,0,0,0,0,0,0,0,0,0,0,0,0,0,0,0,0,0.2132117818244771,0.09042397785550399,0.28305813044122097,0.04951556604879043,0.5602683401276616,0.0036455629509730136,0,0,38.0,0.0,0.0,0.25,0.0,0.0,0.0,0.0,28.4,982.6,1.5,5.3,59,0.0,105
2024-06-21 14:25:00,0,0.0,0.0,0.0,0,0,0.0,0,0,0.0,,0.0,0.0,0,0,0.0,0,0,0,0,0,0,0,0,0,0,0,0,0,0,0,0,0,0,0,0,0,0,0,0,0,0,0,0,0,0,0.204345175818209,0.09677769786625862,0.28305813044122097,0.04951556604879043,0.5602683401276616,0.0036455629509730136,0,0,38.0,0.0,0.0,0.25,0.0,0.0,0.0,0.0,28.4,982.6,1.5,5.3,59,0.0,105
2024-06-21 14:30:00,0,0.0,0.0,0.0,0,0,0.0,0,0,0.0,,0.0,0.0,0,0,0.0,0,0,0,0,0,0,0,0,0,0,0,0,0,0,0,0,0,0,0,0,0,0,0,0,0,0,0,0,0,0,0.19561928549563984,0.1033233298543823,0.28305813044122097,0.04951556604879043,0.5602683401276616,0.0036455629509730136,0,0,30.0,0.0,0.0,0.19736842105263158,0.0,-8.0,0.0,-0.05263157894736842,27.6,983.0,2.9,9.6,61,0.0,0
2024-06-21 14:35:00,0,0.0,0.0,0.0,0,0,0.0,0,0,0.0,,0.0,0.0,0,0,0.0,0,0,0,0,0,0,0,0,0,0,0,0,0,0,0,0,0,0,0,0,0,0,0,0,0,0,0,0,0,0,0.1870382639079703,0.11005775845355925,0.28305813044122097,0.04951556604879043,0.5602683401276616,0.0036455629509730136,0,0,16.0,0.0,0.0,0.10526315789473684,0.0,-14.0,0.0,-0.09210526315789475,27.6,983.0,2.9,9.6,61,0.0,0
2024-06-21 14:40:00,0,0.0,0.0,0.0,0,0,0.0,0,0,0.0,,0.0,0.0,0,0,0.0,0,0,0,0,0,0,0,0,0,0,0,0,0,0,0,0,0,0,0,0,0,0,0,0,0,0,0,0,0,0,0.17860619515673054,0.11697777844051083,0.28305813044122097,0.04951556604879043,0.5602683401276616,0.0036455629509730136,0,0,14.0,0.0,0.0,0.09210526315789473,0.0,-2.0,0.0,-0.013157894736842105,26.9,983.0,2.5,8.2,63,0.0,0
2024-06-21 14:45:00,0,0.0,0.0,0.0,0,0,0.0,0,0,0.0,,0.0,0.0,0,0,0.0,0,0,0,0,0,0,0,0,0,0,0,0,0,0,0,0,0,0,0,0,0,0,0,0,0,0,0,0,0,0,0.17032709244996558,0.12408009626051125,0.28305813044122097,0.04951556604879043,0.5602683401276616,0.0036455629509730136,0,0,15.0,0.0,0.0,0.09868421052631579,0.0,1.0,0.0,0.006578947368421059,26.9,983.0,2.5,8.2,63,0.0,0
2024-06-21 14:50:00,0,0.0,0.0,0.0,0,0,0.0,0,0,0.0,,0.0,0.0,0,0,0.0,0,0,0,0,0,0,0,0,0,0,0,0,0,0,0,0,0,0,0,0,0,0,0,0,0,0,0,0,0,0,0.16220489619216993,0.13136133159493796,0.28305813044122097,0.04951556604879043,0.5602683401276616,0.0036455629509730136,0,0,15.0,0.0,0.0,0.09868421052631579,0.0,0.0,0.0,0.0,26.2,982.3,2.1,7.9,63,0.0,11
2024-06-21 14:55:00,0,0.0,0.0,0.0,0,0,0.0,0,0,0.0,,0.0,0.0,0,0,0.0,0,0,0,0,0,0,0,0,0,0,0,0,0,0,0,0,0,0,0,0,0,0,0,0,0,0,0,0,0,0,0.15424347210886535,0.1388180189701222,0.28305813044122097,0.04951556604879043,0.5602683401276616,0.0036455629509730136,0,0,14.0,0.0,0.0,0.09210526315789473,0.0,-1.0,0.0,-0.006578947368421059,26.2,982.3,2.1,7.9,63,0.0,11
2024-06-21 15:00:00,0,0.0,0.0,0.0,0,0,0.0,0,0,0.0,,0.0,0.0,0,0,0.0,0,0,0,0,0,0,0,0,0,0,0,0,0,0,0,0,0,0,0,0,0,0,0,0,0,0,0,0,0,0,0.14644660940672627,0.14644660940672616,0.28305813044122097,0.04951556604879043,0.5602683401276616,0.0036455629509730136,0,0,16.0,0.0,0.0,0.10526315789473684,0.0,2.0,0.0,0.013157894736842105,26.1,982.4,1.7,7.7,64,0.0,49
2024-06-21 15:05:00,0,0.0,0.0,0.0,0,0,0.0,0,0,0.0,,0.0,0.0,0,0,0.0,0,0,0,0,0,0,0,0,0,0,0,0,0,0,0,0,0,0,0,0,0,0,0,0,0,0,0,0,0,0,0.13881801897012225,0.15424347210886524,0.28305813044122097,0.04951556604879043,0.5602683401276616,0.0036455629509730136,0,0,10.0,0.0,0.0,0.06578947368421052,0.0,-6.0,0.0,-0.039473684210526314,26.1,982.4,1.7,7.7,64,0.0,49
2024-06-21 15:10:00,0,0.0,0.0,0.0,0,0,0.0,0,0,0.0,,0.0,0.0,0,0,0.0,0,0,0,0,0,0,0,0,0,0,0,0,0,0,0,0,0,0,0,0,0,0,0,0,0,0,0,0,0,0,0.13136133159493807,0.16220489619216982,0.28305813044122097,0.04951556604879043,0.5602683401276616,0.0036455629509730136,0,0,2.0,0.0,0.0,0.013157894736842105,0.0,-8.0,0.0,-0.05263157894736842,26.3,982.9,1.0,5.9,64,0.0,0
2024-06-21 15:15:00,0,0.0,0.0,0.0,0,0,0.0,0,0,0.0,,0.0,0.0,0,0,0.0,0,0,0,0,0,0,0,0,0,0,0,0,0,0,0,0,0,0,0,0,0,0,0,0,0,0,0,0,0,0,0.12408009626051136,0.17032709244996547,0.28305813044122097,0.04951556604879043,0.5602683401276616,0.0036455629509730136,0,0,4.0,0.0,0.0,0.02631578947368421,0.0,2.0,0.0,0.013157894736842105,26.3,982.9,1.0,5.9,64,0.0,0
2024-06-21 15:20:00,0,0.0,0.0,0.0,0,0,0.0,0,0,0.0,,0.0,0.0,0,0,0.0,0,0,0,0,0,0,0,0,0,0,0,0,0,0,0,0,0,0,0,0,0,0,0,0,0,0,0,0,0,0,0.11697777844051077,0.1786061951567306,0.28305813044122097,0.04951556604879043,0.5602683401276616,0.0036455629509730136,0,0,11.0,0.0,0.0,0.07236842105263158,0.0,7.0,0.0,0.04605263157894737,26.2,982.3,1.2,2.6,62,0.0,0
2024-06-21 15:25:00,0,0.0,0.0,0.0,0,0,0.0,0,0,0.0,,0.0,0.0,0,0,0.0,0,0,0,0,0,0,0,0,0,0,0,0,0,0,0,0,0,0,0,0,0,0,0,0,0,0,0,0,0,0,0.1100577584535593,0.18703826390797018,0.28305813044122097,0.04951556604879043,0.5602683401276616,0.0036455629509730136,0,0,21.0,0.0,0.0,0.13815789473684212,0.0,10.0,0.0,0.06578947368421054,26.2,982.3,1.2,2.6,62,0.0,0
2024-06-21 15:30:00,0,0.0,0.0,0.0,0,0,0.0,0,0,0.0,,0.0,0.0,0,0,0.0,0,0,0,0,0,0,0,0,0,0,0,0,0,0,0,0,0,0,0,0,0,0,0,0,0,0,0,0,0,0,0.10332332985438253,0.19561928549563956,0.28305813044122097,0.04951556604879043,0.5602683401276616,0.0036455629509730136,0,0,24.0,0.0,0.0,0.15789473684210525,0.0,3.0,0.0,0.019736842105263136,26.7,981.6,0.5,2.3,60,0.0,499
2024-06-21 15:35:00,0,0.0,0.0,0.0,0,0,0.0,0,0,0.0,,0.0,0.0,0,0,0.0,0,0,0,0,0,0,0,0,0,0,0,0,0,0,0,0,0,0,0,0,0,0,0,0,0,0,0,0,0,0,0.09677769786625867,0.20434517581820888,0.28305813044122097,0.04951556604879043,0.5602683401276616,0.0036455629509730136,0,0,25.0,0.0,0.0,0.16447368421052633,0.0,1.0,0.0,0.006578947368421073,26.7,981.6,0.5,2.3,60,0.0,499
2024-06-21 15:40:00,0,0.0,0.0,0.0,0,0,0.0,0,0,0.0,,0.0,0.0,0,0,0.0,0,0,0,0,0,0,0,0,0,0,0,0,0,0,0,0,0,0,0,0,0,0,0,0,0,0,0,0,0,0,0.09042397785550421,0.2132117818244768,0.28305813044122097,0.04951556604879043,0.5602683401276616,0.0036455629509730136,0,0,26.0,0.0,0.0,0.17105263157894737,0.0,1.0,0.0,0.006578947368421045,26.8,981.8,2.0,5.0,62,0.0,393
2024-06-21 15:45:00,0,0.0,0.0,0.0,0,0,0.0,0,0,0.0,,0.0,0.0,0,0,0.0,0,0,0,0,0,0,0,0,0,0,0,0,0,0,0,0,0,0,0,0,0,0,0,0,0,0,0,0,0,0,0.08426519384872738,0.2222148834901989,0.28305813044122097,0.04951556604879043,0.5602683401276616,0.0036455629509730136,0,0,26.0,0.0,0.0,0.17105263157894737,0.0,0.0,0.0,0.0,26.8,981.8,2.0,5.0,62,0.0,393
2024-06-21 15:50:00,0,0.0,0.0,0.0,0,0,0.0,0,0,0.0,,0.0,0.0,0,0,0.0,0,0,0,0,0,0,0,0,0,0,0,0,0,0,0,0,0,0,0,0,0,0,0,0,0,0,0,0,0,0,0.07830427709355725,0.2313501958265879,0.28305813044122097,0.04951556604879043,0.5602683401276616,0.0036455629509730136,0,0,26.0,0.0,0.0,0.17105263157894737,0.0,0.0,0.0,0.0,26.5,981.6,1.7,6.4,64,0.0,126
2024-06-21 15:55:00,0,0.0,0.0,0.0,0,0,0.0,0,0,0.0,,0.0,0.0,0,0,0.0,0,0,0,0,0,0,0,0,0,0,0,0,0,0,0,0,0,0,0,0,0,0,0,0,0,0,0,0,0,0,0.0725440646635267,0.24061337091973928,0.28305813044122097,0.04951556604879043,0.5602683401276616,0.0036455629509730136,0,0,26.0,0.0,0.0,0.17105263157894737,0.0,0.0,0.0,0.0,26.5,981.6,1.7,6.4,64,0.0,126
2024-06-21 16:00:00,0,0.0,0.0,0.0,0,0,0.0,0,0,0.0,,0.0,0.0,0,0,0.0,0,0,0,0,0,0,0,0,0,0,0,0,0,0,0,0,0,0,0,0,0,0,0,0,0,0,0,0,0,0,0.06698729810778081,0.24999999999999978,0.28305813044122097,0.04951556604879043,0.5602683401276616,0.0036455629509730136,0,0,26.0,0.0,0.0,0.17105263157894737,0.0,0.0,0.0,0.0,26.0,981.8,2.4,6.0,66,0.0,0
2024-06-21 16:05:00,0,0.0,0.0,0.0,0,0,0.0,0,0,0.0,,0.0,0.0,0,0,0.0,0,0,0,0,0,0,0,0,0,0,0,0,0,0,0,0,0,0,0,0,0,0,0,0,0,0,0,0,0,0,0.061636622146246156,0.25950561554030616,0.28305813044122097,0.04951556604879043,0.5602683401276616,0.0036455629509730136,0,0,26.0,0.0,0.0,0.17105263157894737,0.0,0.0,0.0,0.0,26.0,981.8,2.4,6.0,66,0.0,0
2024-06-21 16:10:00,0,0.0,0.0,0.0,0,0,0.0,0,0,0.0,,0.0,0.0,0,0,0.0,0,0,0,0,0,0,0,0,0,0,0,0,0,0,0,0,0,0,0,0,0,0,0,0,0,0,0,0,0,0,0.05649458341088909,0.2691256933824832,0.28305813044122097,0.04951556604879043,0.5602683401276616,0.0036455629509730136,0,0,25.0,0.0,0.0,0.16447368421052633,0.0,-1.0,0.0,-0.006578947368421045,25.8,981.8,1.5,4.1,62,0.0,0
2024-06-21 16:15:00,0,0.0,0.0,0.0,0,0,0.0,0,0,0.0,,0.0,0.0,0,0,0.0,0,0,0,0,0,0,0,0,0,0,0,0,0,0,0,0,0,0,0,0,0,0,0,0,0,0,0,0,0,0,0.05156362923365587,0.27885565489049935,0.28305813044122097,0.04951556604879043,0.5602683401276616,0.0036455629509730136,0,0,26.0,0.0,0.0,0.17105263157894737,0.0,1.0,0.0,0.006578947368421045,25.8,981.8,1.5,4.1,62,0.0,0
2024-06-21 16:20:00,0,0.0,0.0,0.0,0,0,0.0,0,0,0.0,,0.0,0.0,0,0,0.0,0,0,0,0,0,0,0,0,0,0,0,0,0,0,0,0,0,0,0,0,0,0,0,0,0,0,0,0,0,0,0.04684610648167514,0.28869086912965003,0.28305813044122097,0.04951556604879043,0.5602683401276616,0.0036455629509730136,0,0,26.0,0.0,0.0,0.17105263157894737,0.0,0.0,0.0,0.0,25.6,981.9,1.9,4.3,62,0.0,0
2024-06-21 16:25:00,0,0.0,0.0,0.0,0,0,0.0,0,0,0.0,,0.0,0.0,0,0,0.0,0,0,0,0,0,0,0,0,0,0,0,0,0,0,0,0,0,0,0,0,0,0,0,0,0,0,0,0,0,0,0.04234426044027645,0.29862665507063135,0.28305813044122097,0.04951556604879043,0.5602683401276616,0.0036455629509730136,0,0,26.0,0.0,0.0,0.17105263157894737,0.0,0.0,0.0,0.0,25.6,981.9,1.9,4.3,62,0.0,0
2024-06-21 16:30:00,0,0.0,0.0,0.0,0,0,0.0,0,0,0.0,,0.0,0.0,0,0,0.0,0,0,0,0,0,0,0,0,0,0,0,0,0,0,0,0,0,0,0,0,0,0,0,0,0,0,0,0,0,0,0.03806023374435674,0.30865828381745486,0.28305813044122097,0.04951556604879043,0.5602683401276616,0.0036455629509730136,0,0,26.0,0.0,0.0,0.17105263157894737,0.0,0.0,0.0,0.0,25.3,982.3,3.4,7.4,64,0.0,0
2024-06-21 16:35:00,0,0.0,0.0,0.0,0,0,0.0,0,0,0.0,,0.0,0.0,0,0,0.0,0,0,0,0,0,0,0,0,0,0,0,0,0,0,0,0,0,0,0,0,0,0,0,0,0,0,0,0,0,0,0.03399606535860078,0.3187809808581491,0.28305813044122097,0.04951556604879043,0.5602683401276616,0.0036455629509730136,0,0,26.0,0.0,0.0,0.17105263157894737,0.0,0.0,0.0,0.0,25.3,982.3,3.4,7.4,64,0.0,0
2024-06-21 16:40:00,0,0.0,0.0,0.0,0,0,0.0,0,0,0.0,,0.0,0.0,0,0,0.0,0,0,0,0,0,0,0,0,0,0,0,0,0,0,0,0,0,0,0,0,0,0,0,0,0,0,0,0,0,0,0.030153689607045786,0.3289899283371657,0.28305813044122097,0.04951556604879043,0.5602683401276616,0.0036455629509730136,0,0,26.0,0.0,0.0,0.17105263157894737,0.0,0.0,0.0,0.0,25.1,982.2,2.2,5.3,66,0.0,0
2024-06-21 16:45:00,0,0.0,0.0,0.0,0,0,0.0,0,0,0.0,,0.0,0.0,0,0,0.0,0,0,0,0,0,0,0,0,0,0,0,0,0,0,0,0,0,0,0,0,0,0,0,0,0,0,0,0,0,0,0.02653493525244721,0.3392802673484191,0.28305813044122097,0.04951556604879043,0.5602683401276616,0.0036455629509730136,0,0,25.0,0.0,0.0,0.16447368421052633,0.0,-1.0,0.0,-0.006578947368421045,25.1,982.2,2.2,5.3,66,0.0,0
2024-06-21 16:50:00,0,0.0,0.0,0.0,0,0,0.0,0,0,0.0,,0.0,0.0,0,0,0.0,0,0,0,0,0,0,0,0,0,0,0,0,0,0,0,0,0,0,0,0,0,0,0,0,0,0,0,0,0,0,0.023141524625886645,0.3496471002478631,0.28305813044122097,0.04951556604879043,0.5602683401276616,0.0036455629509730136,0,0,25.0,0.0,0.0,0.16447368421052633,0.0,0.0,0.0,0.0,24.6,982.0,2.0,4.9,69,0.0,0
2024-06-21 16:55:00,0,0.0,0.0,0.0,0,0,0.0,0,0,0.0,,0.0,0.0,0,0,0.0,0,0,0,0,0,0,0,0,0,0,0,0,0,0,0,0,0,0,0,0,0,0,0,0,0,0,0,0,0,0,0.0199750728070357,0.3600854929845038,0.28305813044122097,0.04951556604879043,0.5602683401276616,0.0036455629509730136,0,0,25.0,0.0,0.0,0.16447368421052633,0.0,0.0,0.0,0.0,24.6,982.0,2.0,4.9,69,0.0,0
2024-06-21 17:00:00,0,0.0,0.0,0.0,0,0,0.0,0,0,0.0,,0.0,0.0,0,0,0.0,0,0,0,0,0,0,0,0,0,0,0,0,0,0,0,0,0,0,0,0,0,0,0,0,0,0,0,0,0,0,0.017037086855465844,0.3705904774487397,0.28305813044122097,0.04951556604879043,0.5602683401276616,0.0036455629509730136,0,0,10.0,0.0,0.0,0.06578947368421052,0.0,-15.0,0.0,-0.0986842105263158,24.4,981.9,0.8,3.4,71,0.0,0
2024-06-21 17:05:00,0,0.0,0.0,0.0,0,0,0.0,0,0,0.0,,0.0,0.0,0,0,0.0,0,0,0,0,0,0,0,0,0,0,0,0,0,0,0,0,0,0,0,0,0,0,0,0,0,0,0,0,0,0,0.014328965093369339,0.3811570538369133,0.28305813044122097,0.04951556604879043,0.5602683401276616,0.0036455629509730136,0,0,0.0,0.0,0.0,0.0,0.0,-10.0,0.0,-0.06578947368421052,24.4,981.9,0.8,3.4,71,0.0,0
2024-06-21 17:10:00,0,0.0,0.0,0.0,0,0,0.0,0,0,0.0,,0.0,0.0,0,0,0.0,0,0,0,0,0,0,0,0,0,0,0,0,0,0,0,0,0,0,0,0,0,0,0,0,0,0,0,0,0,0,0.011851996440033319,0.3917801930309486,0.28305813044122097,0.04951556604879043,0.5602683401276616,0.0036455629509730136,0,0,0.0,0.0,0.0,0.0,0.0,0.0,0.0,0.0,24.2,981.4,0.8,3.3,72,0.0,0
2024-06-21 17:15:00,0,0.0,0.0,0.0,0,0,0.0,0,0,0.0,,0.0,0.0,0,0,0.0,0,0,0,0,0,0,0,0,0,0,0,0,0,0,0,0,0,0,0,0,0,0,0,0,0,0,0,0,0,0,0.00960735979838484,0.4024548389919357,0.28305813044122097,0.04951556604879043,0.5602683401276616,0.0036455629509730136,0,0,0.0,0.0,0.0,0.0,0.0,0.0,0.0,0.0,24.2,981.4,0.8,3.3,72,0.0,0
2024-06-21 17:20:00,0,0.0,0.0,0.0,0,0,0.0,0,0,0.0,,0.0,0.0,0,0,0.0,0,0,0,0,0,0,0,0,0,0,0,0,0,0,0,0,0,0,0,0,0,0,0,0,0,0,0,0,0,0,0.00759612349389599,0.41317591116653485,0.28305813044122097,0.04951556604879043,0.5602683401276616,0.0036455629509730136,0,0,0.0,0.0,0.0,0.0,0.0,0.0,0.0,0.0,24.2,981.6,0.8,2.9,73,0.0,0
2024-06-21 17:25:00,0,0.0,0.0,0.0,0,0,0.0,0,0,0.0,,0.0,0.0,0,0,0.0,0,0,0,0,0,0,0,0,0,0,0,0,0,0,0,0,0,0,0,0,0,0,0,0,0,0,0,0,0,0,0.005819244766119613,0.42393830690504186,0.28305813044122097,0.04951556604879043,0.5602683401276616,0.0036455629509730136,0,0,0.0,0.0,0.0,0.0,0.0,0.0,0.0,0.0,24.2,981.6,0.8,2.9,73,0.0,0
2024-06-21 17:30:00,0,0.0,0.0,0.0,0,0,0.0,0,0,0.0,,0.0,0.0,0,0,0.0,0,0,0,0,0,0,0,0,0,0,0,0,0,0,0,0,0,0,0,0,0,0,0,0,0,0,0,0,0,0,0.004277569313094809,0.4347369038899742,0.28305813044122097,0.04951556604879043,0.5602683401276616,0.0036455629509730136,0,0,0.0,0.0,0.0,0.0,0.0,0.0,0.0,0.0,24.3,981.6,0.7,2.5,73,0.0,0
2024-06-21 17:35:00,0,0.0,0.0,0.0,0,0,0.0,0,0,0.0,,0.0,0.0,0,0,0.0,0,0,0,0,0,0,0,0,0,0,0,0,0,0,0,0,0,0,0,0,0,0,0,0,0,0,0,0,0,0,0.0029718308888402323,0.44556656257401744,0.28305813044122097,0.04951556604879043,0.5602683401276616,0.0036455629509730136,0,0,0.0,0.0,0.0,0.0,0.0,0.0,0.0,0.0,24.3,981.6,0.7,2.5,73,0.0,0
2024-06-21 17:40:00,0,0.0,0.0,0.0,0,0,0.0,0,0,0.0,,0.0,0.0,0,0,0.0,0,0,0,0,0,0,0,0,0,0,0,0,0,0,0,0,0,0,0,0,0,0,0,0,0,0,0,0,0,0,0.0019026509541272274,0.4564221286261709,0.28305813044122097,0.04951556604879043,0.5602683401276616,0.0036455629509730136,0,0,0.0,0.0,0.0,0.0,0.0,0.0,0.0,0.0,24.3,981.6,1.1,3.1,73,0.0,0
2024-06-21 17:45:00,0,0.0,0.0,0.0,0,0,0.0,0,0,0.0,,0.0,0.0,0,0,0.0,0,0,0,0,0,0,0,0,0,0,0,0,0,0,0,0,0,0,0,0,0,0,0,0,0,0,0,0,0,0,0.0010705383806982605,0.46729843538492866,0.28305813044122097,0.04951556604879043,0.5602683401276616,0.0036455629509730136,0,0,0.0,0.0,0.0,0.0,0.0,0.0,0.0,0.0,24.3,981.6,1.1,3.1,73,0.0,0
2024-06-21 17:50:00,0,0.0,0.0,0.0,0,0,0.0,0,0,0.0,,0.0,0.0,0,0,0.0,0,0,0,0,0,0,0,0,0,0,0,0,0,0,0,0,0,0,0,0,0,0,0,0,0,0,0,0,0,0,0.0004758892090711564,0.4781903063173315,0.28305813044122097,0.04951556604879043,0.5602683401276616,0.0036455629509730136,0,0,0.0,0.0,0.0,0.0,0.0,0.0,0.0,0.0,24.4,981.4,1.0,2.9,73,0.0,0
2024-06-21 17:55:00,0,0.0,0.0,0.0,0,0,0.0,0,0,0.0,,0.0,0.0,0,0,0.0,0,0,0,0,0,0,0,0,0,0,0,0,0,0,0,0,0,0,0,0,0,0,0,0,0,0,0,0,0,0,0.00011898646004543378,0.48909255748271957,0.28305813044122097,0.04951556604879043,0.5602683401276616,0.0036455629509730136,0,0,0.0,0.0,0.0,0.0,0.0,0.0,0.0,0.0,24.4,981.4,1.0,2.9,73,0.0,0
2024-06-21 18:00:00,0,0.0,0.0,0.0,0,0,0.0,0,0,0.0,,0.0,0.0,0,0,0.0,0,0,0,0,0,0,0,0,0,0,0,0,0,0,0,0,0,0,0,0,0,0,0,0,0,0,0,0,0,0,0.0,0.4999999999999999,0.28305813044122097,0.04951556604879043,0.5602683401276616,0.0036455629509730136,0,0,0.0,0.0,0.0,0.0,0.0,0.0,0.0,0.0,24.3,981.3,0.4,1.7,73,0.0,0
2024-06-21 18:05:00,0,0.0,0.0,0.0,0,0,0.0,0,0,0.0,,0.0,0.0,0,0,0.0,0,0,0,0,0,0,0,0,0,0,0,0,0,0,0,0,0,0,0,0,0,0,0,0,0,0,0,0,0,0,0.00011898646004543378,0.5109074425172803,0.28305813044122097,0.04951556604879043,0.5602683401276616,0.0036455629509730136,0,0,0.0,0.0,0.0,0.0,0.0,0.0,0.0,0.0,24.3,981.3,0.4,1.7,73,0.0,0
2024-06-21 18:10:00,0,0.0,0.0,0.0,0,0,0.0,0,0,0.0,,0.0,0.0,0,0,0.0,0,0,0,0,0,0,0,0,0,0,0,0,0,0,0,0,0,0,0,0,0,0,0,0,0,0,0,0,0,0,0.0004758892090711564,0.5218096936826683,0.28305813044122097,0.04951556604879043,0.5602683401276616,0.0036455629509730136,0,0,0.0,0.0,0.0,0.0,0.0,0.0,0.0,0.0,24.2,981.0,0.3,2.2,75,0.0,0
2024-06-21 18:15:00,0,0.0,0.0,0.0,0,0,0.0,0,0,0.0,,0.0,0.0,0,0,0.0,0,0,0,0,0,0,0,0,0,0,0,0,0,0,0,0,0,0,0,0,0,0,0,0,0,0,0,0,0,0,0.001070538380698205,0.5327015646150712,0.28305813044122097,0.04951556604879043,0.5602683401276616,0.0036455629509730136,0,0,0.0,0.0,0.0,0.0,0.0,0.0,0.0,0.0,24.2,981.0,0.3,2.2,75,0.0,0
2024-06-21 18:20:00,0,0.0,0.0,0.0,0,0,0.0,0,0,0.0,,0.0,0.0,0,0,0.0,0,0,0,0,0,0,0,0,0,0,0,0,0,0,0,0,0,0,0,0,0,0,0,0,0,0,0,0,0,0,0.0019026509541272274,0.543577871373829,0.28305813044122097,0.04951556604879043,0.5602683401276616,0.0036455629509730136,0,0,0.0,0.0,0.0,0.0,0.0,0.0,0.0,0.0,24.1,981.2,0.3,1.3,75,0.0,0
2024-06-21 18:25:00,0,0.0,0.0,0.0,0,0,0.0,0,0,0.0,,0.0,0.0,0,0,0.0,0,0,0,0,0,0,0,0,0,0,0,0,0,0,0,0,0,0,0,0,0,0,0,0,0,0,0,0,0,0,0.0029718308888401768,0.5544334374259824,0.28305813044122097,0.04951556604879043,0.5602683401276616,0.0036455629509730136,0,0,0.0,0.0,0.0,0.0,0.0,0.0,0.0,0.0,24.1,981.2,0.3,1.3,75,0.0,0
2024-06-21 18:30:00,0,0.0,0.0,0.0,0,0,0.0,0,0,0.0,,0.0,0.0,0,0,0.0,0,0,0,0,0,0,0,0,0,0,0,0,0,0,0,0,0,0,0,0,0,0,0,0,0,0,0,0,0,0,0.004277569313094753,0.5652630961100257,0.28305813044122097,0.04951556604879043,0.5602683401276616,0.0036455629509730136,0,0,0.0,0.0,0.0,0.0,0.0,0.0,0.0,0.0,24.0,981.0,0.5,1.2,76,0.0,0
2024-06-21 18:35:00,0,0.0,0.0,0.0,0,0,0.0,0,0,0.0,,0.0,0.0,0,0,0.0,0,0,0,0,0,0,0,0,0,0,0,0,0,0,0,0,0,0,0,0,0,0,0,0,0,0,0,0,0,0,0.005819244766119558,0.5760616930949579,0.28305813044122097,0.04951556604879043,0.5602683401276616,0.0036455629509730136,0,0,0.0,0.0,0.0,0.0,0.0,0.0,0.0,0.0,24.0,981.0,0.5,1.2,76,0.0,0
2024-06-21 18:40:00,0,0.0,0.0,0.0,0,0,0.0,0,0,0.0,,0.0,0.0,0,0,0.0,0,0,0,0,0,0,0,0,0,0,0,0,0,0,0,0,0,0,0,0,0,0,0,0,0,0,0,0,0,0,0.007596123493895934,0.586824088833465,0.28305813044122097,0.04951556604879043,0.5602683401276616,0.0036455629509730136,0,0,0.0,0.0,0.0,0.0,0.0,0.0,0.0,0.0,23.9,980.8,0.5,1.2,76,0.0,0
2024-06-21 18:45:00,0,0.0,0.0,0.0,0,0,0.0,0,0,0.0,,0.0,0.0,0,0,0.0,0,0,0,0,0,0,0,0,0,0,0,0,0,0,0,0,0,0,0,0,0,0,0,0,0,0,0,0,0,0,0.009607359798384785,0.5975451610080642,0.28305813044122097,0.04951556604879043,0.5602683401276616,0.0036455629509730136,0,0,0.0,0.0,0.0,0.0,0.0,0.0,0.0,0.0,23.9,980.8,0.5,1.2,76,0.0,0
2024-06-21 18:50:00,0,0.0,0.0,0.0,0,0,0.0,0,0,0.0,,0.0,0.0,0,0,0.0,0,0,0,0,0,0,0,0,0,0,0,0,0,0,0,0,0,0,0,0,0,0,0,0,0,0,0,0,0,0,0.011851996440033263,0.6082198069690512,0.28305813044122097,0.04951556604879043,0.5602683401276616,0.0036455629509730136,0,0,0.0,0.0,0.0,0.0,0.0,0.0,0.0,0.0,23.8,980.7,1.0,1.4,76,0.0,0
2024-06-21 18:55:00,0,0.0,0.0,0.0,0,0,0.0,0,0,0.0,,0.0,0.0,0,0,0.0,0,0,0,0,0,0,0,0,0,0,0,0,0,0,0,0,0,0,0,0,0,0,0,0,0,0,0,0,0,0,0.014328965093369284,0.6188429461630865,0.28305813044122097,0.04951556604879043,0.5602683401276616,0.0036455629509730136,0,0,0.0,0.0,0.0,0.0,0.0,0.0,0.0,0.0,23.8,980.7,1.0,1.4,76,0.0,0
2024-06-21 19:00:00,0,0.0,0.0,0.0,0,0,0.0,0,0,0.0,,0.0,0.0,0,0,0.0,0,0,0,0,0,0,0,0,0,0,0,0,0,0,0,0,0,0,0,0,0,0,0,0,0,0,0,0,0,0,0.01703708685546579,0.6294095225512601,0.28305813044122097,0.04951556604879043,0.5602683401276616,0.0036455629509730136,0,0,0.0,0.0,0.0,0.0,0.0,0.0,0.0,0.0,23.7,980.7,0.8,1.4,76,0.0,0
2024-06-21 19:05:00,0,0.0,0.0,0.0,0,0,0.0,0,0,0.0,,0.0,0.0,0,0,0.0,0,0,0,0,0,0,0,0,0,0,0,0,0,0,0,0,0,0,0,0,0,0,0,0,0,0,0,0,0,0,0.019975072807035643,0.639914507015496,0.28305813044122097,0.04951556604879043,0.5602683401276616,0.0036455629509730136,0,0,0.0,0.0,0.0,0.0,0.0,0.0,0.0,0.0,23.7,980.7,0.8,1.4,76,0.0,0
2024-06-21 19:10:00,1,0.006578947368421052,1.0,0.006578947368421052,0,0,0.0,0,0,0.0,,0.0,0.0,0,0,0.0,0,0,0,0,0,0,0,0,0,0,0,0,0,0,0,0,0,0,0,0,0,0,0,0,0,0,0,0,0,0,0.02314152462588659,0.6503528997521367,0.28305813044122097,0.04951556604879043,0.5602683401276616,0.0036455629509730136,0,0,0.0,0.0,0.0,0.0,0.0,0.0,0.0,0.0,23.5,980.3,0.4,1.1,78,0.0,0
2024-06-21 19:15:00,0,0.0,-1.0,-0.006578947368421052,0,0,0.0,0,0,0.0,,0.0,0.0,0,0,0.0,0,0,0,0,0,0,0,0,0,0,0,0,0,0,0,0,0,0,0,0,0,0,0,0,0,0,0,0,0,0,0.026534935252447156,0.6607197326515808,0.28305813044122097,0.04951556604879043,0.5602683401276616,0.0036455629509730136,0,0,0.0,0.0,0.0,0.0,0.0,0.0,0.0,0.0,23.5,980.3,0.4,1.1,78,0.0,0
2024-06-21 19:20:00,0,0.0,0.0,0.0,0,0,0.0,0,0,0.0,,0.0,0.0,0,0,0.0,0,0,0,0,0,0,0,0,0,0,0,0,0,0,0,0,0,0,0,0,0,0,0,0,0,0,0,0,0,0,0.03015368960704573,0.6710100716628341,0.28305813044122097,0.04951556604879043,0.5602683401276616,0.0036455629509730136,0,0,0.0,0.0,0.0,0.0,0.0,0.0,0.0,0.0,23.4,980.3,0.4,1.4,78,0.0,0
2024-06-21 19:25:00,0,0.0,0.0,0.0,0,0,0.0,0,0,0.0,,0.0,0.0,0,0,0.0,0,0,0,0,0,0,0,0,0,0,0,0,0,0,0,0,0,0,0,0,0,0,0,0,0,0,0,0,0,0,0.033996065358600724,0.6812190191418508,0.28305813044122097,0.04951556604879043,0.5602683401276616,0.0036455629509730136,0,0,0.0,0.0,0.0,0.0,0.0,0.0,0.0,0.0,23.4,980.3,0.4,1.4,78,0.0,0
2024-06-21 19:30:00,0,0.0,0.0,0.0,0,0,0.0,0,0,0.0,,0.0,0.0,0,0,0.0,0,0,0,0,0,0,0,0,0,0,0,0,0,0,0,0,0,0,0,0,0,0,0,0,0,0,0,0,0,0,0.038060233744356686,0.691341716182545,0.28305813044122097,0.04951556604879043,0.5602683401276616,0.0036455629509730136,0,0,0.0,0.0,0.0,0.0,0.0,0.0,0.0,0.0,23.1,980.3,0.4,0.9,79,0.0,0
2024-06-21 19:35:00,0,0.0,0.0,0.0,0,0,0.0,0,0,0.0,,0.0,0.0,0,0,0.0,0,0,0,0,0,0,0,0,0,0,0,0,0,0,0,0,0,0,0,0,0,0,0,0,0,0,0,0,0,0,0.04234426044027639,0.7013733449293685,0.28305813044122097,0.04951556604879043,0.5602683401276616,0.0036455629509730136,0,0,0.0,0.0,0.0,0.0,0.0,0.0,0.0,0.0,23.1,980.3,0.4,0.9,79,0.0,0
2024-06-21 19:40:00,0,0.0,0.0,0.0,0,0,0.0,0,0,0.0,,0.0,0.0,0,0,0.0,0,0,0,0,0,0,0,0,0,0,0,0,0,0,0,0,0,0,0,0,0,0,0,0,0,0,0,0,0,0,0.04684610648167503,0.7113091308703499,0.28305813044122097,0.04951556604879043,0.5602683401276616,0.0036455629509730136,0,0,0.0,0.0,0.0,0.0,0.0,0.0,0.0,0.0,23.0,980.3,0.4,0.9,80,0.0,0
2024-06-21 19:45:00,0,0.0,0.0,0.0,0,0,0.0,0,0,0.0,,0.0,0.0,0,0,0.0,0,0,0,0,0,0,0,0,0,0,0,0,0,0,0,0,0,0,0,0,0,0,0,0,0,0,0,0,0,0,0.05156362923365576,0.7211443451095005,0.28305813044122097,0.04951556604879043,0.5602683401276616,0.0036455629509730136,0,0,0.0,0.0,0.0,0.0,0.0,0.0,0.0,0.0,23.0,980.3,0.4,0.9,80,0.0,0
2024-06-21 19:50:00,0,0.0,0.0,0.0,0,0,0.0,0,0,0.0,,0.0,0.0,0,0,0.0,0,0,0,0,0,0,0,0,0,0,0,0,0,0,0,0,0,0,0,0,0,0,0,0,0,0,0,0,0,0,0.05649458341088898,0.7308743066175166,0.28305813044122097,0.04951556604879043,0.5602683401276616,0.0036455629509730136,0,0,0.0,0.0,0.0,0.0,0.0,0.0,0.0,0.0,22.8,980.3,0.8,1.5,80,0.0,0
2024-06-21 19:55:00,0,0.0,0.0,0.0,0,0,0.0,0,0,0.0,,0.0,0.0,0,0,0.0,0,0,0,0,0,0,0,0,0,0,0,0,0,0,0,0,0,0,0,0,0,0,0,0,0,0,0,0,0,0,0.061636622146246045,0.7404943844596936,0.28305813044122097,0.04951556604879043,0.5602683401276616,0.0036455629509730136,0,0,0.0,0.0,0.0,0.0,0.0,0.0,0.0,0.0,22.8,980.3,0.8,1.5,80,0.0,0
2024-06-21 20:00:00,0,0.0,0.0,0.0,0,0,0.0,0,0,0.0,,0.0,0.0,0,0,0.0,0,0,0,0,0,0,0,0,0,0,0,0,0,0,0,0,0,0,0,0,0,0,0,0,0,0,0,0,0,0,0.0669872981077807,0.75,0.28305813044122097,0.04951556604879043,0.5602683401276616,0.0036455629509730136,0,0,0.0,0.0,0.0,0.0,0.0,0.0,0.0,0.0,22.8,980.3,0.5,1.4,81,0.0,0
2024-06-21 20:05:00,0,0.0,0.0,0.0,0,0,0.0,0,0,0.0,,0.0,0.0,0,0,0.0,0,0,0,0,0,0,0,0,0,0,0,0,0,0,0,0,0,0,0,0,0,0,0,0,0,0,0,0,0,0,0.07254406466352659,0.7593866290802606,0.28305813044122097,0.04951556604879043,0.5602683401276616,0.0036455629509730136,0,0,0.0,0.0,0.0,0.0,0.0,0.0,0.0,0.0,22.8,980.3,0.5,1.4,81,0.0,0
2024-06-21 20:10:00,0,0.0,0.0,0.0,0,0,0.0,0,0,0.0,,0.0,0.0,0,0,0.0,0,0,0,0,0,0,0,0,0,0,0,0,0,0,0,0,0,0,0,0,0,0,0,0,0,0,0,0,0,0,0.07830427709355714,0.768649804173412,0.28305813044122097,0.04951556604879043,0.5602683401276616,0.0036455629509730136,0,0,0.0,0.0,0.0,0.0,0.0,0.0,0.0,0.0,22.7,980.3,0.5,1.2,81,0.0,0
2024-06-21 20:15:00,0,0.0,0.0,0.0,0,0,0.0,0,0,0.0,,0.0,0.0,0,0,0.0,0,0,0,0,0,0,0,0,0,0,0,0,0,0,0,0,0,0,0,0,0,0,0,0,0,0,0,0,0,0,0.08426519384872727,0.7777851165098009,0.28305813044122097,0.04951556604879043,0.5602683401276616,0.0036455629509730136,0,0,0.0,0.0,0.0,0.0,0.0,0.0,0.0,0.0,22.7,980.3,0.5,1.2,81,0.0,0
2024-06-21 20:20:00,0,0.0,0.0,0.0,0,0,0.0,0,0,0.0,,0.0,0.0,0,0,0.0,0,0,0,0,0,0,0,0,0,0,0,0,0,0,0,0,0,0,0,0,0,0,0,0,0,0,0,0,0,0,0.0904239778555041,0.786788218175523,0.28305813044122097,0.04951556604879043,0.5602683401276616,0.0036455629509730136,0,0,0.0,0.0,0.0,0.0,0.0,0.0,0.0,0.0,22.7,980.4,0.7,1.7,80,0.0,0
2024-06-21 20:25:00,0,0.0,0.0,0.0,0,0,0.0,0,0,0.0,,0.0,0.0,0,0,0.0,0,0,0,0,0,0,0,0,0,0,0,0,0,0,0,0,0,0,0,0,0,0,0,0,0,0,0,0,0,0,0.09677769786625884,0.7956548241817913,0.28305813044122097,0.04951556604879043,0.5602683401276616,0.0036455629509730136,0,0,0.0,0.0,0.0,0.0,0.0,0.0,0.0,0.0,22.7,980.4,0.7,1.7,80,0.0,0
2024-06-21 20:30:00,0,0.0,0.0,0.0,0,0,0.0,0,0,0.0,,0.0,0.0,0,0,0.0,0,0,0,0,0,0,0,0,0,0,0,0,0,0,0,0,0,0,0,0,0,0,0,0,0,0,0,0,0,0,0.10332332985438242,0.8043807145043602,0.28305813044122097,0.04951556604879043,0.5602683401276616,0.0036455629509730136,0,0,0.0,0.0,0.0,0.0,0.0,0.0,0.0,0.0,22.5,980.8,0.4,1.2,81,0.0,0
2024-06-21 20:35:00,0,0.0,0.0,0.0,0,0,0.0,0,0,0.0,,0.0,0.0,0,0,0.0,0,0,0,0,0,0,0,0,0,0,0,0,0,0,0,0,0,0,0,0,0,0,0,0,0,0,0,0,0,0,0.11005775845355892,0.8129617360920294,0.28305813044122097,0.04951556604879043,0.5602683401276616,0.0036455629509730136,0,0,0.0,0.0,0.0,0.0,0.0,0.0,0.0,0.0,22.5,980.8,0.4,1.2,81,0.0,0
2024-06-21 20:40:00,0,0.0,0.0,0.0,0,0,0.0,0,0,0.0,,0.0,0.0,0,0,0.0,0,0,0,0,0,0,0,0,0,0,0,0,0,0,0,0,0,0,0,0,0,0,0,0,0,0,0,0,0,0,0.11697777844051094,0.8213938048432696,0.28305813044122097,0.04951556604879043,0.5602683401276616,0.0036455629509730136,0,0,0.0,0.0,0.0,0.0,0.0,0.0,0.0,0.0,22.6,981.1,0.3,1.8,81,0.0,0
2024-06-21 20:45:00,0,0.0,0.0,0.0,0,0,0.0,0,0,0.0,,0.0,0.0,0,0,0.0,0,0,0,0,0,0,0,0,0,0,0,0,0,0,0,0,0,0,0,0,0,0,0,0,0,0,0,0,0,0,0.12408009626051142,0.8296729075500345,0.28305813044122097,0.04951556604879043,0.5602683401276616,0.0036455629509730136,0,0,0.0,0.0,0.0,0.0,0.0,0.0,0.0,0.0,22.6,981.1,0.3,1.8,81,0.0,0
2024-06-21 20:50:00,0,0.0,0.0,0.0,0,0,0.0,0,0,0.0,,0.0,0.0,0,0,0.0,0,0,0,0,0,0,0,0,0,0,0,0,0,0,0,0,0,0,0,0,0,0,0,0,0,0,0,0,0,0,0.13136133159493762,0.8377951038078297,0.28305813044122097,0.04951556604879043,0.5602683401276616,0.0036455629509730136,0,0,0.0,0.0,0.0,0.0,0.0,0.0,0.0,0.0,22.6,981.3,1.3,4.5,81,0.0,0
2024-06-21 20:55:00,0,0.0,0.0,0.0,0,0,0.0,0,0,0.0,,0.0,0.0,0,0,0.0,0,0,0,0,0,0,0,0,0,0,0,0,0,0,0,0,0,0,0,0,0,0,0,0,0,0,0,0,0,0,0.1388180189701223,0.8457565278911348,0.28305813044122097,0.04951556604879043,0.5602683401276616,0.0036455629509730136,0,0,0.0,0.0,0.0,0.0,0.0,0.0,0.0,0.0,22.6,981.3,1.3,4.5,81,0.0,0
2024-06-21 21:00:00,0,0.0,0.0,0.0,0,0,0.0,0,0,0.0,,0.0,0.0,0,0,0.0,0,0,0,0,0,0,0,0,0,0,0,0,0,0,0,0,0,0,0,0,0,0,0,0,0,0,0,0,0,0,0.14644660940672616,0.8535533905932737,0.28305813044122097,0.04951556604879043,0.5602683401276616,0.0036455629509730136,0,0,0.0,0.0,0.0,0.0,0.0,0.0,0.0,0.0,22.5,981.8,1.4,4.8,84,0.0,0
2024-06-21 21:05:00,0,0.0,0.0,0.0,0,0,0.0,0,0,0.0,,0.0,0.0,0,0,0.0,0,0,0,0,0,0,0,0,0,0,0,0,0,0,0,0,0,0,0,0,0,0,0,0,0,0,0,0,0,0,0.15424347210886508,0.8611819810298775,0.28305813044122097,0.04951556604879043,0.5602683401276616,0.0036455629509730136,0,0,0.0,0.0,0.0,0.0,0.0,0.0,0.0,0.0,22.5,981.8,1.4,4.8,84,0.0,0
2024-06-21 21:10:00,0,0.0,0.0,0.0,0,0,0.0,0,0,0.0,,0.0,0.0,0,0,0.0,0,0,0,0,0,0,0,0,0,0,0,0,0,0,0,0,0,0,0,0,0,0,0,0,0,0,0,0,0,0,0.1622048961921701,0.8686386684050622,0.28305813044122097,0.04951556604879043,0.5602683401276616,0.0036455629509730136,0,0,0.0,0.0,0.0,0.0,0.0,0.0,0.0,0.0,22.5,982.0,1.8,6.6,84,0.0,0
2024-06-21 21:15:00,0,0.0,0.0,0.0,0,0,0.0,0,0,0.0,,0.0,0.0,0,0,0.0,0,0,0,0,0,0,0,0,0,0,0,0,0,0,0,0,0,0,0,0,0,0,0,0,0,0,0,0,0,0,0.1703270924499653,0.8759199037394885,0.28305813044122097,0.04951556604879043,0.5602683401276616,0.0036455629509730136,0,0,0.0,0.0,0.0,0.0,0.0,0.0,0.0,0.0,22.5,982.0,1.8,6.6,84,0.0,0
2024-06-21 21:20:00,0,0.0,0.0,0.0,0,0,0.0,0,0,0.0,,0.0,0.0,0,0,0.0,0,0,0,0,0,0,0,0,0,0,0,0,0,0,0,0,0,0,0,0,0,0,0,0,0,0,0,0,0,0,0.1786061951567302,0.883022221559489,0.28305813044122097,0.04951556604879043,0.5602683401276616,0.0036455629509730136,0,0,0.0,0.0,0.0,0.0,0.0,0.0,0.0,0.0,22.5,982.2,1.2,7.6,85,0.0,0
2024-06-21 21:25:00,0,0.0,0.0,0.0,0,0,0.0,0,0,0.0,,0.0,0.0,0,0,0.0,0,0,0,0,0,0,0,0,0,0,0,0,0,0,0,0,0,0,0,0,0,0,0,0,0,0,0,0,0,0,0.18703826390797051,0.8899422415464409,0.28305813044122097,0.04951556604879043,0.5602683401276616,0.0036455629509730136,0,0,0.0,0.0,0.0,0.0,0.0,0.0,0.0,0.0,22.5,982.2,1.2,7.6,85,0.0,0
2024-06-21 21:30:00,0,0.0,0.0,0.0,0,0,0.0,0,0,0.0,,0.0,0.0,0,0,0.0,0,0,0,0,0,0,0,0,0,0,0,0,0,0,0,0,0,0,0,0,0,0,0,0,0,0,0,0,0,0,0.19561928549563956,0.8966766701456175,0.28305813044122097,0.04951556604879043,0.5602683401276616,0.0036455629509730136,0,0,0.0,0.0,0.0,0.0,0.0,0.0,0.0,0.0,22.4,982.2,1.8,6.1,86,0.0,0
2024-06-21 21:35:00,0,0.0,0.0,0.0,0,0,0.0,0,0,0.0,,0.0,0.0,0,0,0.0,0,0,0,0,0,0,0,0,0,0,0,0,0,0,0,0,0,0,0,0,0,0,0,0,0,0,0,0,0,0,0.2043451758182085,0.9032223021337411,0.28305813044122097,0.04951556604879043,0.5602683401276616,0.0036455629509730136,0,0,0.0,0.0,0.0,0.0,0.0,0.0,0.0,0.0,22.4,982.2,1.8,6.1,86,0.0,0
2024-06-21 21:40:00,0,0.0,0.0,0.0,0,0,0.0,0,0,0.0,,0.0,0.0,0,0,0.0,0,0,0,0,0,0,0,0,0,0,0,0,0,0,0,0,0,0,0,0,0,0,0,0,0,0,0,0,0,0,0.21321178182447675,0.9095760221444957,0.28305813044122097,0.04951556604879043,0.5602683401276616,0.0036455629509730136,0,0,0.0,0.0,0.0,0.0,0.0,0.0,0.0,0.0,22.4,982.0,1.6,5.4,86,0.0,0
2024-06-21 21:45:00,0,0.0,0.0,0.0,0,0,0.0,0,0,0.0,,0.0,0.0,0,0,0.0,0,0,0,0,0,0,0,0,0,0,0,0,0,0,0,0,0,0,0,0,0,0,0,0,0,0,0,0,0,0,0.2222148834901989,0.9157348061512727,0.28305813044122097,0.04951556604879043,0.5602683401276616,0.0036455629509730136,0,0,0.0,0.0,0.0,0.0,0.0,0.0,0.0,0.0,22.4,982.0,1.6,5.4,86,0.0,0
2024-06-21 21:50:00,0,0.0,0.0,0.0,0,0,0.0,0,0,0.0,,0.0,0.0,0,0,0.0,0,0,0,0,0,0,0,0,0,0,0,0,0,0,0,0,0,0,0,0,0,0,0,0,0,0,0,0,0,0,0.2313501958265879,0.9216957229064427,0.28305813044122097,0.04951556604879043,0.5602683401276616,0.0036455629509730136,0,0,0.0,0.0,0.0,0.0,0.0,0.0,0.0,0.0,22.4,982.2,1.7,5.4,85,0.0,0
2024-06-21 21:55:00,0,0.0,0.0,0.0,0,0,0.0,0,0,0.0,,0.0,0.0,0,0,0.0,0,0,0,0,0,0,0,0,0,0,0,0,0,0,0,0,0,0,0,0,0,0,0,0,0,0,0,0,0,0,0.24061337091973928,0.9274559353364733,0.28305813044122097,0.04951556604879043,0.5602683401276616,0.0036455629509730136,0,0,0.0,0.0,0.0,0.0,0.0,0.0,0.0,0.0,22.4,982.2,1.7,5.4,85,0.0,0
2024-06-21 22:00:00,0,0.0,0.0,0.0,0,0,0.0,0,0,0.0,,0.0,0.0,0,0,0.0,0,0,0,0,0,0,0,0,0,0,0,0,0,0,0,0,0,0,0,0,0,0,0,0,0,0,0,0,0,0,0.24999999999999978,0.9330127018922192,0.28305813044122097,0.04951556604879043,0.5602683401276616,0.0036455629509730136,0,0,0.0,0.0,0.0,0.0,0.0,0.0,0.0,0.0,22.2,983.1,2.5,8.3,77,0.0,0
2024-06-21 22:05:00,0,0.0,0.0,0.0,0,0,0.0,0,0,0.0,,0.0,0.0,0,0,0.0,0,0,0,0,0,0,0,0,0,0,0,0,0,0,0,0,0,0,0,0,0,0,0,0,0,0,0,0,0,0,0.25950561554030616,0.9383633778537539,0.28305813044122097,0.04951556604879043,0.5602683401276616,0.0036455629509730136,0,0,0.0,0.0,0.0,0.0,0.0,0.0,0.0,0.0,22.2,983.1,2.5,8.3,77,0.0,0
2024-06-21 22:10:00,0,0.0,0.0,0.0,0,0,0.0,0,0,0.0,,0.0,0.0,0,0,0.0,0,0,0,0,0,0,0,0,0,0,0,0,0,0,0,0,0,0,0,0,0,0,0,0,0,0,0,0,0,0,0.26912569338248316,0.9435054165891109,0.28305813044122097,0.04951556604879043,0.5602683401276616,0.0036455629509730136,0,0,0.0,0.0,0.0,0.0,0.0,0.0,0.0,0.0,21.9,983.3,2.8,12.1,69,0.0,0
2024-06-21 22:15:00,0,0.0,0.0,0.0,0,0,0.0,0,0,0.0,,0.0,0.0,0,0,0.0,0,0,0,0,0,0,0,0,0,0,0,0,0,0,0,0,0,0,0,0,0,0,0,0,0,0,0,0,0,0,0.2788556548904993,0.9484363707663441,0.28305813044122097,0.04951556604879043,0.5602683401276616,0.0036455629509730136,0,0,0.0,0.0,0.0,0.0,0.0,0.0,0.0,0.0,21.9,983.3,2.8,12.1,69,0.0,0
2024-06-21 22:20:00,0,0.0,0.0,0.0,0,0,0.0,0,0,0.0,,0.0,0.0,0,0,0.0,0,0,0,0,0,0,0,0,0,0,0,0,0,0,0,0,0,0,0,0,0,0,0,0,0,0,0,0,0,0,0.28869086912965003,0.9531538935183248,0.28305813044122097,0.04951556604879043,0.5602683401276616,0.0036455629509730136,0,0,0.0,0.0,0.0,0.0,0.0,0.0,0.0,0.0,21.3,983.6,2.8,9.7,71,0.0,0
2024-06-21 22:25:00,0,0.0,0.0,0.0,0,0,0.0,0,0,0.0,,0.0,0.0,0,0,0.0,0,0,0,0,0,0,0,0,0,0,0,0,0,0,0,0,0,0,0,0,0,0,0,0,0,0,0,0,0,0,0.2986266550706313,0.9576557395597236,0.28305813044122097,0.04951556604879043,0.5602683401276616,0.0036455629509730136,0,0,0.0,0.0,0.0,0.0,0.0,0.0,0.0,0.0,21.3,983.6,2.8,9.7,71,0.0,0
2024-06-21 22:30:00,0,0.0,0.0,0.0,0,0,0.0,0,0,0.0,,0.0,0.0,0,0,0.0,0,0,0,0,0,0,0,0,0,0,0,0,0,0,0,0,0,0,0,0,0,0,0,0,0,0,0,0,0,0,0.3086582838174548,0.9619397662556433,0.28305813044122097,0.04951556604879043,0.5602683401276616,0.0036455629509730136,0,0,0.0,0.0,0.0,0.0,0.0,0.0,0.0,0.0,21.0,984.5,2.3,11.3,73,0.0,0
2024-06-21 22:35:00,0,0.0,0.0,0.0,0,0,0.0,0,0,0.0,,0.0,0.0,0,0,0.0,0,0,0,0,0,0,0,0,0,0,0,0,0,0,0,0,0,0,0,0,0,0,0,0,0,0,0,0,0,0,0.3187809808581491,0.9660039346413992,0.28305813044122097,0.04951556604879043,0.5602683401276616,0.0036455629509730136,0,0,0.0,0.0,0.0,0.0,0.0,0.0,0.0,0.0,21.0,984.5,2.3,11.3,73,0.0,0
2024-06-21 22:40:00,0,0.0,0.0,0.0,0,0,0.0,0,0,0.0,,0.0,0.0,0,0,0.0,0,0,0,0,0,0,0,0,0,0,0,0,0,0,0,0,0,0,0,0,0,0,0,0,0,0,0,0,0,0,0.32898992833716567,0.9698463103929542,0.28305813044122097,0.04951556604879043,0.5602683401276616,0.0036455629509730136,0,0,0.0,0.0,0.0,0.0,0.0,0.0,0.0,0.0,19.9,984.8,3.6,12.0,70,0.0,0
2024-06-21 22:45:00,0,0.0,0.0,0.0,0,0,0.0,0,0,0.0,,0.0,0.0,0,0,0.0,0,0,0,0,0,0,0,0,0,0,0,0,0,0,0,0,0,0,0,0,0,0,0,0,0,0,0,0,0,0,0.3392802673484191,0.9734650647475528,0.28305813044122097,0.04951556604879043,0.5602683401276616,0.0036455629509730136,0,0,0.0,0.0,0.0,0.0,0.0,0.0,0.0,0.0,19.9,984.8,3.6,12.0,70,0.0,0
2024-06-21 22:50:00,0,0.0,0.0,0.0,0,0,0.0,0,0,0.0,,0.0,0.0,0,0,0.0,0,0,0,0,0,0,0,0,0,0,0,0,0,0,0,0,0,0,0,0,0,0,0,0,0,0,0,0,0,0,0.34964710024786305,0.9768584753741134,0.28305813044122097,0.04951556604879043,0.5602683401276616,0.0036455629509730136,0,0,0.0,0.0,0.0,0.0,0.0,0.0,0.0,0.0,19.1,984.9,1.9,9.1,72,0.0,0
2024-06-21 22:55:00,0,0.0,0.0,0.0,0,0,0.0,0,0,0.0,,0.0,0.0,0,0,0.0,0,0,0,0,0,0,0,0,0,0,0,0,0,0,0,0,0,0,0,0,0,0,0,0,0,0,0,0,0,0,0.36008549298450376,0.9800249271929643,0.28305813044122097,0.04951556604879043,0.5602683401276616,0.0036455629509730136,0,0,0.0,0.0,0.0,0.0,0.0,0.0,0.0,0.0,19.1,984.9,1.9,9.1,72,0.0,0
2024-06-21 23:00:00,0,0.0,0.0,0.0,0,0,0.0,0,0,0.0,,0.0,0.0,0,0,0.0,0,0,0,0,0,0,0,0,0,0,0,0,0,0,0,0,0,0,0,0,0,0,0,0,0,0,0,0,0,0,0.37059047744873963,0.9829629131445341,0.28305813044122097,0.04951556604879043,0.5602683401276616,0.0036455629509730136,0,0,0.0,0.0,0.0,0.0,0.0,0.0,0.0,0.0,18.5,985.2,2.6,13.8,74,0.0,0
2024-06-21 23:05:00,0,0.0,0.0,0.0,0,0,0.0,0,0,0.0,,0.0,0.0,0,0,0.0,0,0,0,0,0,0,0,0,0,0,0,0,0,0,0,0,0,0,0,0,0,0,0,0,0,0,0,0,0,0,0.38115705383691323,0.9856710349066307,0.28305813044122097,0.04951556604879043,0.5602683401276616,0.0036455629509730136,0,0,0.0,0.0,0.0,0.0,0.0,0.0,0.0,0.0,18.5,985.2,2.6,13.8,74,0.0,0
2024-06-21 23:10:00,0,0.0,0.0,0.0,0,0,0.0,0,0,0.0,,0.0,0.0,0,0,0.0,0,0,0,0,0,0,0,0,0,0,0,0,0,0,0,0,0,0,0,0,0,0,0,0,0,0,0,0,0,0,0.3917801930309486,0.9881480035599667,0.28305813044122097,0.04951556604879043,0.5602683401276616,0.0036455629509730136,0,0,0.0,0.0,0.0,0.0,0.0,0.0,0.0,0.0,18.1,985.2,1.3,8.3,76,0.0,0
2024-06-21 23:15:00,0,0.0,0.0,0.0,0,0,0.0,0,0,0.0,,0.0,0.0,0,0,0.0,0,0,0,0,0,0,0,0,0,0,0,0,0,0,0,0,0,0,0,0,0,0,0,0,0,0,0,0,0,0,0.4024548389919356,0.9903926402016152,0.28305813044122097,0.04951556604879043,0.5602683401276616,0.0036455629509730136,0,0,0.0,0.0,0.0,0.0,0.0,0.0,0.0,0.0,18.1,985.2,1.3,8.3,76,0.0,0
2024-06-21 23:20:00,0,0.0,0.0,0.0,0,0,0.0,0,0,0.0,,0.0,0.0,0,0,0.0,0,0,0,0,0,0,0,0,0,0,0,0,0,0,0,0,0,0,0,0,0,0,0,0,0,0,0,0,0,0,0.4131759111665348,0.9924038765061041,0.28305813044122097,0.04951556604879043,0.5602683401276616,0.0036455629509730136,0,0,0.0,0.0,0.0,0.0,0.0,0.0,0.0,0.0,17.5,985.6,3.0,8.5,77,0.0,0
2024-06-21 23:25:00,0,0.0,0.0,0.0,0,0,0.0,0,0,0.0,,0.0,0.0,0,0,0.0,0,0,0,0,0,0,0,0,0,0,0,0,0,0,0,0,0,0,0,0,0,0,0,0,0,0,0,0,0,0,0.42393830690504186,0.9941807552338804,0.28305813044122097,0.04951556604879043,0.5602683401276616,0.0036455629509730136,0,0,0.0,0.0,0.0,0.0,0.0,0.0,0.0,0.0,17.5,985.6,3.0,8.5,77,0.0,0
2024-06-21 23:30:00,0,0.0,0.0,0.0,0,0,0.0,0,0,0.0,,0.0,0.0,0,0,0.0,0,0,0,0,0,0,0,0,0,0,0,0,0,0,0,0,0,0,0,0,0,0,0,0,0,0,0,0,0,0,0.43473690388997416,0.9957224306869052,0.28305813044122097,0.04951556604879043,0.5602683401276616,0.0036455629509730136,0,0,0.0,0.0,0.0,0.0,0.0,0.0,0.0,0.0,17.2,985.6,2.4,13.4,78,0.0,0
2024-06-21 23:35:00,0,0.0,0.0,0.0,0,0,0.0,0,0,0.0,,0.0,0.0,0,0,0.0,0,0,0,0,0,0,0,0,0,0,0,0,0,0,0,0,0,0,0,0,0,0,0,0,0,0,0,0,0,0,0.44556656257401744,0.9970281691111598,0.28305813044122097,0.04951556604879043,0.5602683401276616,0.0036455629509730136,0,0,0.0,0.0,0.0,0.0,0.0,0.0,0.0,0.0,17.2,985.6,2.4,13.4,78,0.0,0
2024-06-21 23:40:00,0,0.0,0.0,0.0,0,0,0.0,0,0,0.0,,0.0,0.0,0,0,0.0,0,0,0,0,0,0,0,0,0,0,0,0,0,0,0,0,0,0,0,0,0,0,0,0,0,0,0,0,0,0,0.4564221286261708,0.9980973490458728,0.28305813044122097,0.04951556604879043,0.5602683401276616,0.0036455629509730136,0,0,0.0,0.0,0.0,0.0,0.0,0.0,0.0,0.0,16.2,985.6,1.9,8.0,87,1.7,0
2024-06-21 23:45:00,0,0.0,0.0,0.0,0,0,0.0,0,0,0.0,,0.0,0.0,0,0,0.0,0,0,0,0,0,0,0,0,0,0,0,0,0,0,0,0,0,0,0,0,0,0,0,0,0,0,0,0,0,0,0.4672984353849286,0.9989294616193017,0.28305813044122097,0.04951556604879043,0.5602683401276616,0.0036455629509730136,0,0,0.0,0.0,0.0,0.0,0.0,0.0,0.0,0.0,16.2,985.6,1.9,8.0,87,1.7,0
2024-06-21 23:50:00,0,0.0,0.0,0.0,0,0,0.0,0,0,0.0,,0.0,0.0,0,0,0.0,0,0,0,0,0,0,0,0,0,0,0,0,0,0,0,0,0,0,0,0,0,0,0,0,0,0,0,0,0,0,0.47819030631733145,0.9995241107909288,0.28305813044122097,0.04951556604879043,0.5602683401276616,0.0036455629509730136,0,0,0.0,0.0,0.0,0.0,0.0,0.0,0.0,0.0,16.0,985.3,1.6,7.4,90,0.6,0
2024-06-21 23:55:00,0,0.0,0.0,0.0,0,0,0.0,0,0,0.0,,0.0,0.0,0,0,0.0,0,0,0,0,0,0,0,0,0,0,0,0,0,0,0,0,0,0,0,0,0,0,0,0,0,0,0,0,0,0,0.48909255748271957,0.9998810135399545,0.28305813044122097,0.04951556604879043,0.5602683401276616,0.0036455629509730136,0,0,0.0,0.0,0.0,0.0,0.0,0.0,0.0,0.0,16.0,985.3,1.6,7.4,90,0.6,0
2024-06-22 00:00:00,0,0.0,0.0,0.0,0,0,0.0,0,0,0.0,,0.0,0.0,0,0,0.0,0,0,0,0,0,0,0,0,0,0,0,0,0,0,0,0,0,0,0,0,0,0,0,0,0,0,0,0,0,0,0.5,1.0,0.01253604390908819,0.3887395330218427,0.5602683401276616,0.0036455629509730136,0,0,0.0,0.0,0.0,0.0,0.0,0.0,0.0,0.0,15.9,984.9,1.7,5.3,91,0.5,0
2024-06-22 00:05:00,0,0.0,0.0,0.0,0,0,0.0,0,0,0.0,,0.0,0.0,0,0,0.0,0,0,0,0,0,0,0,0,0,0,0,0,0,0,0,0,0,0,0,0,0,0,0,0,0,0,0,0,0,0,0.5109074425172806,0.9998810135399545,0.01253604390908819,0.3887395330218427,0.5602683401276616,0.0036455629509730136,0,0,0.0,0.0,0.0,0.0,0.0,0.0,0.0,0.0,15.9,984.9,1.7,5.3,91,0.5,0
2024-06-22 00:10:00,0,0.0,0.0,0.0,0,0,0.0,0,0,0.0,,0.0,0.0,0,0,0.0,0,0,0,0,0,0,0,0,0,0,0,0,0,0,0,0,0,0,0,0,0,0,0,0,0,0,0,0,0,0,0.521809693682668,0.999524110790929,0.01253604390908819,0.3887395330218427,0.5602683401276616,0.0036455629509730136,0,0,0.0,0.0,0.0,0.0,0.0,0.0,0.0,0.0,15.9,984.8,1.9,5.9,91,0.2,0
2024-06-22 00:15:00,0,0.0,0.0,0.0,0,0,0.0,0,0,0.0,,0.0,0.0,0,0,0.0,0,0,0,0,0,0,0,0,0,0,0,0,0,0,0,0,0,0,0,0,0,0,0,0,0,0,0,0,0,0,0.5327015646150716,0.9989294616193017,0.01253604390908819,0.3887395330218427,0.5602683401276616,0.0036455629509730136,0,0,0.0,0.0,0.0,0.0,0.0,0.0,0.0,0.0,15.9,984.8,1.9,5.9,91,0.2,0
2024-06-22 00:20:00,0,0.0,0.0,0.0,0,0,0.0,0,0,0.0,,0.0,0.0,0,0,0.0,0,0,0,0,0,0,0,0,0,0,0,0,0,0,0,0,0,0,0,0,0,0,0,0,0,0,0,0,0,0,0.5435778713738291,0.9980973490458728,0.01253604390908819,0.3887395330218427,0.5602683401276616,0.0036455629509730136,0,0,0.0,0.0,0.0,0.0,0.0,0.0,0.0,0.0,15.9,983.7,1.6,5.5,89,0.0,0
2024-06-22 00:25:00,0,0.0,0.0,0.0,0,0,0.0,0,0,0.0,,0.0,0.0,0,0,0.0,0,0,0,0,0,0,0,0,0,0,0,0,0,0,0,0,0,0,0,0,0,0,0,0,0,0,0,0,0,0,0.5544334374259823,0.9970281691111598,0.01253604390908819,0.3887395330218427,0.5602683401276616,0.0036455629509730136,0,0,0.0,0.0,0.0,0.0,0.0,0.0,0.0,0.0,15.9,983.7,1.6,5.5,89,0.0,0
2024-06-22 00:30:00,0,0.0,0.0,0.0,0,0,0.0,0,0,0.0,,0.0,0.0,0,0,0.0,0,0,0,0,0,0,0,0,0,0,0,0,0,0,0,0,0,0,0,0,0,0,0,0,0,0,0,0,0,0,0.5652630961100258,0.9957224306869052,0.01253604390908819,0.3887395330218427,0.5602683401276616,0.0036455629509730136,0,0,0.0,0.0,0.0,0.0,0.0,0.0,0.0,0.0,16.1,983.4,1.2,3.4,89,0.0,0
2024-06-22 00:35:00,0,0.0,0.0,0.0,0,0,0.0,0,0,0.0,,0.0,0.0,0,0,0.0,0,0,0,0,0,0,0,0,0,0,0,0,0,0,0,0,0,0,0,0,0,0,0,0,0,0,0,0,0,0,0.5760616930949584,0.9941807552338804,0.01253604390908819,0.3887395330218427,0.5602683401276616,0.0036455629509730136,0,0,0.0,0.0,0.0,0.0,0.0,0.0,0.0,0.0,16.1,983.4,1.2,3.4,89,0.0,0
2024-06-22 00:40:00,0,0.0,0.0,0.0,0,0,0.0,0,0,0.0,,0.0,0.0,0,0,0.0,0,0,0,0,0,0,0,0,0,0,0,0,0,0,0,0,0,0,0,0,0,0,0,0,0,0,0,0,0,0,0.5868240888334652,0.9924038765061041,0.01253604390908819,0.3887395330218427,0.5602683401276616,0.0036455629509730136,0,0,0.0,0.0,0.0,0.0,0.0,0.0,0.0,0.0,16.1,984.2,1.3,3.7,90,0.0,0
2024-06-22 00:45:00,0,0.0,0.0,0.0,0,0,0.0,0,0,0.0,,0.0,0.0,0,0,0.0,0,0,0,0,0,0,0,0,0,0,0,0,0,0,0,0,0,0,0,0,0,0,0,0,0,0,0,0,0,0,0.5975451610080641,0.9903926402016152,0.01253604390908819,0.3887395330218427,0.5602683401276616,0.0036455629509730136,0,0,0.0,0.0,0.0,0.0,0.0,0.0,0.0,0.0,16.1,984.2,1.3,3.7,90,0.0,0
2024-06-22 00:50:00,0,0.0,0.0,0.0,0,0,0.0,0,0,0.0,,0.0,0.0,0,0,0.0,0,0,0,0,0,0,0,0,0,0,0,0,0,0,0,0,0,0,0,0,0,0,0,0,0,0,0,0,0,0,0.6082198069690514,0.9881480035599667,0.01253604390908819,0.3887395330218427,0.5602683401276616,0.0036455629509730136,0,0,0.0,0.0,0.0,0.0,0.0,0.0,0.0,0.0,15.9,985.2,2.6,6.1,92,0.2,0
2024-06-22 00:55:00,0,0.0,0.0,0.0,0,0,0.0,0,0,0.0,,0.0,0.0,0,0,0.0,0,0,0,0,0,0,0,0,0,0,0,0,0,0,0,0,0,0,0,0,0,0,0,0,0,0,0,0,0,0,0.6188429461630865,0.9856710349066307,0.01253604390908819,0.3887395330218427,0.5602683401276616,0.0036455629509730136,0,0,0.0,0.0,0.0,0.0,0.0,0.0,0.0,0.0,15.9,985.2,2.6,6.1,92,0.2,0
2024-06-22 01:00:00,0,0.0,0.0,0.0,0,0,0.0,0,0,0.0,,0.0,0.0,0,0,0.0,0,0,0,0,0,0,0,0,0,0,0,0,0,0,0,0,0,0,0,0,0,0,0,0,0,0,0,0,0,0,0.6294095225512604,0.9829629131445341,0.01253604390908819,0.3887395330218427,0.5602683401276616,0.0036455629509730136,0,0,0.0,0.0,0.0,0.0,0.0,0.0,0.0,0.0,15.7,983.5,0.8,4.3,92,2.2,0
2024-06-22 01:05:00,0,0.0,0.0,0.0,0,0,0.0,0,0,0.0,,0.0,0.0,0,0,0.0,0,0,0,0,0,0,0,0,0,0,0,0,0,0,0,0,0,0,0,0,0,0,0,0,0,0,0,0,0,0,0.639914507015496,0.9800249271929644,0.01253604390908819,0.3887395330218427,0.5602683401276616,0.0036455629509730136,0,0,0.0,0.0,0.0,0.0,0.0,0.0,0.0,0.0,15.7,983.5,0.8,4.3,92,2.2,0
2024-06-22 01:10:00,0,0.0,0.0,0.0,0,0,0.0,0,0,0.0,,0.0,0.0,0,0,0.0,0,0,0,0,0,0,0,0,0,0,0,0,0,0,0,0,0,0,0,0,0,0,0,0,0,0,0,0,0,0,0.6503528997521366,0.9768584753741134,0.01253604390908819,0.3887395330218427,0.5602683401276616,0.0036455629509730136,0,0,0.0,0.0,0.0,0.0,0.0,0.0,0.0,0.0,15.7,984.4,0.8,3.4,93,0.2,0
2024-06-22 01:15:00,0,0.0,0.0,0.0,0,0,0.0,0,0,0.0,,0.0,0.0,0,0,0.0,0,0,0,0,0,0,0,0,0,0,0,0,0,0,0,0,0,0,0,0,0,0,0,0,0,0,0,0,0,0,0.6607197326515808,0.9734650647475529,0.01253604390908819,0.3887395330218427,0.5602683401276616,0.0036455629509730136,0,0,0.0,0.0,0.0,0.0,0.0,0.0,0.0,0.0,15.7,984.4,0.8,3.4,93,0.2,0
2024-06-22 01:20:00,0,0.0,0.0,0.0,0,0,0.0,0,0,0.0,,0.0,0.0,0,0,0.0,0,0,0,0,0,0,0,0,0,0,0,0,0,0,0,0,0,0,0,0,0,0,0,0,0,0,0,0,0,0,0.6710100716628343,0.9698463103929542,0.01253604390908819,0.3887395330218427,0.5602683401276616,0.0036455629509730136,0,0,0.0,0.0,0.0,0.0,0.0,0.0,0.0,0.0,15.7,984.7,1.2,3.1,93,0.1,0
2024-06-22 01:25:00,0,0.0,0.0,0.0,0,0,0.0,0,0,0.0,,0.0,0.0,0,0,0.0,0,0,0,0,0,0,0,0,0,0,0,0,0,0,0,0,0,0,0,0,0,0,0,0,0,0,0,0,0,0,0.6812190191418508,0.9660039346413993,0.01253604390908819,0.3887395330218427,0.5602683401276616,0.0036455629509730136,0,0,0.0,0.0,0.0,0.0,0.0,0.0,0.0,0.0,15.7,984.7,1.2,3.1,93,0.1,0
2024-06-22 01:30:00,0,0.0,0.0,0.0,0,0,0.0,0,0,0.0,,0.0,0.0,0,0,0.0,0,0,0,0,0,0,0,0,0,0,0,0,0,0,0,0,0,0,0,0,0,0,0,0,0,0,0,0,0,0,0.6913417161825449,0.9619397662556434,0.01253604390908819,0.3887395330218427,0.5602683401276616,0.0036455629509730136,0,0,0.0,0.0,0.0,0.0,0.0,0.0,0.0,0.0,15.6,984.2,1.2,3.5,93,0.1,0
2024-06-22 01:35:00,0,0.0,0.0,0.0,0,0,0.0,0,0,0.0,,0.0,0.0,0,0,0.0,0,0,0,0,0,0,0,0,0,0,0,0,0,0,0,0,0,0,0,0,0,0,0,0,0,0,0,0,0,0,0.7013733449293686,0.9576557395597236,0.01253604390908819,0.3887395330218427,0.5602683401276616,0.0036455629509730136,0,0,0.0,0.0,0.0,0.0,0.0,0.0,0.0,0.0,15.6,984.2,1.2,3.5,93,0.1,0
2024-06-22 01:40:00,0,0.0,0.0,0.0,0,0,0.0,0,0,0.0,,0.0,0.0,0,0,0.0,0,0,0,0,0,0,0,0,0,0,0,0,0,0,0,0,0,0,0,0,0,0,0,0,0,0,0,0,0,0,0.7113091308703496,0.953153893518325,0.01253604390908819,0.3887395330218427,0.5602683401276616,0.0036455629509730136,0,0,0.0,0.0,0.0,0.0,0.0,0.0,0.0,0.0,15.5,984.4,1.2,3.9,93,0.1,0
2024-06-22 01:45:00,0,0.0,0.0,0.0,0,0,0.0,0,0,0.0,,0.0,0.0,0,0,0.0,0,0,0,0,0,0,0,0,0,0,0,0,0,0,0,0,0,0,0,0,0,0,0,0,0,0,0,0,0,0,0.7211443451095007,0.9484363707663441,0.01253604390908819,0.3887395330218427,0.5602683401276616,0.0036455629509730136,0,0,0.0,0.0,0.0,0.0,0.0,0.0,0.0,0.0,15.5,984.4,1.2,3.9,93,0.1,0
2024-06-22 01:50:00,0,0.0,0.0,0.0,0,0,0.0,0,0,0.0,,0.0,0.0,0,0,0.0,0,0,0,0,0,0,0,0,0,0,0,0,0,0,0,0,0,0,0,0,0,0,0,0,0,0,0,0,0,0,0.730874306617517,0.9435054165891108,0.01253604390908819,0.3887395330218427,0.5602683401276616,0.0036455629509730136,0,0,0.0,0.0,0.0,0.0,0.0,0.0,0.0,0.0,15.5,984.7,1.2,3.5,93,0.0,0
2024-06-22 01:55:00,0,0.0,0.0,0.0,0,0,0.0,0,0,0.0,,0.0,0.0,0,0,0.0,0,0,0,0,0,0,0,0,0,0,0,0,0,0,0,0,0,0,0,0,0,0,0,0,0,0,0,0,0,0,0.7404943844596938,0.9383633778537539,0.01253604390908819,0.3887395330218427,0.5602683401276616,0.0036455629509730136,0,0,0.0,0.0,0.0,0.0,0.0,0.0,0.0,0.0,15.5,984.7,1.2,3.5,93,0.0,0
2024-06-22 02:00:00,0,0.0,0.0,0.0,0,0,0.0,0,0,0.0,,0.0,0.0,0,0,0.0,0,0,0,0,0,0,0,0,0,0,0,0,0,0,0,0,0,0,0,0,0,0,0,0,0,0,0,0,0,0,0.75,0.9330127018922194,0.01253604390908819,0.3887395330218427,0.5602683401276616,0.0036455629509730136,0,0,0.0,0.0,0.0,0.0,0.0,0.0,0.0,0.0,15.6,986.2,2.0,5.7,93,0.2,0
2024-06-22 02:05:00,0,0.0,0.0,0.0,0,0,0.0,0,0,0.0,,0.0,0.0,0,0,0.0,0,0,0,0,0,0,0,0,0,0,0,0,0,0,0,0,0,0,0,0,0,0,0,0,0,0,0,0,0,0,0.7593866290802607,0.9274559353364733,0.01253604390908819,0.3887395330218427,0.5602683401276616,0.0036455629509730136,0,0,0.0,0.0,0.0,0.0,0.0,0.0,0.0,0.0,15.6,986.2,2.0,5.7,93,0.2,0
2024-06-22 02:10:00,0,0.0,0.0,0.0,0,0,0.0,0,0,0.0,,0.0,0.0,0,0,0.0,0,0,0,0,0,0,0,0,0,0,0,0,0,0,0,0,0,0,0,0,0,0,0,0,0,0,0,0,0,0,0.768649804173412,0.9216957229064429,0.01253604390908819,0.3887395330218427,0.5602683401276616,0.0036455629509730136,0,0,0.0,0.0,0.0,0.0,0.0,0.0,0.0,0.0,15.4,983.8,1.8,6.3,91,0.4,0
2024-06-22 02:15:00,0,0.0,0.0,0.0,0,0,0.0,0,0,0.0,,0.0,0.0,0,0,0.0,0,0,0,0,0,0,0,0,0,0,0,0,0,0,0,0,0,0,0,0,0,0,0,0,0,0,0,0,0,0,0.7777851165098011,0.9157348061512727,0.01253604390908819,0.3887395330218427,0.5602683401276616,0.0036455629509730136,0,0,0.0,0.0,0.0,0.0,0.0,0.0,0.0,0.0,15.4,983.8,1.8,6.3,91,0.4,0
2024-06-22 02:20:00,0,0.0,0.0,0.0,0,0,0.0,0,0,0.0,,0.0,0.0,0,0,0.0,0,0,0,0,0,0,0,0,0,0,0,0,0,0,0,0,0,0,0,0,0,0,0,0,0,0,0,0,0,0,0.786788218175523,0.909576022144496,0.01253604390908819,0.3887395330218427,0.5602683401276616,0.0036455629509730136,0,0,0.0,0.0,0.0,0.0,0.0,0.0,0.0,0.0,15.4,984.8,1.1,4.3,93,0.3,0
2024-06-22 02:25:00,0,0.0,0.0,0.0,0,0,0.0,0,0,0.0,,0.0,0.0,0,0,0.0,0,0,0,0,0,0,0,0,0,0,0,0,0,0,0,0,0,0,0,0,0,0,0,0,0,0,0,0,0,0,0.7956548241817911,0.9032223021337413,0.01253604390908819,0.3887395330218427,0.5602683401276616,0.0036455629509730136,0,0,0.0,0.0,0.0,0.0,0.0,0.0,0.0,0.0,15.4,984.8,1.1,4.3,93,0.3,0
2024-06-22 02:30:00,0,0.0,0.0,0.0,0,0,0.0,0,0,0.0,,0.0,0.0,0,0,0.0,0,0,0,0,0,0,0,0,0,0,0,0,0,0,0,0,0,0,0,0,0,0,0,0,0,0,0,0,0,0,0.8043807145043603,0.8966766701456176,0.01253604390908819,0.3887395330218427,0.5602683401276616,0.0036455629509730136,0,0,0.0,0.0,0.0,0.0,0.0,0.0,0.0,0.0,15.4,985.2,1.0,3.3,92,0.1,0
2024-06-22 02:35:00,0,0.0,0.0,0.0,0,0,0.0,0,0,0.0,,0.0,0.0,0,0,0.0,0,0,0,0,0,0,0,0,0,0,0,0,0,0,0,0,0,0,0,0,0,0,0,0,0,0,0,0,0,0,0.8129617360920296,0.8899422415464409,0.01253604390908819,0.3887395330218427,0.5602683401276616,0.0036455629509730136,0,0,0.0,0.0,0.0,0.0,0.0,0.0,0.0,0.0,15.4,985.2,1.0,3.3,92,0.1,0
2024-06-22 02:40:00,0,0.0,0.0,0.0,0,0,0.0,0,0,0.0,,0.0,0.0,0,0,0.0,0,0,0,0,0,0,0,0,0,0,0,0,0,0,0,0,0,0,0,0,0,0,0,0,0,0,0,0,0,0,0.8213938048432696,0.883022221559489,0.01253604390908819,0.3887395330218427,0.5602683401276616,0.0036455629509730136,0,0,0.0,0.0,0.0,0.0,0.0,0.0,0.0,0.0,15.4,984.8,1.2,4.1,93,0.1,0
2024-06-22 02:45:00,0,0.0,0.0,0.0,0,0,0.0,0,0,0.0,,0.0,0.0,0,0,0.0,0,0,0,0,0,0,0,0,0,0,0,0,0,0,0,0,0,0,0,0,0,0,0,0,0,0,0,0,0,0,0.8296729075500344,0.8759199037394887,0.01253604390908819,0.3887395330218427,0.5602683401276616,0.0036455629509730136,0,0,0.0,0.0,0.0,0.0,0.0,0.0,0.0,0.0,15.4,984.8,1.2,4.1,93,0.1,0
2024-06-22 02:50:00,0,0.0,0.0,0.0,0,0,0.0,0,0,0.0,,0.0,0.0,0,0,0.0,0,0,0,0,0,0,0,0,0,0,0,0,0,0,0,0,0,0,0,0,0,0,0,0,0,0,0,0,0,0,0.8377951038078302,0.868638668405062,0.01253604390908819,0.3887395330218427,0.5602683401276616,0.0036455629509730136,0,0,0.0,0.0,0.0,0.0,0.0,0.0,0.0,0.0,15.4,984.8,0.8,4.9,93,0.3,0
2024-06-22 02:55:00,0,0.0,0.0,0.0,0,0,0.0,0,0,0.0,,0.0,0.0,0,0,0.0,0,0,0,0,0,0,0,0,0,0,0,0,0,0,0,0,0,0,0,0,0,0,0,0,0,0,0,0,0,0,0.8457565278911348,0.8611819810298778,0.01253604390908819,0.3887395330218427,0.5602683401276616,0.0036455629509730136,0,0,0.0,0.0,0.0,0.0,0.0,0.0,0.0,0.0,15.4,984.8,0.8,4.9,93,0.3,0
2024-06-22 03:00:00,0,0.0,0.0,0.0,0,0,0.0,0,0,0.0,,0.0,0.0,0,0,0.0,0,0,0,0,0,0,0,0,0,0,0,0,0,0,0,0,0,0,0,0,0,0,0,0,0,0,0,0,0,0,0.8535533905932737,0.8535533905932737,0.01253604390908819,0.3887395330218427,0.5602683401276616,0.0036455629509730136,0,0,0.0,0.0,0.0,0.0,0.0,0.0,0.0,0.0,15.3,984.4,1.5,6.1,93,0.3,0
2024-06-22 03:05:00,0,0.0,0.0,0.0,0,0,0.0,0,0,0.0,,0.0,0.0,0,0,0.0,0,0,0,0,0,0,0,0,0,0,0,0,0,0,0,0,0,0,0,0,0,0,0,0,0,0,0,0,0,0,0.8611819810298778,0.8457565278911346,0.01253604390908819,0.3887395330218427,0.5602683401276616,0.0036455629509730136,0,0,0.0,0.0,0.0,0.0,0.0,0.0,0.0,0.0,15.3,984.4,1.5,6.1,93,0.3,0
2024-06-22 03:10:00,0,0.0,0.0,0.0,0,0,0.0,0,0,0.0,,0.0,0.0,0,0,0.0,0,0,0,0,0,0,0,0,0,0,0,0,0,0,0,0,0,0,0,0,0,0,0,0,0,0,0,0,0,0,0.868638668405062,0.8377951038078302,0.01253604390908819,0.3887395330218427,0.5602683401276616,0.0036455629509730136,0,0,0.0,0.0,0.0,0.0,0.0,0.0,0.0,0.0,15.3,984.9,0.5,3.0,93,0.1,0
2024-06-22 03:15:00,0,0.0,0.0,0.0,0,0,0.0,0,0,0.0,,0.0,0.0,0,0,0.0,0,0,0,0,0,0,0,0,0,0,0,0,0,0,0,0,0,0,0,0,0,0,0,0,0,0,0,0,0,0,0.8759199037394887,0.8296729075500344,0.01253604390908819,0.3887395330218427,0.5602683401276616,0.0036455629509730136,0,0,0.0,0.0,0.0,0.0,0.0,0.0,0.0,0.0,15.3,984.9,0.5,3.0,93,0.1,0
2024-06-22 03:20:00,0,0.0,0.0,0.0,0,0,0.0,0,0,0.0,,0.0,0.0,0,0,0.0,0,0,0,0,0,0,0,0,0,0,0,0,0,0,0,0,0,0,0,0,0,0,0,0,0,0,0,0,0,0,0.883022221559489,0.8213938048432696,0.01253604390908819,0.3887395330218427,0.5602683401276616,0.0036455629509730136,0,0,0.0,0.0,0.0,0.0,0.0,0.0,0.0,0.0,15.3,984.6,0.7,2.2,92,0.1,0
2024-06-22 03:25:00,0,0.0,0.0,0.0,0,0,0.0,0,0,0.0,,0.0,0.0,0,0,0.0,0,0,0,0,0,0,0,0,0,0,0,0,0,0,0,0,0,0,0,0,0,0,0,0,0,0,0,0,0,0,0.8899422415464409,0.8129617360920296,0.01253604390908819,0.3887395330218427,0.5602683401276616,0.0036455629509730136,0,0,0.0,0.0,0.0,0.0,0.0,0.0,0.0,0.0,15.3,984.6,0.7,2.2,92,0.1,0
2024-06-22 03:30:00,0,0.0,0.0,0.0,0,0,0.0,0,0,0.0,,0.0,0.0,0,0,0.0,0,0,0,0,0,0,0,0,0,0,0,0,0,0,0,0,0,0,0,0,0,0,0,0,0,0,0,0,0,0,0.8966766701456176,0.8043807145043603,0.01253604390908819,0.3887395330218427,0.5602683401276616,0.0036455629509730136,0,0,0.0,0.0,0.0,0.0,0.0,0.0,0.0,0.0,15.3,985.2,1.0,2.2,94,0.0,0
2024-06-22 03:35:00,0,0.0,0.0,0.0,0,0,0.0,0,0,0.0,,0.0,0.0,0,0,0.0,0,0,0,0,0,0,0,0,0,0,0,0,0,0,0,0,0,0,0,0,0,0,0,0,0,0,0,0,0,0,0.9032223021337413,0.7956548241817912,0.01253604390908819,0.3887395330218427,0.5602683401276616,0.0036455629509730136,0,0,0.0,0.0,0.0,0.0,0.0,0.0,0.0,0.0,15.3,985.2,1.0,2.2,94,0.0,0
2024-06-22 03:40:00,0,0.0,0.0,0.0,0,0,0.0,0,0,0.0,,0.0,0.0,0,0,0.0,0,0,0,0,0,0,0,0,0,0,0,0,0,0,0,0,0,0,0,0,0,0,0,0,0,0,0,0,0,0,0.9095760221444958,0.786788218175523,0.01253604390908819,0.3887395330218427,0.5602683401276616,0.0036455629509730136,0,0,0.0,0.0,0.0,0.0,0.0,0.0,0.0,0.0,15.4,985.2,0.4,1.7,93,0.0,0
2024-06-22 03:45:00,0,0.0,0.0,0.0,0,0,0.0,0,0,0.0,,0.0,0.0,0,0,0.0,0,0,0,0,0,0,0,0,0,0,0,0,0,0,0,0,0,0,0,0,0,0,0,0,0,0,0,0,0,0,0.9157348061512727,0.7777851165098011,0.01253604390908819,0.3887395330218427,0.5602683401276616,0.0036455629509730136,0,0,0.0,0.0,0.0,0.0,0.0,0.0,0.0,0.0,15.4,985.2,0.4,1.7,93,0.0,0
2024-06-22 03:50:00,0,0.0,0.0,0.0,0,0,0.0,0,0,0.0,,0.0,0.0,0,0,0.0,0,0,0,0,0,0,0,0,0,0,0,0,0,0,0,0,0,0,0,0,0,0,0,0,0,0,0,0,0,0,0.9216957229064429,0.7686498041734118,0.01253604390908819,0.3887395330218427,0.5602683401276616,0.0036455629509730136,0,0,0.0,0.0,0.0,0.0,0.0,0.0,0.0,0.0,15.4,985.1,0.7,3.9,92,0.0,0
2024-06-22 03:55:00,0,0.0,0.0,0.0,0,0,0.0,0,0,0.0,,0.0,0.0,0,0,0.0,0,0,0,0,0,0,0,0,0,0,0,0,0,0,0,0,0,0,0,0,0,0,0,0,0,0,0,0,0,0,0.9274559353364733,0.7593866290802608,0.01253604390908819,0.3887395330218427,0.5602683401276616,0.0036455629509730136,0,0,0.0,0.0,0.0,0.0,0.0,0.0,0.0,0.0,15.4,985.1,0.7,3.9,92,0.0,0
2024-06-22 04:00:00,0,0.0,0.0,0.0,0,0,0.0,0,0,0.0,,0.0,0.0,0,0,0.0,0,0,0,0,0,0,0,0,0,0,0,0,0,0,0,0,0,0,0,0,0,0,0,0,0,0,0,0,0,0,0.9330127018922193,0.75,0.01253604390908819,0.3887395330218427,0.5602683401276616,0.0036455629509730136,0,0,0.0,0.0,0.0,0.0,0.0,0.0,0.0,0.0,15.4,985.1,1.1,2.9,93,0.0,0
2024-06-22 04:05:00,0,0.0,0.0,0.0,0,0,0.0,0,0,0.0,,0.0,0.0,0,0,0.0,0,0,0,0,0,0,0,0,0,0,0,0,0,0,0,0,0,0,0,0,0,0,0,0,0,0,0,0,0,0,0.9383633778537539,0.7404943844596938,0.01253604390908819,0.3887395330218427,0.5602683401276616,0.0036455629509730136,0,0,0.0,0.0,0.0,0.0,0.0,0.0,0.0,0.0,15.4,985.1,1.1,2.9,93,0.0,0
2024-06-22 04:10:00,0,0.0,0.0,0.0,0,0,0.0,0,0,0.0,,0.0,0.0,0,0,0.0,0,0,0,0,0,0,0,0,0,0,0,0,0,0,0,0,0,0,0,0,0,0,0,0,0,0,0,0,0,0,0.9435054165891108,0.730874306617517,0.01253604390908819,0.3887395330218427,0.5602683401276616,0.0036455629509730136,0,0,0.0,0.0,0.0,0.0,0.0,0.0,0.0,0.0,15.3,985.2,0.8,1.8,93,0.0,0
2024-06-22 04:15:00,0,0.0,0.0,0.0,0,0,0.0,0,0,0.0,,0.0,0.0,0,0,0.0,0,0,0,0,0,0,0,0,0,0,0,0,0,0,0,0,0,0,0,0,0,0,0,0,0,0,0,0,0,0,0.9484363707663441,0.7211443451095007,0.01253604390908819,0.3887395330218427,0.5602683401276616,0.0036455629509730136,0,0,0.0,0.0,0.0,0.0,0.0,0.0,0.0,0.0,15.3,985.2,0.8,1.8,93,0.0,0
2024-06-22 04:20:00,0,0.0,0.0,0.0,0,0,0.0,0,0,0.0,,0.0,0.0,0,0,0.0,0,0,0,0,0,0,0,0,0,0,0,0,0,0,0,0,0,0,0,0,0,0,0,0,0,0,0,0,0,0,0.953153893518325,0.7113091308703497,0.01253604390908819,0.3887395330218427,0.5602683401276616,0.0036455629509730136,0,0,0.0,0.0,0.0,0.0,0.0,0.0,0.0,0.0,15.4,985.4,0.9,2.1,94,0.0,0
2024-06-22 04:25:00,0,0.0,0.0,0.0,0,0,0.0,0,0,0.0,,0.0,0.0,0,0,0.0,0,0,0,0,0,0,0,0,0,0,0,0,0,0,0,0,0,0,0,0,0,0,0,0,0,0,0,0,0,0,0.9576557395597236,0.7013733449293686,0.01253604390908819,0.3887395330218427,0.5602683401276616,0.0036455629509730136,0,0,0.0,0.0,0.0,0.0,0.0,0.0,0.0,0.0,15.4,985.4,0.9,2.1,94,0.0,0
2024-06-22 04:30:00,0,0.0,0.0,0.0,0,0,0.0,0,0,0.0,,0.0,0.0,0,0,0.0,0,0,0,0,0,0,0,0,0,0,0,0,0,0,0,0,0,0,0,0,0,0,0,0,0,0,0,0,0,0,0.9619397662556434,0.6913417161825449,0.01253604390908819,0.3887395330218427,0.5602683401276616,0.0036455629509730136,0,0,0.0,0.0,0.0,0.0,0.0,0.0,0.0,0.0,15.5,985.4,1.2,2.1,94,0.0,0
2024-06-22 04:35:00,0,0.0,0.0,0.0,0,0,0.0,0,0,0.0,,0.0,0.0,0,0,0.0,0,0,0,0,0,0,0,0,0,0,0,0,0,0,0,0,0,0,0,0,0,0,0,0,0,0,0,0,0,0,0.9660039346413992,0.6812190191418508,0.01253604390908819,0.3887395330218427,0.5602683401276616,0.0036455629509730136,0,0,0.0,0.0,0.0,0.0,0.0,0.0,0.0,0.0,15.5,985.4,1.2,2.1,94,0.0,0
2024-06-22 04:40:00,0,0.0,0.0,0.0,0,0,0.0,0,0,0.0,,0.0,0.0,0,0,0.0,0,0,0,0,0,0,0,0,0,0,0,0,0,0,0,0,0,0,0,0,0,0,0,0,0,0,0,0,0,0,0.9698463103929542,0.6710100716628344,0.01253604390908819,0.3887395330218427,0.5602683401276616,0.0036455629509730136,0,0,0.0,0.0,0.0,0.0,0.0,0.0,0.0,0.0,15.6,985.2,1.0,1.9,93,0.0,0
2024-06-22 04:45:00,0,0.0,0.0,0.0,0,0,0.0,0,0,0.0,,0.0,0.0,0,0,0.0,0,0,0,0,0,0,0,0,0,0,0,0,0,0,0,0,0,0,0,0,0,0,0,0,0,0,0,0,0,0,0.9734650647475528,0.6607197326515808,0.01253604390908819,0.3887395330218427,0.5602683401276616,0.0036455629509730136,0,0,0.0,0.0,0.0,0.0,0.0,0.0,0.0,0.0,15.6,985.2,1.0,1.9,93,0.0,0
2024-06-22 04:50:00,0,0.0,0.0,0.0,0,0,0.0,0,0,0.0,,0.0,0.0,0,0,0.0,0,0,0,0,0,0,0,0,0,0,0,0,0,0,0,0,0,0,0,0,0,0,0,0,0,0,0,0,0,0,0.9768584753741134,0.6503528997521366,0.01253604390908819,0.3887395330218427,0.5602683401276616,0.0036455629509730136,0,0,0.0,0.0,0.0,0.0,0.0,0.0,0.0,0.0,15.8,984.8,0.5,1.9,91,0.0,0
2024-06-22 04:55:00,0,0.0,0.0,0.0,0,0,0.0,0,0,0.0,,0.0,0.0,0,0,0.0,0,0,0,0,0,0,0,0,0,0,0,0,0,0,0,0,0,0,0,0,0,0,0,0,0,0,0,0,0,0,0.9800249271929644,0.639914507015496,0.01253604390908819,0.3887395330218427,0.5602683401276616,0.0036455629509730136,0,0,0.0,0.0,0.0,0.0,0.0,0.0,0.0,0.0,15.8,984.8,0.5,1.9,91,0.0,0
2024-06-22 05:00:00,0,0.0,0.0,0.0,0,0,0.0,0,0,0.0,,0.0,0.0,0,0,0.0,0,0,0,0,0,0,0,0,0,0,0,0,0,0,0,0,0,0,0,0,0,0,0,0,0,0,0,0,0,0,0.9829629131445341,0.6294095225512604,0.01253604390908819,0.3887395330218427,0.5602683401276616,0.0036455629509730136,0,0,0.0,0.0,0.0,0.0,0.0,0.0,0.0,0.0,15.8,985.1,0.6,1.9,91,0.0,36
2024-06-22 05:05:00,0,0.0,0.0,0.0,0,0,0.0,0,0,0.0,,0.0,0.0,0,0,0.0,0,0,0,0,0,0,0,0,0,0,0,0,0,0,0,0,0,0,0,0,0,0,0,0,0,0,0,0,0,0,0.9856710349066307,0.6188429461630865,0.01253604390908819,0.3887395330218427,0.5602683401276616,0.0036455629509730136,0,0,0.0,0.0,0.0,0.0,0.0,0.0,0.0,0.0,15.8,985.1,0.6,1.9,91,0.0,36
2024-06-22 05:10:00,0,0.0,0.0,0.0,0,0,0.0,0,0,0.0,,0.0,0.0,0,0,0.0,0,0,0,0,0,0,0,0,0,0,0,0,0,0,0,0,0,0,0,0,0,0,0,0,0,0,0,0,0,0,0.9881480035599667,0.6082198069690514,0.01253604390908819,0.3887395330218427,0.5602683401276616,0.0036455629509730136,0,0,0.0,0.0,0.0,0.0,0.0,0.0,0.0,0.0,16.0,985.1,0.0,1.1,92,0.0,0
2024-06-22 05:15:00,0,0.0,0.0,0.0,0,0,0.0,0,0,0.0,,0.0,0.0,0,0,0.0,0,0,0,0,0,0,0,0,0,0,0,0,0,0,0,0,0,0,0,0,0,0,0,0,0,0,0,0,0,0,0.9903926402016152,0.5975451610080642,0.01253604390908819,0.3887395330218427,0.5602683401276616,0.0036455629509730136,0,0,0.0,0.0,0.0,0.0,0.0,0.0,0.0,0.0,16.0,985.1,0.0,1.1,92,0.0,0
2024-06-22 05:20:00,0,0.0,0.0,0.0,0,0,0.0,0,0,0.0,,0.0,0.0,0,0,0.0,0,0,0,0,0,0,0,0,0,0,0,0,0,0,0,0,0,0,0,0,0,0,0,0,0,0,0,0,0,0,0.9924038765061041,0.5868240888334653,0.01253604390908819,0.3887395330218427,0.5602683401276616,0.0036455629509730136,0,0,0.0,0.0,0.0,0.0,0.0,0.0,0.0,0.0,16.2,985.1,0.9,2.5,88,0.0,319
2024-06-22 05:25:00,0,0.0,0.0,0.0,0,0,0.0,0,0,0.0,,0.0,0.0,0,0,0.0,0,0,0,0,0,0,0,0,0,0,0,0,0,0,0,0,0,0,0,0,0,0,0,0,0,0,0,0,0,0,0.9941807552338804,0.5760616930949584,0.01253604390908819,0.3887395330218427,0.5602683401276616,0.0036455629509730136,0,0,0.0,0.0,0.0,0.0,0.0,0.0,0.0,0.0,16.2,985.1,0.9,2.5,88,0.0,319
2024-06-22 05:30:00,0,0.0,0.0,0.0,0,0,0.0,0,0,0.0,,0.0,0.0,0,0,0.0,0,0,0,0,0,0,0,0,0,0,0,0,0,0,0,0,0,0,0,0,0,0,0,0,0,0,0,0,0,0,0.9957224306869052,0.5652630961100259,0.01253604390908819,0.3887395330218427,0.5602683401276616,0.0036455629509730136,0,0,0.0,0.0,0.0,0.0,0.0,0.0,0.0,0.0,16.3,985.1,1.2,2.9,88,0.0,145
2024-06-22 05:35:00,0,0.0,0.0,0.0,0,0,0.0,0,0,0.0,,0.0,0.0,0,0,0.0,0,0,0,0,0,0,0,0,0,0,0,0,0,0,0,0,0,0,0,0,0,0,0,0,0,0,0,0,0,0,0.9970281691111598,0.5544334374259824,0.01253604390908819,0.3887395330218427,0.5602683401276616,0.0036455629509730136,0,0,0.0,0.0,0.0,0.0,0.0,0.0,0.0,0.0,16.3,985.1,1.2,2.9,88,0.0,145
2024-06-22 05:40:00,0,0.0,0.0,0.0,0,0,0.0,0,0,0.0,,0.0,0.0,0,0,0.0,0,0,0,0,0,0,0,0,0,0,0,0,0,0,0,0,0,0,0,0,0,0,0,0,0,0,0,0,0,0,0.9980973490458728,0.5435778713738291,0.01253604390908819,0.3887395330218427,0.5602683401276616,0.0036455629509730136,0,0,0.0,0.0,0.0,0.0,0.0,0.0,0.0,0.0,16.6,985.1,0.6,2.0,89,0.0,82
2024-06-22 05:45:00,0,0.0,0.0,0.0,0,0,0.0,0,0,0.0,,0.0,0.0,0,0,0.0,0,0,0,0,0,0,0,0,0,0,0,0,0,0,0,0,0,0,0,0,0,0,0,0,0,0,0,0,0,0,0.9989294616193017,0.5327015646150716,0.01253604390908819,0.3887395330218427,0.5602683401276616,0.0036455629509730136,0,0,0.0,0.0,0.0,0.0,0.0,0.0,0.0,0.0,16.6,985.1,0.6,2.0,89,0.0,82
2024-06-22 05:50:00,0,0.0,0.0,0.0,0,0,0.0,0,0,0.0,,0.0,0.0,0,0,0.0,0,0,0,0,0,0,0,0,0,0,0,0,0,0,0,0,0,0,0,0,0,0,0,0,0,0,0,0,0,0,0.999524110790929,0.521809693682668,0.01253604390908819,0.3887395330218427,0.5602683401276616,0.0036455629509730136,0,0,0.0,0.0,0.0,0.0,0.0,0.0,0.0,0.0,16.7,985.2,0.8,2.2,88,0.0,0
2024-06-22 05:55:00,0,0.0,0.0,0.0,0,0,0.0,0,0,0.0,,0.0,0.0,0,0,0.0,0,0,0,0,0,0,0,0,0,0,0,0,0,0,0,0,0,0,0,0,0,0,0,0,0,0,0,0,0,0,0.9998810135399545,0.5109074425172806,0.01253604390908819,0.3887395330218427,0.5602683401276616,0.0036455629509730136,0,0,0.0,0.0,0.0,0.0,0.0,0.0,0.0,0.0,16.7,985.2,0.8,2.2,88,0.0,0
2024-06-22 06:00:00,0,0.0,0.0,0.0,0,0,0.0,0,0,0.0,,0.0,0.0,0,0,0.0,0,0,0,0,0,0,0,0,0,0,0,0,0,0,0,0,0,0,0,0,0,0,0,0,0,0,0,0,0,0,1.0,0.5,0.01253604390908819,0.3887395330218427,0.5602683401276616,0.0036455629509730136,0,0,0.0,0.0,0.0,0.0,0.0,0.0,0.0,0.0,16.8,985.2,0.3,1.5,88,0.0,0
2024-06-22 06:05:00,0,0.0,0.0,0.0,0,0,0.0,0,0,0.0,,0.0,0.0,0,0,0.0,0,0,0,0,0,0,0,0,0,0,0,0,0,0,0,0,0,0,0,0,0,0,0,0,0,0,0,0,0,0,0.9998810135399545,0.48909255748271946,0.01253604390908819,0.3887395330218427,0.5602683401276616,0.0036455629509730136,0,0,0.0,0.0,0.0,0.0,0.0,0.0,0.0,0.0,16.8,985.2,0.3,1.5,88,0.0,0
2024-06-22 06:10:00,0,0.0,0.0,0.0,0,0,0.0,0,0,0.0,,0.0,0.0,0,0,0.0,0,0,0,0,0,0,0,0,0,0,0,0,0,0,0,0,0,0,0,0,0,0,0,0,0,0,0,0,0,0,0.999524110790929,0.47819030631733195,0.01253604390908819,0.3887395330218427,0.5602683401276616,0.0036455629509730136,0,0,0.0,0.0,0.0,0.0,0.0,0.0,0.0,0.0,17.1,985.3,0.6,3.7,83,0.0,363
2024-06-22 06:15:00,0,0.0,0.0,0.0,0,0,0.0,0,0,0.0,,0.0,0.0,0,0,0.0,0,0,0,0,0,0,0,0,0,0,0,0,0,0,0,0,0,0,0,0,0,0,0,0,0,0,0,0,0,0,0.9989294616193017,0.46729843538492843,0.01253604390908819,0.3887395330218427,0.5602683401276616,0.0036455629509730136,0,0,0.0,0.0,0.0,0.0,0.0,0.0,0.0,0.0,17.1,985.3,0.6,3.7,83,0.0,363
2024-06-22 06:20:00,0,0.0,0.0,0.0,0,0,0.0,0,0,0.0,,0.0,0.0,0,0,0.0,0,0,0,0,0,0,0,0,0,0,0,0,0,0,0,0,0,0,0,0,0,0,0,0,0,0,0,0,0,0,0.9980973490458728,0.4564221286261709,0.01253604390908819,0.3887395330218427,0.5602683401276616,0.0036455629509730136,0,0,0.0,0.0,0.0,0.0,0.0,0.0,0.0,0.0,17.9,985.2,1.3,5.1,82,0.0,556
2024-06-22 06:25:00,0,0.0,0.0,0.0,0,0,0.0,0,0,0.0,,0.0,0.0,0,0,0.0,0,0,0,0,0,0,0,0,0,0,0,0,0,0,0,0,0,0,0,0,0,0,0,0,0,0,0,0,0,0,0.9970281691111598,0.44556656257401783,0.01253604390908819,0.3887395330218427,0.5602683401276616,0.0036455629509730136,0,0,0.0,0.0,0.0,0.0,0.0,0.0,0.0,0.0,17.9,985.2,1.3,5.1,82,0.0,556
2024-06-22 06:30:00,0,0.0,0.0,0.0,0,0,0.0,0,0,0.0,,0.0,0.0,0,0,0.0,0,0,0,0,0,0,0,0,0,0,0,0,0,0,0,0,0,0,0,0,0,0,0,0,0,0,0,0,0,0,0.9957224306869052,0.4347369038899743,0.01253604390908819,0.3887395330218427,0.5602683401276616,0.0036455629509730136,0,0,0.0,0.0,0.0,0.0,0.0,0.0,0.0,0.0,18.7,985.2,0.4,4.2,78,0.0,599
2024-06-22 06:35:00,0,0.0,0.0,0.0,0,0,0.0,0,0,0.0,,0.0,0.0,0,0,0.0,0,0,0,0,0,0,0,0,0,0,0,0,0,0,0,0,0,0,0,0,0,0,0,0,0,0,0,0,0,0,0.9941807552338804,0.42393830690504175,0.01253604390908819,0.3887395330218427,0.5602683401276616,0.0036455629509730136,0,0,0.0,0.0,0.0,0.0,0.0,0.0,0.0,0.0,18.7,985.2,0.4,4.2,78,0.0,599
2024-06-22 06:40:00,0,0.0,0.0,0.0,0,0,0.0,0,0,0.0,,0.0,0.0,0,0,0.0,0,0,0,0,0,0,0,0,0,0,0,0,0,0,0,0,0,0,0,0,0,0,0,0,0,0,0,0,0,0,0.9924038765061041,0.41317591116653485,0.01253604390908819,0.3887395330218427,0.5602683401276616,0.0036455629509730136,0,0,0.0,0.0,0.0,0.0,0.0,0.0,0.0,0.0,18.5,985.2,0.5,6.7,76,0.0,578
2024-06-22 06:45:00,0,0.0,0.0,0.0,0,0,0.0,0,0,0.0,,0.0,0.0,0,0,0.0,0,0,0,0,0,0,0,0,0,0,0,0,0,0,0,0,0,0,0,0,0,0,0,0,0,0,0,0,0,0,0.9903926402016152,0.4024548389919359,0.01253604390908819,0.3887395330218427,0.5602683401276616,0.0036455629509730136,0,0,0.0,0.0,0.0,0.0,0.0,0.0,0.0,0.0,18.5,985.2,0.5,6.7,76,0.0,578
2024-06-22 06:50:00,0,0.0,0.0,0.0,0,0,0.0,0,0,0.0,,0.0,0.0,0,0,0.0,0,0,0,0,0,0,0,0,0,0,0,0,0,0,0,0,0,0,0,0,0,0,0,0,0,0,0,0,0,0,0.9881480035599667,0.3917801930309486,0.01253604390908819,0.3887395330218427,0.5602683401276616,0.0036455629509730136,0,0,0.0,0.0,0.0,0.0,0.0,0.0,0.0,0.0,18.5,985.2,1.1,7.0,76,0.0,594
2024-06-22 06:55:00,0,0.0,0.0,0.0,0,0,0.0,0,0,0.0,,0.0,0.0,0,0,0.0,0,0,0,0,0,0,0,0,0,0,0,0,0,0,0,0,0,0,0,0,0,0,0,0,0,0,0,0,0,0,0.9856710349066307,0.3811570538369134,0.01253604390908819,0.3887395330218427,0.5602683401276616,0.0036455629509730136,0,0,0.0,0.0,0.0,0.0,0.0,0.0,0.0,0.0,18.5,985.2,1.1,7.0,76,0.0,594
2024-06-22 07:00:00,0,0.0,0.0,0.0,0,0,0.0,0,0,0.0,,0.0,0.0,0,0,0.0,0,0,0,0,0,0,0,0,0,0,0,0,0,0,0,0,0,0,0,0,0,0,0,0,0,0,0,0,0,0,0.9829629131445341,0.3705904774487396,0.01253604390908819,0.3887395330218427,0.5602683401276616,0.0036455629509730136,0,0,0.0,0.0,0.0,0.0,0.0,0.0,0.0,0.0,18.4,985.1,1.9,6.0,74,0.0,586
2024-06-22 07:05:00,0,0.0,0.0,0.0,0,0,0.0,0,0,0.0,,0.0,0.0,0,0,0.0,0,0,0,0,0,0,0,0,0,0,0,0,0,0,0,0,0,0,0,0,0,0,0,0,0,0,0,0,0,0,0.9800249271929644,0.360085492984504,0.01253604390908819,0.3887395330218427,0.5602683401276616,0.0036455629509730136,0,0,0.0,0.0,0.0,0.0,0.0,0.0,0.0,0.0,18.4,985.1,1.9,6.0,74,0.0,586
2024-06-22 07:10:00,0,0.0,0.0,0.0,0,0,0.0,0,0,0.0,,0.0,0.0,0,0,0.0,0,0,0,0,0,0,0,0,0,0,0,0,0,0,0,0,0,0,0,0,0,0,0,0,0,0,0,0,0,0,0.9768584753741134,0.3496471002478635,0.01253604390908819,0.3887395330218427,0.5602683401276616,0.0036455629509730136,0,0,0.0,0.0,0.0,0.0,0.0,0.0,0.0,0.0,18.6,985.1,1.5,5.7,74,0.0,581
2024-06-22 07:15:00,0,0.0,0.0,0.0,0,0,0.0,0,0,0.0,,0.0,0.0,0,0,0.0,0,0,0,0,0,0,0,0,0,0,0,0,0,0,0,0,0,0,0,0,0,0,0,0,0,0,0,0,0,0,0.9734650647475529,0.3392802673484193,0.01253604390908819,0.3887395330218427,0.5602683401276616,0.0036455629509730136,0,0,0.0,0.0,0.0,0.0,0.0,0.0,0.0,0.0,18.6,985.1,1.5,5.7,74,0.0,581
2024-06-22 07:20:00,0,0.0,0.0,0.0,0,0,0.0,0,0,0.0,,0.0,0.0,0,0,0.0,0,0,0,0,0,0,0,0,0,0,0,0,0,0,0,0,0,0,0,0,0,0,0,0,0,0,0,0,0,0,0.9698463103929542,0.3289899283371658,0.01253604390908819,0.3887395330218427,0.5602683401276616,0.0036455629509730136,0,0,0.0,0.0,0.0,0.0,0.0,0.0,0.0,0.0,19.1,985.2,0.8,4.8,73,0.0,455
2024-06-22 07:25:00,0,0.0,0.0,0.0,0,0,0.0,0,0,0.0,,0.0,0.0,0,0,0.0,0,0,0,0,0,0,0,0,0,0,0,0,0,0,0,0,0,0,0,0,0,0,0,0,0,0,0,0,0,0,0.9660039346413993,0.3187809808581492,0.01253604390908819,0.3887395330218427,0.5602683401276616,0.0036455629509730136,0,0,0.0,0.0,0.0,0.0,0.0,0.0,0.0,0.0,19.1,985.2,0.8,4.8,73,0.0,455
2024-06-22 07:30:00,0,0.0,0.0,0.0,0,0,0.0,0,0,0.0,,0.0,0.0,0,0,0.0,0,0,0,0,0,0,0,0,0,0,0,0,0,0,0,0,0,0,0,0,0,0,0,0,0,0,0,0,0,0,0.9619397662556434,0.30865828381745514,0.01253604390908819,0.3887395330218427,0.5602683401276616,0.0036455629509730136,0,0,0.0,0.0,0.0,0.0,0.0,0.0,0.0,0.0,19.2,985.2,0.9,5.0,71,0.0,438
2024-06-22 07:35:00,0,0.0,0.0,0.0,0,0,0.0,0,0,0.0,,0.0,0.0,0,0,0.0,0,0,0,0,0,0,0,0,0,0,0,0,0,0,0,0,0,0,0,0,0,0,0,0,0,0,0,0,0,0,0.9576557395597236,0.29862665507063146,0.01253604390908819,0.3887395330218427,0.5602683401276616,0.0036455629509730136,0,0,0.0,0.0,0.0,0.0,0.0,0.0,0.0,0.0,19.2,985.2,0.9,5.0,71,0.0,438
2024-06-22 07:40:00,0,0.0,0.0,0.0,0,0,0.0,0,0,0.0,,0.0,0.0,0,0,0.0,0,0,0,0,0,0,0,0,0,0,0,0,0,0,0,0,0,0,0,0,0,0,0,0,0,0,0,0,0,0,0.9531538935183249,0.28869086912965014,0.01253604390908819,0.3887395330218427,0.5602683401276616,0.0036455629509730136,0,0,0.0,0.0,0.0,0.0,0.0,0.0,0.0,0.0,18.8,985.1,1.3,5.5,73,0.0,104
2024-06-22 07:45:00,0,0.0,0.0,0.0,0,0,0.0,0,0,0.0,,0.0,0.0,0,0,0.0,0,0,0,0,0,0,0,0,0,0,0,0,0,0,0,0,0,0,0,0,0,0,0,0,0,0,0,0,0,0,0.9484363707663441,0.27885565489049946,0.01253604390908819,0.3887395330218427,0.5602683401276616,0.0036455629509730136,0,0,0.0,0.0,0.0,0.0,0.0,0.0,0.0,0.0,18.8,985.1,1.3,5.5,73,0.0,104
2024-06-22 07:50:00,0,0.0,0.0,0.0,0,0,0.0,0,0,0.0,,0.0,0.0,0,0,0.0,0,0,0,0,0,0,0,0,0,0,0,0,0,0,0,0,0,0,0,0,0,0,0,0,0,0,0,0,0,0,0.9435054165891109,0.26912569338248316,0.01253604390908819,0.3887395330218427,0.5602683401276616,0.0036455629509730136,0,0,0.0,0.0,0.0,0.0,0.0,0.0,0.0,0.0,18.9,984.9,1.1,4.5,73,0.0,18
2024-06-22 07:55:00,0,0.0,0.0,0.0,0,0,0.0,0,0,0.0,,0.0,0.0,0,0,0.0,0,0,0,0,0,0,0,0,0,0,0,0,0,0,0,0,0,0,0,0,0,0,0,0,0,0,0,0,0,0,0.9383633778537539,0.25950561554030627,0.01253604390908819,0.3887395330218427,0.5602683401276616,0.0036455629509730136,0,0,0.0,0.0,0.0,0.0,0.0,0.0,0.0,0.0,18.9,984.9,1.1,4.5,73,0.0,18
2024-06-22 08:00:00,0,0.0,0.0,0.0,0,0,0.0,0,0,0.0,,0.0,0.0,0,0,0.0,0,0,0,0,0,0,0,0,0,0,0,0,0,0,0,0,0,0,0,0,0,0,0,0,0,0,0,0,0,0,0.9330127018922194,0.2500000000000001,0.01253604390908819,0.3887395330218427,0.5602683401276616,0.0036455629509730136,0,0,0.0,0.0,0.0,0.0,0.0,0.0,0.0,0.0,18.8,984.9,1.7,5.3,72,0.0,0
2024-06-22 08:05:00,0,0.0,0.0,0.0,0,0,0.0,0,0,0.0,,0.0,0.0,0,0,0.0,0,0,0,0,0,0,0,0,0,0,0,0,0,0,0,0,0,0,0,0,0,0,0,0,0,0,0,0,0,0,0.9274559353364733,0.24061337091973917,0.01253604390908819,0.3887395330218427,0.5602683401276616,0.0036455629509730136,0,0,0.0,0.0,0.0,0.0,0.0,0.0,0.0,0.0,18.8,984.9,1.7,5.3,72,0.0,0
2024-06-22 08:10:00,0,0.0,0.0,0.0,0,0,0.0,0,0,0.0,,0.0,0.0,0,0,0.0,0,0,0,0,0,0,0,0,0,0,0,0,0,0,0,0,0,0,0,0,0,0,0,0,0,0,0,0,0,0,0.9216957229064429,0.23135019582658822,0.01253604390908819,0.3887395330218427,0.5602683401276616,0.0036455629509730136,0,0,0.0,0.0,0.0,0.0,0.0,0.0,0.0,0.0,19.1,984.9,1.5,4.1,72,0.0,159
2024-06-22 08:15:00,0,0.0,0.0,0.0,0,0,0.0,0,0,0.0,,0.0,0.0,0,0,0.0,0,0,0,0,0,0,0,0,0,0,0,0,0,0,0,0,0,0,0,0,0,0,0,0,0,0,0,0,0,0,0.9157348061512727,0.22221488349019902,0.01253604390908819,0.3887395330218427,0.5602683401276616,0.0036455629509730136,0,0,0.0,0.0,0.0,0.0,0.0,0.0,0.0,0.0,19.1,984.9,1.5,4.1,72,0.0,159
2024-06-22 08:20:00,0,0.0,0.0,0.0,0,0,0.0,0,0,0.0,,0.0,0.0,0,0,0.0,0,0,0,0,0,0,0,0,0,0,0,0,0,0,0,0,0,0,0,0,0,0,0,0,0,0,0,0,0,0,0.9095760221444958,0.21321178182447692,0.01253604390908819,0.3887395330218427,0.5602683401276616,0.0036455629509730136,0,0,0.0,0.0,0.0,0.0,0.0,0.0,0.0,0.0,20.2,984.8,0.7,3.2,70,0.0,382
2024-06-22 08:25:00,0,0.0,0.0,0.0,0,0,0.0,0,0,0.0,,0.0,0.0,0,0,0.0,0,0,0,0,0,0,0,0,0,0,0,0,0,0,0,0,0,0,0,0,0,0,0,0,0,0,0,0,0,0,0.9032223021337413,0.20434517581820894,0.01253604390908819,0.3887395330218427,0.5602683401276616,0.0036455629509730136,0,0,0.0,0.0,0.0,0.0,0.0,0.0,0.0,0.0,20.2,984.8,0.7,3.2,70,0.0,382
2024-06-22 08:30:00,0,0.0,0.0,0.0,0,0,0.0,0,0,0.0,,0.0,0.0,0,0,0.0,0,0,0,0,0,0,0,0,0,0,0,0,0,0,0,0,0,0,0,0,0,0,0,0,0,0,0,0,0,0,0.8966766701456176,0.19561928549563967,0.01253604390908819,0.3887395330218427,0.5602683401276616,0.0036455629509730136,0,0,0.0,0.0,0.0,0.0,0.0,0.0,0.0,0.0,19.4,984.9,1.1,4.2,70,0.0,0
2024-06-22 08:35:00,0,0.0,0.0,0.0,0,0,0.0,0,0,0.0,,0.0,0.0,0,0,0.0,0,0,0,0,0,0,0,0,0,0,0,0,0,0,0,0,0,0,0,0,0,0,0,0,0,0,0,0,0,0,0.8899422415464409,0.18703826390797046,0.01253604390908819,0.3887395330218427,0.5602683401276616,0.0036455629509730136,0,0,0.0,0.0,0.0,0.0,0.0,0.0,0.0,0.0,19.4,984.9,1.1,4.2,70,0.0,0
2024-06-22 08:40:00,0,0.0,0.0,0.0,0,0,0.0,0,0,0.0,,0.0,0.0,0,0,0.0,0,0,0,0,0,0,0,0,0,0,0,0,0,0,0,0,0,0,0,0,0,0,0,0,0,0,0,0,0,0,0.883022221559489,0.17860619515673032,0.01253604390908819,0.3887395330218427,0.5602683401276616,0.0036455629509730136,0,0,0.0,0.0,0.0,0.0,0.0,0.0,0.0,0.0,19.3,984.9,1.9,6.3,71,0.0,161
2024-06-22 08:45:00,0,0.0,0.0,0.0,0,0,0.0,0,0,0.0,,0.0,0.0,0,0,0.0,0,0,0,0,0,0,0,0,0,0,0,0,0,0,0,0,0,0,0,0,0,0,0,0,0,0,0,0,0,0,0.8759199037394887,0.17032709244996558,0.01253604390908819,0.3887395330218427,0.5602683401276616,0.0036455629509730136,0,0,0.0,0.0,0.0,0.0,0.0,0.0,0.0,0.0,19.3,984.9,1.9,6.3,71,0.0,161
2024-06-22 08:50:00,0,0.0,0.0,0.0,0,0,0.0,0,0,0.0,,0.0,0.0,0,0,0.0,0,0,0,0,0,0,0,0,0,0,0,0,0,0,0,0,0,0,0,0,0,0,0,0,0,0,0,0,0,0,0.868638668405062,0.16220489619216988,0.01253604390908819,0.3887395330218427,0.5602683401276616,0.0036455629509730136,0,0,0.0,0.0,0.0,0.0,0.0,0.0,0.0,0.0,20.3,984.7,1.6,5.4,66,0.0,600
2024-06-22 08:55:00,0,0.0,0.0,0.0,0,0,0.0,0,0,0.0,,0.0,0.0,0,0,0.0,0,0,0,0,0,0,0,0,0,0,0,0,0,0,0,0,0,0,0,0,0,0,0,0,0,0,0,0,0,0,0.861181981029878,0.15424347210886552,0.01253604390908819,0.3887395330218427,0.5602683401276616,0.0036455629509730136,0,0,0.0,0.0,0.0,0.0,0.0,0.0,0.0,0.0,20.3,984.7,1.6,5.4,66,0.0,600
2024-06-22 09:00:00,0,0.0,0.0,0.0,0,0,0.0,0,0,0.0,,0.0,0.0,0,0,0.0,0,0,0,0,0,0,0,0,0,0,0,0,0,0,0,0,0,0,0,0,0,0,0,0,0,0,0,0,0,0,0.8535533905932737,0.14644660940672627,0.01253604390908819,0.3887395330218427,0.5602683401276616,0.0036455629509730136,0,0,0.0,0.0,0.0,0.0,0.0,0.0,0.0,0.0,19.8,984.7,1.9,7.2,65,0.0,55
2024-06-22 09:05:00,0,0.0,0.0,0.0,0,0,0.0,0,0,0.0,,0.0,0.0,0,0,0.0,0,0,0,0,0,0,0,0,0,0,0,0,0,0,0,0,0,0,0,0,0,0,0,0,0,0,0,0,0,0,0.8457565278911345,0.13881801897012208,0.01253604390908819,0.3887395330218427,0.5602683401276616,0.0036455629509730136,0,0,0.0,0.0,0.0,0.0,0.0,0.0,0.0,0.0,19.8,984.7,1.9,7.2,65,0.0,55
2024-06-22 09:10:00,0,0.0,0.0,0.0,0,0,0.0,0,0,0.0,,0.0,0.0,0,0,0.0,0,0,0,0,0,0,0,0,0,0,0,0,0,0,0,0,0,0,0,0,0,0,0,0,0,0,0,0,0,0,0.8377951038078302,0.131361331594938,0.01253604390908819,0.3887395330218427,0.5602683401276616,0.0036455629509730136,0,0,0.0,0.0,0.0,0.0,0.0,0.0,0.0,0.0,20.3,984.7,1.8,6.4,65,0.0,381
2024-06-22 09:15:00,0,0.0,0.0,0.0,0,0,0.0,0,0,0.0,,0.0,0.0,0,0,0.0,0,0,0,0,0,0,0,0,0,0,0,0,0,0,0,0,0,0,0,0,0,0,0,0,0,0,0,0,0,0,0.8296729075500344,0.12408009626051136,0.01253604390908819,0.3887395330218427,0.5602683401276616,0.0036455629509730136,0,0,0.0,0.0,0.0,0.0,0.0,0.0,0.0,0.0,20.3,984.7,1.8,6.4,65,0.0,381
2024-06-22 09:20:00,0,0.0,0.0,0.0,0,0,0.0,0,0,0.0,,0.0,0.0,0,0,0.0,0,0,0,0,0,0,0,0,0,0,0,0,0,0,0,0,0,0,0,0,0,0,0,0,0,0,0,0,0,0,0.8213938048432697,0.11697777844051105,0.01253604390908819,0.3887395330218427,0.5602683401276616,0.0036455629509730136,0,0,0.0,0.0,0.0,0.0,0.0,0.0,0.0,0.0,21.1,984.7,0.9,4.4,62,0.0,600
2024-06-22 09:25:00,0,0.0,0.0,0.0,0,0,0.0,0,0,0.0,,0.0,0.0,0,0,0.0,0,0,0,0,0,0,0,0,0,0,0,0,0,0,0,0,0,0,0,0,0,0,0,0,0,0,0,0,0,0,0.8129617360920296,0.1100577584535592,0.01253604390908819,0.3887395330218427,0.5602683401276616,0.0036455629509730136,0,0,0.0,0.0,0.0,0.0,0.0,0.0,0.0,0.0,21.1,984.7,0.9,4.4,62,0.0,600
2024-06-22 09:30:00,0,0.0,0.0,0.0,0,0,0.0,0,0,0.0,,0.0,0.0,0,0,0.0,0,0,0,0,0,0,0,0,0,0,0,0,0,0,0,0,0,0,0,0,0,0,0,0,0,0,0,0,0,0,0.8043807145043604,0.10332332985438247,0.01253604390908819,0.3887395330218427,0.5602683401276616,0.0036455629509730136,0,0,0.0,0.0,0.0,0.0,0.0,0.0,0.0,0.0,21.4,984.6,0.6,5.1,62,0.0,541
2024-06-22 09:35:00,0,0.0,0.0,0.0,0,0,0.0,0,0,0.0,,0.0,0.0,0,0,0.0,0,0,0,0,0,0,0,0,0,0,0,0,0,0,0,0,0,0,0,0,0,0,0,0,0,0,0,0,0,0,0.7956548241817911,0.09677769786625867,0.01253604390908819,0.3887395330218427,0.5602683401276616,0.0036455629509730136,0,0,0.0,0.0,0.0,0.0,0.0,0.0,0.0,0.0,21.4,984.6,0.6,5.1,62,0.0,541
2024-06-22 09:40:00,0,0.0,0.0,0.0,0,0,0.0,0,0,0.0,,0.0,0.0,0,0,0.0,0,0,0,0,0,0,0,0,0,0,0,0,0,0,0,0,0,0,0,0,0,0,0,0,0,0,0,0,0,0,0.7867882181755232,0.09042397785550421,0.01253604390908819,0.3887395330218427,0.5602683401276616,0.0036455629509730136,0,0,0.0,0.0,0.0,0.0,0.0,0.0,0.0,0.0,20.9,984.6,2.3,6.8,60,0.0,510
2024-06-22 09:45:00,0,0.0,0.0,0.0,0,0,0.0,0,0,0.0,,0.0,0.0,0,0,0.0,0,0,0,0,0,0,0,0,0,0,0,0,0,0,0,0,0,0,0,0,0,0,0,0,0,0,0,0,0,0,0.7777851165098011,0.08426519384872733,0.01253604390908819,0.3887395330218427,0.5602683401276616,0.0036455629509730136,0,0,0.0,0.0,0.0,0.0,0.0,0.0,0.0,0.0,20.9,984.6,2.3,6.8,60,0.0,510
2024-06-22 09:50:00,0,0.0,0.0,0.0,0,0,0.0,0,0,0.0,,0.0,0.0,0,0,0.0,0,0,0,0,0,0,0,0,0,0,0,0,0,0,0,0,0,0,0,0,0,0,0,0,0,0,0,0,0,0,0.7686498041734119,0.07830427709355714,0.01253604390908819,0.3887395330218427,0.5602683401276616,0.0036455629509730136,0,0,0.0,0.0,0.0,0.0,0.0,0.0,0.0,0.0,21.8,984.6,1.1,4.5,59,0.0,600
2024-06-22 09:55:00,0,0.0,0.0,0.0,0,0,0.0,0,0,0.0,,0.0,0.0,0,0,0.0,0,0,0,0,0,0,0,0,0,0,0,0,0,0,0,0,0,0,0,0,0,0,0,0,0,0,0,0,0,0,0.7593866290802609,0.07254406466352681,0.01253604390908819,0.3887395330218427,0.5602683401276616,0.0036455629509730136,0,0,0.0,0.0,0.0,0.0,0.0,0.0,0.0,0.0,21.8,984.6,1.1,4.5,59,0.0,600
2024-06-22 10:00:00,0,0.0,0.0,0.0,0,0,0.0,0,0,0.0,,0.0,0.0,0,0,0.0,0,0,0,0,0,0,0,0,0,0,0,0,0,0,0,0,0,0,0,0,0,0,0,0,0,0,0,0,0,0,0.75,0.06698729810778065,0.01253604390908819,0.3887395330218427,0.5602683401276616,0.0036455629509730136,0,0,0.0,0.0,0.0,0.0,0.0,0.0,0.0,0.0,21.6,984.6,1.0,6.0,59,0.0,385
2024-06-22 10:05:00,0,0.0,0.0,0.0,0,0,0.0,0,0,0.0,,0.0,0.0,0,0,0.0,0,0,0,0,0,0,0,0,0,0,0,0,0,0,0,0,0,0,0,0,0,0,0,0,0,0,0,0,0,0,0.7404943844596938,0.061636622146246156,0.01253604390908819,0.3887395330218427,0.5602683401276616,0.0036455629509730136,0,0,0.0,0.0,0.0,0.0,0.0,0.0,0.0,0.0,21.6,984.6,1.0,6.0,59,0.0,385
2024-06-22 10:10:00,0,0.0,0.0,0.0,0,0,0.0,0,0,0.0,,0.0,0.0,0,0,0.0,0,0,0,0,0,0,0,0,0,0,0,0,0,0,0,0,0,0,0,0,0,0,0,0,0,0,0,0,0,0,0.730874306617517,0.05649458341088914,0.01253604390908819,0.3887395330218427,0.5602683401276616,0.0036455629509730136,0,0,0.0,0.0,0.0,0.0,0.0,0.0,0.0,0.0,21.7,984.7,1.7,6.6,61,0.0,421
2024-06-22 10:15:00,0,0.0,0.0,0.0,0,0,0.0,0,0,0.0,,0.0,0.0,0,0,0.0,0,0,0,0,0,0,0,0,0,0,0,0,0,0,0,0,0,0,0,0,0,0,0,0,0,0,0,0,0,0,0.7211443451095007,0.05156362923365587,0.01253604390908819,0.3887395330218427,0.5602683401276616,0.0036455629509730136,0,0,0.0,0.0,0.0,0.0,0.0,0.0,0.0,0.0,21.7,984.7,1.7,6.6,61,0.0,421
2024-06-22 10:20:00,0,0.0,0.0,0.0,0,0,0.0,0,0,0.0,,0.0,0.0,0,0,0.0,0,0,0,0,0,0,0,0,0,0,0,0,0,0,0,0,0,0,0,0,0,0,0,0,0,0,0,0,0,0,0.7113091308703497,0.04684610648167503,0.01253604390908819,0.3887395330218427,0.5602683401276616,0.0036455629509730136,0,0,0.0,0.0,0.0,0.0,0.0,0.0,0.0,0.0,21.9,984.6,1.3,4.9,54,0.0,600
2024-06-22 10:25:00,0,0.0,0.0,0.0,0,0,0.0,0,0,0.0,,0.0,0.0,0,0,0.0,0,0,0,0,0,0,0,0,0,0,0,0,0,0,0,0,0,0,0,0,0,0,0,0,0,0,0,0,0,0,0.7013733449293689,0.04234426044027656,0.01253604390908819,0.3887395330218427,0.5602683401276616,0.0036455629509730136,0,0,0.0,0.0,0.0,0.0,0.0,0.0,0.0,0.0,21.9,984.6,1.3,4.9,54,0.0,600
2024-06-22 10:30:00,0,0.0,0.0,0.0,0,0,0.0,0,0,0.0,,0.0,0.0,0,0,0.0,0,0,0,0,0,0,0,0,0,0,0,0,0,0,0,0,0,0,0,0,0,0,0,0,0,0,0,0,0,0,0.6913417161825449,0.03806023374435663,0.01253604390908819,0.3887395330218427,0.5602683401276616,0.0036455629509730136,0,0,0.0,0.0,0.0,0.0,0.0,0.0,0.0,0.0,22.6,984.6,1.2,6.3,53,0.0,600
2024-06-22 10:35:00,0,0.0,0.0,0.0,0,0,0.0,0,0,0.0,,0.0,0.0,0,0,0.0,0,0,0,0,0,0,0,0,0,0,0,0,0,0,0,0,0,0,0,0,0,0,0,0,0,0,0,0,0,0,0.6812190191418507,0.03399606535860067,0.01253604390908819,0.3887395330218427,0.5602683401276616,0.0036455629509730136,0,0,0.0,0.0,0.0,0.0,0.0,0.0,0.0,0.0,22.6,984.6,1.2,6.3,53,0.0,600
2024-06-22 10:40:00,0,0.0,0.0,0.0,0,0,0.0,0,0,0.0,,0.0,0.0,0,0,0.0,0,0,0,0,0,0,0,0,0,0,0,0,0,0,0,0,0,0,0,0,0,0,0,0,0,0,0,0,0,0,0.6710100716628344,0.03015368960704584,0.01253604390908819,0.3887395330218427,0.5602683401276616,0.0036455629509730136,0,0,0.0,0.0,0.0,0.0,0.0,0.0,0.0,0.0,22.3,984.6,1.6,7.3,48,0.0,600
2024-06-22 10:45:00,0,0.0,0.0,0.0,0,0,0.0,0,0,0.0,,0.0,0.0,0,0,0.0,0,0,0,0,0,0,0,0,0,0,0,0,0,0,0,0,0,0,0,0,0,0,0,0,0,0,0,0,0,0,0.6607197326515809,0.02653493525244721,0.01253604390908819,0.3887395330218427,0.5602683401276616,0.0036455629509730136,0,0,0.0,0.0,0.0,0.0,0.0,0.0,0.0,0.0,22.3,984.6,1.6,7.3,48,0.0,600
2024-06-22 10:50:00,0,0.0,0.0,0.0,0,0,0.0,0,0,0.0,,0.0,0.0,0,0,0.0,0,0,0,0,0,0,0,0,0,0,0,0,0,0,0,0,0,0,0,0,0,0,0,0,0,0,0,0,0,0,0.6503528997521366,0.02314152462588659,0.01253604390908819,0.3887395330218427,0.5602683401276616,0.0036455629509730136,0,0,0.0,0.0,0.0,0.0,0.0,0.0,0.0,0.0,22.4,984.4,1.1,5.7,49,0.0,561
2024-06-22 10:55:00,0,0.0,0.0,0.0,0,0,0.0,0,0,0.0,,0.0,0.0,0,0,0.0,0,0,0,0,0,0,0,0,0,0,0,0,0,0,0,0,0,0,0,0,0,0,0,0,0,0,0,0,0,0,0.6399145070154961,0.0199750728070357,0.01253604390908819,0.3887395330218427,0.5602683401276616,0.0036455629509730136,0,0,0.0,0.0,0.0,0.0,0.0,0.0,0.0,0.0,22.4,984.4,1.1,5.7,49,0.0,561
2024-06-22 11:00:00,0,0.0,0.0,0.0,0,0,0.0,0,0,0.0,,0.0,0.0,0,0,0.0,0,0,0,0,0,0,0,0,0,0,0,0,0,0,0,0,0,0,0,0,0,0,0,0,0,0,0,0,0,0,0.6294095225512605,0.0170370868554659,0.01253604390908819,0.3887395330218427,0.5602683401276616,0.0036455629509730136,0,0,0.0,0.0,0.0,0.0,0.0,0.0,0.0,0.0,22.1,984.5,1.6,6.3,48,0.0,525
2024-06-22 11:05:00,0,0.0,0.0,0.0,0,0,0.0,0,0,0.0,,0.0,0.0,0,0,0.0,0,0,0,0,0,0,0,0,0,0,0,0,0,0,0,0,0,0,0,0,0,0,0,0,0,0,0,0,0,0,0.6188429461630864,0.014328965093369284,0.01253604390908819,0.3887395330218427,0.5602683401276616,0.0036455629509730136,0,0,0.0,0.0,0.0,0.0,0.0,0.0,0.0,0.0,22.1,984.5,1.6,6.3,48,0.0,525
2024-06-22 11:10:00,0,0.0,0.0,0.0,0,0,0.0,0,0,0.0,,0.0,0.0,0,0,0.0,0,0,0,0,0,0,0,0,0,0,0,0,0,0,0,0,0,0,0,0,0,0,0,0,0,0,0,0,0,0,0.6082198069690516,0.011851996440033374,0.01253604390908819,0.3887395330218427,0.5602683401276616,0.0036455629509730136,0,0,0.0,0.0,0.0,0.0,0.0,0.0,0.0,0.0,22.6,984.4,1.9,6.7,48,0.0,600
2024-06-22 11:15:00,0,0.0,0.0,0.0,0,0,0.0,0,0,0.0,,0.0,0.0,0,0,0.0,0,0,0,0,0,0,0,0,0,0,0,0,0,0,0,0,0,0,0,0,0,0,0,0,0,0,0,0,0,0,0.5975451610080643,0.009607359798384785,0.01253604390908819,0.3887395330218427,0.5602683401276616,0.0036455629509730136,0,0,0.0,0.0,0.0,0.0,0.0,0.0,0.0,0.0,22.6,984.4,1.9,6.7,48,0.0,600
2024-06-22 11:20:00,0,0.0,0.0,0.0,0,0,0.0,0,0,0.0,,0.0,0.0,0,0,0.0,0,0,0,0,0,0,0,0,0,0,0,0,0,0,0,0,0,0,0,0,0,0,0,0,0,0,0,0,0,0,0.5868240888334652,0.00759612349389599,0.01253604390908819,0.3887395330218427,0.5602683401276616,0.0036455629509730136,0,0,0.0,0.0,0.0,0.0,0.0,0.0,0.0,0.0,22.7,984.3,1.2,5.8,45,0.0,600
2024-06-22 11:25:00,0,0.0,0.0,0.0,0,0,0.0,0,0,0.0,,0.0,0.0,0,0,0.0,0,0,0,0,0,0,0,0,0,0,0,0,0,0,0,0,0,0,0,0,0,0,0,0,0,0,0,0,0,0,0.5760616930949586,0.005819244766119669,0.01253604390908819,0.3887395330218427,0.5602683401276616,0.0036455629509730136,0,0,0.0,0.0,0.0,0.0,0.0,0.0,0.0,0.0,22.7,984.3,1.2,5.8,45,0.0,600
2024-06-22 11:30:00,0,0.0,0.0,0.0,0,0,0.0,0,0,0.0,,0.0,0.0,0,0,0.0,0,0,0,0,0,0,0,0,0,0,0,0,0,0,0,0,0,0,0,0,0,0,0,0,0,0,0,0,0,0,0.5652630961100258,0.004277569313094809,0.01253604390908819,0.3887395330218427,0.5602683401276616,0.0036455629509730136,0,0,0.0,0.0,0.0,0.0,0.0,0.0,0.0,0.0,23.5,984.3,0.9,6.0,47,0.0,600
2024-06-22 11:35:00,0,0.0,0.0,0.0,0,0,0.0,0,0,0.0,,0.0,0.0,0,0,0.0,0,0,0,0,0,0,0,0,0,0,0,0,0,0,0,0,0,0,0,0,0,0,0,0,0,0,0,0,0,0,0.5544334374259823,0.0029718308888401768,0.01253604390908819,0.3887395330218427,0.5602683401276616,0.0036455629509730136,0,0,0.0,0.0,0.0,0.0,0.0,0.0,0.0,0.0,23.5,984.3,0.9,6.0,47,0.0,600
2024-06-22 11:40:00,0,0.0,0.0,0.0,0,0,0.0,0,0,0.0,,0.0,0.0,0,0,0.0,0,0,0,0,0,0,0,0,0,0,0,0,0,0,0,0,0,0,0,0,0,0,0,0,0,0,0,0,0,0,0.5435778713738291,0.0019026509541272274,0.01253604390908819,0.3887395330218427,0.5602683401276616,0.0036455629509730136,0,0,0.0,0.0,0.0,0.0,0.0,0.0,0.0,0.0,23.3,984.3,1.3,5.8,43,0.0,600
2024-06-22 11:45:00,0,0.0,0.0,0.0,0,0,0.0,0,0,0.0,,0.0,0.0,0,0,0.0,0,0,0,0,0,0,0,0,0,0,0,0,0,0,0,0,0,0,0,0,0,0,0,0,0,0,0,0,0,0,0.5327015646150716,0.0010705383806982605,0.01253604390908819,0.3887395330218427,0.5602683401276616,0.0036455629509730136,0,0,0.0,0.0,0.0,0.0,0.0,0.0,0.0,0.0,23.3,984.3,1.3,5.8,43,0.0,600
2024-06-22 11:50:00,0,0.0,0.0,0.0,0,0,0.0,0,0,0.0,,0.0,0.0,0,0,0.0,0,0,0,0,0,0,0,0,0,0,0,0,0,0,0,0,0,0,0,0,0,0,0,0,0,0,0,0,0,0,0.521809693682668,0.0004758892090711009,0.01253604390908819,0.3887395330218427,0.5602683401276616,0.0036455629509730136,0,0,0.0,0.0,0.0,0.0,0.0,0.0,0.0,0.0,23.0,984.1,1.1,5.8,44,0.0,600
2024-06-22 11:55:00,0,0.0,0.0,0.0,0,0,0.0,0,0,0.0,,0.0,0.0,0,0,0.0,0,0,0,0,0,0,0,0,0,0,0,0,0,0,0,0,0,0,0,0,0,0,0,0,0,0,0,0,0,0,0.5109074425172808,0.00011898646004543378,0.01253604390908819,0.3887395330218427,0.5602683401276616,0.0036455629509730136,0,0,0.0,0.0,0.0,0.0,0.0,0.0,0.0,0.0,23.0,984.1,1.1,5.8,44,0.0,600
2024-06-22 12:00:00,0,0.0,0.0,0.0,0,0,0.0,0,0,0.0,,0.0,0.0,0,0,0.0,0,0,0,0,0,0,0,0,0,0,0,0,0,0,0,0,0,0,0,0,0,0,0,0,0,0,0,0,0,0,0.5000000000000001,0.0,0.01253604390908819,0.3887395330218427,0.5602683401276616,0.0036455629509730136,0,0,0.0,0.0,0.0,0.0,0.0,0.0,0.0,0.0,23.0,984.2,1.6,4.9,44,0.0,600
2024-06-22 12:05:00,0,0.0,0.0,0.0,0,0,0.0,0,0,0.0,,0.0,0.0,0,0,0.0,0,0,0,0,0,0,0,0,0,0,0,0,0,0,0,0,0,0,0,0,0,0,0,0,0,0,0,0,0,0,0.4890925574827195,0.00011898646004543378,0.01253604390908819,0.3887395330218427,0.5602683401276616,0.0036455629509730136,0,0,0.0,0.0,0.0,0.0,0.0,0.0,0.0,0.0,23.0,984.2,1.6,4.9,44,0.0,600
2024-06-22 12:10:00,0,0.0,0.0,0.0,0,0,0.0,0,0,0.0,,0.0,0.0,0,0,0.0,0,0,0,0,0,0,0,0,0,0,0,0,0,0,0,0,0,0,0,0,0,0,0,0,0,0,0,0,0,0,0.47819030631733206,0.0004758892090711009,0.01253604390908819,0.3887395330218427,0.5602683401276616,0.0036455629509730136,0,0,0.0,0.0,0.0,0.0,0.0,0.0,0.0,0.0,23.2,984.1,1.6,7.0,42,0.0,600
2024-06-22 12:15:00,0,0.0,0.0,0.0,0,0,0.0,0,0,0.0,,0.0,0.0,0,0,0.0,0,0,0,0,0,0,0,0,0,0,0,0,0,0,0,0,0,0,0,0,0,0,0,0,0,0,0,0,0,0,0.46729843538492855,0.0010705383806982605,0.01253604390908819,0.3887395330218427,0.5602683401276616,0.0036455629509730136,0,0,0.0,0.0,0.0,0.0,0.0,0.0,0.0,0.0,23.2,984.1,1.6,7.0,42,0.0,600
2024-06-22 12:20:00,0,0.0,0.0,0.0,0,0,0.0,0,0,0.0,,0.0,0.0,0,0,0.0,0,0,0,0,0,0,0,0,0,0,0,0,0,0,0,0,0,0,0,0,0,0,0,0,0,0,0,0,0,0,0.4564221286261708,0.0019026509541272274,0.01253604390908819,0.3887395330218427,0.5602683401276616,0.0036455629509730136,0,0,0.0,0.0,0.0,0.0,0.0,0.0,0.0,0.0,23.2,984.1,1.8,6.6,41,0.0,600
2024-06-22 12:25:00,0,0.0,0.0,0.0,0,0,0.0,0,0,0.0,,0.0,0.0,0,0,0.0,0,0,0,0,0,0,0,0,0,0,0,0,0,0,0,0,0,0,0,0,0,0,0,0,0,0,0,0,0,0,0.44556656257401805,0.0029718308888401768,0.01253604390908819,0.3887395330218427,0.5602683401276616,0.0036455629509730136,0,0,0.0,0.0,0.0,0.0,0.0,0.0,0.0,0.0,23.2,984.1,1.8,6.6,41,0.0,600
2024-06-22 12:30:00,0,0.0,0.0,0.0,0,0,0.0,0,0,0.0,,0.0,0.0,0,0,0.0,0,0,0,0,0,0,0,0,0,0,0,0,0,0,0,0,0,0,0,0,0,0,0,0,0,0,0,0,0,0,0.4347369038899741,0.004277569313094809,0.01253604390908819,0.3887395330218427,0.5602683401276616,0.0036455629509730136,0,0,0.0,0.0,0.0,0.0,0.0,0.0,0.0,0.0,23.3,983.8,1.2,7.0,42,0.0,600
2024-06-22 12:35:00,0,0.0,0.0,0.0,0,0,0.0,0,0,0.0,,0.0,0.0,0,0,0.0,0,0,0,0,0,0,0,0,0,0,0,0,0,0,0,0,0,0,0,0,0,0,0,0,0,0,0,0,0,0,0.4239383069050416,0.005819244766119669,0.01253604390908819,0.3887395330218427,0.5602683401276616,0.0036455629509730136,0,0,0.0,0.0,0.0,0.0,0.0,0.0,0.0,0.0,23.3,983.8,1.2,7.0,42,0.0,600
2024-06-22 12:40:00,0,0.0,0.0,0.0,0,0,0.0,0,0,0.0,,0.0,0.0,0,0,0.0,0,0,0,0,0,0,0,0,0,0,0,0,0,0,0,0,0,0,0,0,0,0,0,0,0,0,0,0,0,0,0.41317591116653474,0.00759612349389599,0.01253604390908819,0.3887395330218427,0.5602683401276616,0.0036455629509730136,0,0,0.0,0.0,0.0,0.0,0.0,0.0,0.0,0.0,23.4,983.7,1.9,6.3,42,0.0,600
2024-06-22 12:45:00,0,0.0,0.0,0.0,0,0,0.0,0,0,0.0,,0.0,0.0,0,0,0.0,0,0,0,0,0,0,0,0,0,0,0,0,0,0,0,0,0,0,0,0,0,0,0,0,0,0,0,0,0,0,0.4024548389919358,0.009607359798384785,0.01253604390908819,0.3887395330218427,0.5602683401276616,0.0036455629509730136,0,0,0.0,0.0,0.0,0.0,0.0,0.0,0.0,0.0,23.4,983.7,1.9,6.3,42,0.0,600
2024-06-22 12:50:00,0,0.0,0.0,0.0,0,0,0.0,0,0,0.0,,0.0,0.0,0,0,0.0,0,0,0,0,0,0,0,0,0,0,0,0,0,0,0,0,0,0,0,0,0,0,0,0,0,0,0,0,0,0,0.39178019303094874,0.011851996440033263,0.01253604390908819,0.3887395330218427,0.5602683401276616,0.0036455629509730136,0,0,0.0,0.0,0.0,0.0,0.0,0.0,0.0,0.0,23.4,983.6,1.3,6.4,42,0.0,600
2024-06-22 12:55:00,0,0.0,0.0,0.0,0,0,0.0,0,0,0.0,,0.0,0.0,0,0,0.0,0,0,0,0,0,0,0,0,0,0,0,0,0,0,0,0,0,0,0,0,0,0,0,0,0,0,0,0,0,0,0.3811570538369137,0.014328965093369228,0.01253604390908819,0.3887395330218427,0.5602683401276616,0.0036455629509730136,0,0,0.0,0.0,0.0,0.0,0.0,0.0,0.0,0.0,23.4,983.6,1.3,6.4,42,0.0,600
2024-06-22 13:00:00,0,0.0,0.0,0.0,0,0,0.0,0,0,0.0,,0.0,0.0,0,0,0.0,0,0,0,0,0,0,0,0,0,0,0,0,0,0,0,0,0,0,0,0,0,0,0,0,0,0,0,0,0,0,0.37059047744873985,0.01703708685546579,0.01253604390908819,0.3887395330218427,0.5602683401276616,0.0036455629509730136,0,0,0.0,0.0,0.0,0.0,0.0,0.0,0.0,0.0,23.5,983.4,1.8,6.8,41,0.0,600
2024-06-22 13:05:00,0,0.0,0.0,0.0,0,0,0.0,0,0,0.0,,0.0,0.0,0,0,0.0,0,0,0,0,0,0,0,0,0,0,0,0,0,0,0,0,0,0,0,0,0,0,0,0,0,0,0,0,0,0,0.36008549298450376,0.0199750728070357,0.01253604390908819,0.3887395330218427,0.5602683401276616,0.0036455629509730136,0,0,0.0,0.0,0.0,0.0,0.0,0.0,0.0,0.0,23.5,983.4,1.8,6.8,41,0.0,600
2024-06-22 13:10:00,0,0.0,0.0,0.0,0,0,0.0,0,0,0.0,,0.0,0.0,0,0,0.0,0,0,0,0,0,0,0,0,0,0,0,0,0,0,0,0,0,0,0,0,0,0,0,0,0,0,0,0,0,0,0.34964710024786366,0.023141524625886478,0.01253604390908819,0.3887395330218427,0.5602683401276616,0.0036455629509730136,0,0,0.0,0.0,0.0,0.0,0.0,0.0,0.0,0.0,23.7,983.3,1.2,4.8,41,0.0,600
2024-06-22 13:15:00,0,0.0,0.0,0.0,0,0,0.0,0,0,0.0,,0.0,0.0,0,0,0.0,0,0,0,0,0,0,0,0,0,0,0,0,0,0,0,0,0,0,0,0,0,0,0,0,0,0,0,0,0,0,0.3392802673484192,0.026534935252447156,0.01253604390908819,0.3887395330218427,0.5602683401276616,0.0036455629509730136,0,0,0.0,0.0,0.0,0.0,0.0,0.0,0.0,0.0,23.7,983.3,1.2,4.8,41,0.0,600
2024-06-22 13:20:00,0,0.0,0.0,0.0,0,0,0.0,0,0,0.0,,0.0,0.0,0,0,0.0,0,0,0,0,0,0,0,0,0,0,0,0,0,0,0,0,0,0,0,0,0,0,0,0,0,0,0,0,0,0,0.32898992833716567,0.030153689607045786,0.01253604390908819,0.3887395330218427,0.5602683401276616,0.0036455629509730136,0,0,0.0,0.0,0.0,0.0,0.0,0.0,0.0,0.0,23.8,983.1,1.1,4.7,44,0.0,600
2024-06-22 13:25:00,0,0.0,0.0,0.0,0,0,0.0,0,0,0.0,,0.0,0.0,0,0,0.0,0,0,0,0,0,0,0,0,0,0,0,0,0,0,0,0,0,0,0,0,0,0,0,0,0,0,0,0,0,0,0.3187809808581492,0.033996065358600724,0.01253604390908819,0.3887395330218427,0.5602683401276616,0.0036455629509730136,0,0,0.0,0.0,0.0,0.0,0.0,0.0,0.0,0.0,23.8,983.1,1.1,4.7,44,0.0,600
2024-06-22 13:30:00,0,0.0,0.0,0.0,0,0,0.0,0,0,0.0,,0.0,0.0,0,0,0.0,0,0,0,0,0,0,0,0,0,0,0,0,0,0,0,0,0,0,0,0,0,0,0,0,0,0,0,0,0,0,0.3086582838174552,0.038060233744356575,0.01253604390908819,0.3887395330218427,0.5602683401276616,0.0036455629509730136,0,0,0.0,0.0,0.0,0.0,0.0,0.0,0.0,0.0,23.9,983.1,1.1,6.1,42,0.0,600
2024-06-22 13:35:00,0,0.0,0.0,0.0,0,0,0.0,0,0,0.0,,0.0,0.0,0,0,0.0,0,0,0,0,0,0,0,0,0,0,0,0,0,0,0,0,0,0,0,0,0,0,0,0,0,0,0,0,0,0,0.29862665507063146,0.04234426044027639,0.01253604390908819,0.3887395330218427,0.5602683401276616,0.0036455629509730136,0,0,0.0,0.0,0.0,0.0,0.0,0.0,0.0,0.0,23.9,983.1,1.1,6.1,42,0.0,600
2024-06-22 13:40:00,0,0.0,0.0,0.0,0,0,0.0,0,0,0.0,,0.0,0.0,0,0,0.0,0,0,0,0,0,0,0,0,0,0,0,0,0,0,0,0,0,0,0,0,0,0,0,0,0,0,0,0,0,0,0.28869086912965036,0.046846106481674976,0.01253604390908819,0.3887395330218427,0.5602683401276616,0.0036455629509730136,0,0,0.0,0.0,0.0,0.0,0.0,0.0,0.0,0.0,23.9,982.9,1.0,6.2,42,0.0,600
2024-06-22 13:45:00,0,0.0,0.0,0.0,0,0,0.0,0,0,0.0,,0.0,0.0,0,0,0.0,0,0,0,0,0,0,0,0,0,0,0,0,0,0,0,0,0,0,0,0,0,0,0,0,0,0,0,0,0,0,0.27885565489049946,0.05156362923365582,0.01253604390908819,0.3887395330218427,0.5602683401276616,0.0036455629509730136,0,0,0.0,0.0,0.0,0.0,0.0,0.0,0.0,0.0,23.9,982.9,1.0,6.2,42,0.0,600
2024-06-22 13:50:00,0,0.0,0.0,0.0,0,0,0.0,0,0,0.0,,0.0,0.0,0,0,0.0,0,0,0,0,0,0,0,0,0,0,0,0,0,0,0,0,0,0,0,0,0,0,0,0,0,0,0,0,0,0,0.26912569338248293,0.0564945834108892,0.01253604390908819,0.3887395330218427,0.5602683401276616,0.0036455629509730136,0,0,0.0,0.0,0.0,0.0,0.0,0.0,0.0,0.0,24.1,982.6,0.7,3.6,40,0.0,600
2024-06-22 13:55:00,0,0.0,0.0,0.0,0,0,0.0,0,0,0.0,,0.0,0.0,0,0,0.0,0,0,0,0,0,0,0,0,0,0,0,0,0,0,0,0,0,0,0,0,0,0,0,0,0,0,0,0,0,0,0.2595056155403065,0.06163662214624599,0.01253604390908819,0.3887395330218427,0.5602683401276616,0.0036455629509730136,0,0,0.0,0.0,0.0,0.0,0.0,0.0,0.0,0.0,24.1,982.6,0.7,3.6,40,0.0,600
2024-06-22 14:00:00,0,0.0,0.0,0.0,0,0,0.0,0,0,0.0,,0.0,0.0,0,0,0.0,0,0,0,0,0,0,0,0,0,0,0,0,0,0,0,0,0,0,0,0,0,0,0,0,0,0,0,0,0,0,0.24999999999999994,0.0669872981077807,0.01253604390908819,0.3887395330218427,0.5602683401276616,0.0036455629509730136,0,0,1.0,0.0,0.0,0.006578947368421052,0.0,1.0,0.0,0.006578947368421052,24.2,982.6,1.4,5.2,42,0.0,600
2024-06-22 14:05:00,0,0.0,0.0,0.0,0,0,0.0,0,0,0.0,,0.0,0.0,0,0,0.0,0,0,0,0,0,0,0,0,0,0,0,0,0,0,0,0,0,0,0,0,0,0,0,0,0,0,0,0,0,0,0.24061337091973922,0.07254406466352675,0.01253604390908819,0.3887395330218427,0.5602683401276616,0.0036455629509730136,0,0,0.0,0.0,0.0,0.0,0.0,-1.0,0.0,-0.006578947368421052,24.2,982.6,1.4,5.2,42,0.0,600
2024-06-22 14:10:00,0,0.0,0.0,0.0,0,0,0.0,0,0,0.0,,0.0,0.0,0,0,0.0,0,0,0,0,0,0,0,0,0,0,0,0,0,0,0,0,0,0,0,0,0,0,0,0,0,0,0,0,0,0,0.23135019582658806,0.0783042770935572,0.01253604390908819,0.3887395330218427,0.5602683401276616,0.0036455629509730136,0,0,0.0,0.0,0.0,0.0,0.0,0.0,0.0,0.0,24.5,982.4,1.4,5.5,42,0.0,600
2024-06-22 14:15:00,0,0.0,0.0,0.0,0,0,0.0,0,0,0.0,,0.0,0.0,0,0,0.0,0,0,0,0,0,0,0,0,0,0,0,0,0,0,0,0,0,0,0,0,0,0,0,0,0,0,0,0,0,0,0.22221488349019902,0.08426519384872727,0.01253604390908819,0.3887395330218427,0.5602683401276616,0.0036455629509730136,0,0,0.0,0.0,0.0,0.0,0.0,0.0,0.0,0.0,24.5,982.4,1.4,5.5,42,0.0,600
2024-06-22 14:20:00,0,0.0,0.0,0.0,0,0,0.0,0,0,0.0,,0.0,0.0,0,0,0.0,0,0,0,0,0,0,0,0,0,0,0,0,0,0,0,0,0,0,0,0,0,0,0,0,0,0,0,0,0,0,0.2132117818244771,0.09042397785550399,0.01253604390908819,0.3887395330218427,0.5602683401276616,0.0036455629509730136,0,0,0.0,0.0,0.0,0.0,0.0,0.0,0.0,0.0,23.9,982.4,1.5,5.3,42,0.0,600
2024-06-22 14:25:00,0,0.0,0.0,0.0,0,0,0.0,0,0,0.0,,0.0,0.0,0,0,0.0,0,0,0,0,0,0,0,0,0,0,0,0,0,0,0,0,0,0,0,0,0,0,0,0,0,0,0,0,0,0,0.204345175818209,0.09677769786625862,0.01253604390908819,0.3887395330218427,0.5602683401276616,0.0036455629509730136,0,0,0.0,0.0,0.0,0.0,0.0,0.0,0.0,0.0,23.9,982.4,1.5,5.3,42,0.0,600
2024-06-22 14:30:00,0,0.0,0.0,0.0,0,0,0.0,0,0,0.0,,0.0,0.0,0,0,0.0,0,0,0,0,0,0,0,0,0,0,0,0,0,0,0,0,0,0,0,0,0,0,0,0,0,0,0,0,0,0,0.19561928549563984,0.1033233298543823,0.01253604390908819,0.3887395330218427,0.5602683401276616,0.0036455629509730136,0,0,0.0,0.0,0.0,0.0,0.0,0.0,0.0,0.0,24.1,982.3,1.1,4.8,43,0.0,600
2024-06-22 14:35:00,0,0.0,0.0,0.0,0,0,0.0,0,0,0.0,,0.0,0.0,0,0,0.0,0,0,0,0,0,0,0,0,0,0,0,0,0,0,0,0,0,0,0,0,0,0,0,0,0,0,0,0,0,0,0.1870382639079703,0.11005775845355925,0.01253604390908819,0.3887395330218427,0.5602683401276616,0.0036455629509730136,0,0,0.0,0.0,0.0,0.0,0.0,0.0,0.0,0.0,24.1,982.3,1.1,4.8,43,0.0,600
2024-06-22 14:40:00,0,0.0,0.0,0.0,0,0,0.0,0,0,0.0,,0.0,0.0,0,0,0.0,0,0,0,0,0,0,0,0,0,0,0,0,0,0,0,0,0,0,0,0,0,0,0,0,0,0,0,0,0,0,0.17860619515673054,0.11697777844051083,0.01253604390908819,0.3887395330218427,0.5602683401276616,0.0036455629509730136,0,0,0.0,0.0,0.0,0.0,0.0,0.0,0.0,0.0,23.9,982.2,0.9,4.2,42,0.0,600
2024-06-22 14:45:00,0,0.0,0.0,0.0,0,0,0.0,0,0,0.0,,0.0,0.0,0,0,0.0,0,0,0,0,0,0,0,0,0,0,0,0,0,0,0,0,0,0,0,0,0,0,0,0,0,0,0,0,0,0,0.17032709244996558,0.12408009626051125,0.01253604390908819,0.3887395330218427,0.5602683401276616,0.0036455629509730136,0,0,0.0,0.0,0.0,0.0,0.0,0.0,0.0,0.0,23.9,982.2,0.9,4.2,42,0.0,600
2024-06-22 14:50:00,0,0.0,0.0,0.0,0,0,0.0,0,0,0.0,,0.0,0.0,0,0,0.0,0,0,0,0,0,0,0,0,0,0,0,0,0,0,0,0,0,0,0,0,0,0,0,0,0,0,0,0,0,0,0.16220489619216993,0.13136133159493796,0.01253604390908819,0.3887395330218427,0.5602683401276616,0.0036455629509730136,0,0,0.0,0.0,0.0,0.0,0.0,0.0,0.0,0.0,24.3,982.1,1.2,4.3,42,0.0,600
2024-06-22 14:55:00,0,0.0,0.0,0.0,0,0,0.0,0,0,0.0,,0.0,0.0,0,0,0.0,0,0,0,0,0,0,0,0,0,0,0,0,0,0,0,0,0,0,0,0,0,0,0,0,0,0,0,0,0,0,0.15424347210886535,0.1388180189701222,0.01253604390908819,0.3887395330218427,0.5602683401276616,0.0036455629509730136,0,0,0.0,0.0,0.0,0.0,0.0,0.0,0.0,0.0,24.3,982.1,1.2,4.3,42,0.0,600
2024-06-22 15:00:00,0,0.0,0.0,0.0,0,0,0.0,0,0,0.0,,0.0,0.0,0,0,0.0,0,0,0,0,0,0,0,0,0,0,0,0,0,0,0,0,0,0,0,0,0,0,0,0,0,0,0,0,0,0,0.14644660940672627,0.14644660940672616,0.01253604390908819,0.3887395330218427,0.5602683401276616,0.0036455629509730136,0,0,0.0,0.0,0.0,0.0,0.0,0.0,0.0,0.0,24.1,982.0,1.6,5.2,41,0.0,600
2024-06-22 15:05:00,0,0.0,0.0,0.0,0,0,0.0,0,0,0.0,,0.0,0.0,0,0,0.0,0,0,0,0,0,0,0,0,0,0,0,0,0,0,0,0,0,0,0,0,0,0,0,0,0,0,0,0,0,0,0.13881801897012225,0.15424347210886524,0.01253604390908819,0.3887395330218427,0.5602683401276616,0.0036455629509730136,0,0,0.0,0.0,0.0,0.0,0.0,0.0,0.0,0.0,24.1,982.0,1.6,5.2,41,0.0,600
2024-06-22 15:10:00,0,0.0,0.0,0.0,0,0,0.0,0,0,0.0,,0.0,0.0,0,0,0.0,0,0,0,0,0,0,0,0,0,0,0,0,0,0,0,0,0,0,0,0,0,0,0,0,0,0,0,0,0,0,0.13136133159493807,0.16220489619216982,0.01253604390908819,0.3887395330218427,0.5602683401276616,0.0036455629509730136,0,0,0.0,0.0,0.0,0.0,0.0,0.0,0.0,0.0,24.1,981.8,1.4,5.2,42,0.0,600
2024-06-22 15:15:00,0,0.0,0.0,0.0,0,0,0.0,0,0,0.0,,0.0,0.0,0,0,0.0,0,0,0,0,0,0,0,0,0,0,0,0,0,0,0,0,0,0,0,0,0,0,0,0,0,0,0,0,0,0,0.12408009626051136,0.17032709244996547,0.01253604390908819,0.3887395330218427,0.5602683401276616,0.0036455629509730136,0,0,0.0,0.0,0.0,0.0,0.0,0.0,0.0,0.0,24.1,981.8,1.4,5.2,42,0.0,600
2024-06-22 15:20:00,0,0.0,0.0,0.0,0,0,0.0,0,0,0.0,,0.0,0.0,0,0,0.0,0,0,0,0,0,0,0,0,0,0,0,0,0,0,0,0,0,0,0,0,0,0,0,0,0,0,0,0,0,0,0.11697777844051077,0.1786061951567306,0.01253604390908819,0.3887395330218427,0.5602683401276616,0.0036455629509730136,0,0,0.0,0.0,0.0,0.0,0.0,0.0,0.0,0.0,24.0,981.8,1.0,3.3,43,0.0,427
2024-06-22 15:25:00,0,0.0,0.0,0.0,0,0,0.0,0,0,0.0,,0.0,0.0,0,0,0.0,0,0,0,0,0,0,0,0,0,0,0,0,0,0,0,0,0,0,0,0,0,0,0,0,0,0,0,0,0,0,0.1100577584535593,0.18703826390797018,0.01253604390908819,0.3887395330218427,0.5602683401276616,0.0036455629509730136,0,0,0.0,0.0,0.0,0.0,0.0,0.0,0.0,0.0,24.0,981.8,1.0,3.3,43,0.0,427
2024-06-22 15:30:00,0,0.0,0.0,0.0,0,0,0.0,0,0,0.0,,0.0,0.0,0,0,0.0,0,0,0,0,0,0,0,0,0,0,0,0,0,0,0,0,0,0,0,0,0,0,0,0,0,0,0,0,0,0,0.10332332985438253,0.19561928549563956,0.01253604390908819,0.3887395330218427,0.5602683401276616,0.0036455629509730136,0,0,0.0,0.0,0.0,0.0,0.0,0.0,0.0,0.0,23.8,981.6,0.9,3.1,48,0.0,20
2024-06-22 15:35:00,0,0.0,0.0,0.0,0,0,0.0,0,0,0.0,,0.0,0.0,0,0,0.0,0,0,0,0,0,0,0,0,0,0,0,0,0,0,0,0,0,0,0,0,0,0,0,0,0,0,0,0,0,0,0.09677769786625867,0.20434517581820888,0.01253604390908819,0.3887395330218427,0.5602683401276616,0.0036455629509730136,0,0,0.0,0.0,0.0,0.0,0.0,0.0,0.0,0.0,23.8,981.6,0.9,3.1,48,0.0,20
2024-06-22 15:40:00,0,0.0,0.0,0.0,0,0,0.0,0,0,0.0,,0.0,0.0,0,0,0.0,0,0,0,0,0,0,0,0,0,0,0,0,0,0,0,0,0,0,0,0,0,0,0,0,0,0,0,0,0,0,0.09042397785550421,0.2132117818244768,0.01253604390908819,0.3887395330218427,0.5602683401276616,0.0036455629509730136,0,0,0.0,0.0,0.0,0.0,0.0,0.0,0.0,0.0,23.8,981.6,1.2,3.1,44,0.0,0
2024-06-22 15:45:00,0,0.0,0.0,0.0,0,0,0.0,0,0,0.0,,0.0,0.0,0,0,0.0,0,0,0,0,0,0,0,0,0,0,0,0,0,0,0,0,0,0,0,0,0,0,0,0,0,0,0,0,0,0,0.08426519384872738,0.2222148834901989,0.01253604390908819,0.3887395330218427,0.5602683401276616,0.0036455629509730136,0,0,0.0,0.0,0.0,0.0,0.0,0.0,0.0,0.0,23.8,981.6,1.2,3.1,44,0.0,0
2024-06-22 15:50:00,0,0.0,0.0,0.0,0,0,0.0,0,0,0.0,,0.0,0.0,0,0,0.0,0,0,0,0,0,0,0,0,0,0,0,0,0,0,0,0,0,0,0,0,0,0,0,0,0,0,0,0,0,0,0.07830427709355725,0.2313501958265879,0.01253604390908819,0.3887395330218427,0.5602683401276616,0.0036455629509730136,0,0,0.0,0.0,0.0,0.0,0.0,0.0,0.0,0.0,23.8,981.5,0.8,3.4,46,0.0,58
2024-06-22 15:55:00,0,0.0,0.0,0.0,0,0,0.0,0,0,0.0,,0.0,0.0,0,0,0.0,0,0,0,0,0,0,0,0,0,0,0,0,0,0,0,0,0,0,0,0,0,0,0,0,0,0,0,0,0,0,0.0725440646635267,0.24061337091973928,0.01253604390908819,0.3887395330218427,0.5602683401276616,0.0036455629509730136,0,0,0.0,0.0,0.0,0.0,0.0,0.0,0.0,0.0,23.8,981.5,0.8,3.4,46,0.0,58
2024-06-22 16:00:00,0,0.0,0.0,0.0,0,0,0.0,0,0,0.0,,0.0,0.0,0,0,0.0,0,0,0,0,0,0,0,0,0,0,0,0,0,0,0,0,0,0,0,0,0,0,0,0,0,0,0,0,0,0,0.06698729810778081,0.24999999999999978,0.01253604390908819,0.3887395330218427,0.5602683401276616,0.0036455629509730136,0,0,0.0,0.0,0.0,0.0,0.0,0.0,0.0,0.0,24.1,981.4,1.8,4.1,45,0.0,532
2024-06-22 16:05:00,0,0.0,0.0,0.0,0,0,0.0,0,0,0.0,,0.0,0.0,0,0,0.0,0,0,0,0,0,0,0,0,0,0,0,0,0,0,0,0,0,0,0,0,0,0,0,0,0,0,0,0,0,0,0.061636622146246156,0.25950561554030616,0.01253604390908819,0.3887395330218427,0.5602683401276616,0.0036455629509730136,0,0,0.0,0.0,0.0,0.0,0.0,0.0,0.0,0.0,24.1,981.4,1.8,4.1,45,0.0,532
2024-06-22 16:10:00,0,0.0,0.0,0.0,0,0,0.0,0,0,0.0,,0.0,0.0,0,0,0.0,0,0,0,0,0,0,0,0,0,0,0,0,0,0,0,0,0,0,0,0,0,0,0,0,0,0,0,0,0,0,0.05649458341088909,0.2691256933824832,0.01253604390908819,0.3887395330218427,0.5602683401276616,0.0036455629509730136,0,0,0.0,0.0,0.0,0.0,0.0,0.0,0.0,0.0,24.0,981.4,1.6,4.9,46,0.0,70
2024-06-22 16:15:00,0,0.0,0.0,0.0,0,0,0.0,0,0,0.0,,0.0,0.0,0,0,0.0,0,0,0,0,0,0,0,0,0,0,0,0,0,0,0,0,0,0,0,0,0,0,0,0,0,0,0,0,0,0,0.05156362923365587,0.27885565489049935,0.01253604390908819,0.3887395330218427,0.5602683401276616,0.0036455629509730136,0,0,0.0,0.0,0.0,0.0,0.0,0.0,0.0,0.0,24.0,981.4,1.6,4.9,46,0.0,70
2024-06-22 16:20:00,0,0.0,0.0,0.0,0,0,0.0,0,0,0.0,,0.0,0.0,0,0,0.0,0,0,0,0,0,0,0,0,0,0,0,0,0,0,0,0,0,0,0,0,0,0,0,0,0,0,0,0,0,0,0.04684610648167514,0.28869086912965003,0.01253604390908819,0.3887395330218427,0.5602683401276616,0.0036455629509730136,0,0,0.0,0.0,0.0,0.0,0.0,0.0,0.0,0.0,23.8,981.4,1.4,4.4,46,0.0,69
2024-06-22 16:25:00,0,0.0,0.0,0.0,0,0,0.0,0,0,0.0,,0.0,0.0,0,0,0.0,0,0,0,0,0,0,0,0,0,0,0,0,0,0,0,0,0,0,0,0,0,0,0,0,0,0,0,0,0,0,0.04234426044027645,0.29862665507063135,0.01253604390908819,0.3887395330218427,0.5602683401276616,0.0036455629509730136,0,0,0.0,0.0,0.0,0.0,0.0,0.0,0.0,0.0,23.8,981.4,1.4,4.4,46,0.0,69
2024-06-22 16:30:00,0,0.0,0.0,0.0,0,0,0.0,0,0,0.0,,0.0,0.0,0,0,0.0,0,0,0,0,0,0,0,0,0,0,0,0,0,0,0,0,0,0,0,0,0,0,0,0,0,0,0,0,0,0,0.03806023374435674,0.30865828381745486,0.01253604390908819,0.3887395330218427,0.5602683401276616,0.0036455629509730136,0,0,0.0,0.0,0.0,0.0,0.0,0.0,0.0,0.0,23.7,981.4,2.0,5.7,48,0.0,0
2024-06-22 16:35:00,0,0.0,0.0,0.0,0,0,0.0,0,0,0.0,,0.0,0.0,0,0,0.0,0,0,0,0,0,0,0,0,0,0,0,0,0,0,0,0,0,0,0,0,0,0,0,0,0,0,0,0,0,0,0.03399606535860078,0.3187809808581491,0.01253604390908819,0.3887395330218427,0.5602683401276616,0.0036455629509730136,0,0,0.0,0.0,0.0,0.0,0.0,0.0,0.0,0.0,23.7,981.4,2.0,5.7,48,0.0,0
2024-06-22 16:40:00,0,0.0,0.0,0.0,0,0,0.0,0,0,0.0,,0.0,0.0,0,0,0.0,0,0,0,0,0,0,0,0,0,0,0,0,0,0,0,0,0,0,0,0,0,0,0,0,0,0,0,0,0,0,0.030153689607045786,0.3289899283371657,0.01253604390908819,0.3887395330218427,0.5602683401276616,0.0036455629509730136,0,0,0.0,0.0,0.0,0.0,0.0,0.0,0.0,0.0,23.5,981.5,2.0,4.7,45,0.0,0
2024-06-22 16:45:00,0,0.0,0.0,0.0,0,0,0.0,0,0,0.0,,0.0,0.0,0,0,0.0,0,0,0,0,0,0,0,0,0,0,0,0,0,0,0,0,0,0,0,0,0,0,0,0,0,0,0,0,0,0,0.02653493525244721,0.3392802673484191,0.01253604390908819,0.3887395330218427,0.5602683401276616,0.0036455629509730136,0,0,0.0,0.0,0.0,0.0,0.0,0.0,0.0,0.0,23.5,981.5,2.0,4.7,45,0.0,0
2024-06-22 16:50:00,0,0.0,0.0,0.0,0,0,0.0,0,0,0.0,,0.0,0.0,0,0,0.0,0,0,0,0,0,0,0,0,0,0,0,0,0,0,0,0,0,0,0,0,0,0,0,0,0,0,0,0,0,0,0.023141524625886645,0.3496471002478631,0.01253604390908819,0.3887395330218427,0.5602683401276616,0.0036455629509730136,0,0,0.0,0.0,0.0,0.0,0.0,0.0,0.0,0.0,23.3,981.5,1.6,3.3,49,0.0,0
2024-06-22 16:55:00,0,0.0,0.0,0.0,0,0,0.0,0,0,0.0,,0.0,0.0,0,0,0.0,0,0,0,0,0,0,0,0,0,0,0,0,0,0,0,0,0,0,0,0,0,0,0,0,0,0,0,0,0,0,0.0199750728070357,0.3600854929845038,0.01253604390908819,0.3887395330218427,0.5602683401276616,0.0036455629509730136,0,0,0.0,0.0,0.0,0.0,0.0,0.0,0.0,0.0,23.3,981.5,1.6,3.3,49,0.0,0
2024-06-22 17:00:00,0,0.0,0.0,0.0,0,0,0.0,0,0,0.0,,0.0,0.0,0,0,0.0,0,0,0,0,0,0,0,0,0,0,0,0,0,0,0,0,0,0,0,0,0,0,0,0,0,0,0,0,0,0,0.017037086855465844,0.3705904774487397,0.01253604390908819,0.3887395330218427,0.5602683401276616,0.0036455629509730136,0,0,0.0,0.0,0.0,0.0,0.0,0.0,0.0,0.0,23.1,981.5,2.0,3.8,48,0.0,0
2024-06-22 17:05:00,0,0.0,0.0,0.0,0,0,0.0,0,0,0.0,,0.0,0.0,0,0,0.0,0,0,0,0,0,0,0,0,0,0,0,0,0,0,0,0,0,0,0,0,0,0,0,0,0,0,0,0,0,0,0.014328965093369339,0.3811570538369133,0.01253604390908819,0.3887395330218427,0.5602683401276616,0.0036455629509730136,0,0,0.0,0.0,0.0,0.0,0.0,0.0,0.0,0.0,23.1,981.5,2.0,3.8,48,0.0,0
2024-06-22 17:10:00,0,0.0,0.0,0.0,0,0,0.0,0,0,0.0,,0.0,0.0,0,0,0.0,0,0,0,0,0,0,0,0,0,0,0,0,0,0,0,0,0,0,0,0,0,0,0,0,0,0,0,0,0,0,0.011851996440033319,0.3917801930309486,0.01253604390908819,0.3887395330218427,0.5602683401276616,0.0036455629509730136,0,0,0.0,0.0,0.0,0.0,0.0,0.0,0.0,0.0,23.0,981.4,1.9,4.0,49,0.0,0
2024-06-22 17:15:00,0,0.0,0.0,0.0,0,0,0.0,0,0,0.0,,0.0,0.0,0,0,0.0,0,0,0,0,0,0,0,0,0,0,0,0,0,0,0,0,0,0,0,0,0,0,0,0,0,0,0,0,0,0,0.00960735979838484,0.4024548389919357,0.01253604390908819,0.3887395330218427,0.5602683401276616,0.0036455629509730136,0,0,0.0,0.0,0.0,0.0,0.0,0.0,0.0,0.0,23.0,981.4,1.9,4.0,49,0.0,0
2024-06-22 17:20:00,0,0.0,0.0,0.0,0,0,0.0,0,0,0.0,,0.0,0.0,0,0,0.0,0,0,0,0,0,0,0,0,0,0,0,0,0,0,0,0,0,0,0,0,0,0,0,0,0,0,0,0,0,0,0.00759612349389599,0.41317591116653485,0.01253604390908819,0.3887395330218427,0.5602683401276616,0.0036455629509730136,0,0,0.0,0.0,0.0,0.0,0.0,0.0,0.0,0.0,22.8,981.5,1.2,3.9,53,0.0,0
2024-06-22 17:25:00,0,0.0,0.0,0.0,0,0,0.0,0,0,0.0,,0.0,0.0,0,0,0.0,0,0,0,0,0,0,0,0,0,0,0,0,0,0,0,0,0,0,0,0,0,0,0,0,0,0,0,0,0,0,0.005819244766119613,0.42393830690504186,0.01253604390908819,0.3887395330218427,0.5602683401276616,0.0036455629509730136,0,0,0.0,0.0,0.0,0.0,0.0,0.0,0.0,0.0,22.8,981.5,1.2,3.9,53,0.0,0
2024-06-22 17:30:00,0,0.0,0.0,0.0,0,0,0.0,0,0,0.0,,0.0,0.0,0,0,0.0,0,0,0,0,0,0,0,0,0,0,0,0,0,0,0,0,0,0,0,0,0,0,0,0,0,0,0,0,0,0,0.004277569313094809,0.4347369038899742,0.01253604390908819,0.3887395330218427,0.5602683401276616,0.0036455629509730136,0,0,0.0,0.0,0.0,0.0,0.0,0.0,0.0,0.0,22.5,981.5,0.6,2.1,55,0.0,0
2024-06-22 17:35:00,0,0.0,0.0,0.0,0,0,0.0,0,0,0.0,,0.0,0.0,0,0,0.0,0,0,0,0,0,0,0,0,0,0,0,0,0,0,0,0,0,0,0,0,0,0,0,0,0,0,0,0,0,0,0.0029718308888402323,0.44556656257401744,0.01253604390908819,0.3887395330218427,0.5602683401276616,0.0036455629509730136,0,0,0.0,0.0,0.0,0.0,0.0,0.0,0.0,0.0,22.5,981.5,0.6,2.1,55,0.0,0
2024-06-22 17:40:00,0,0.0,0.0,0.0,0,0,0.0,0,0,0.0,,0.0,0.0,0,0,0.0,0,0,0,0,0,0,0,0,0,0,0,0,0,0,0,0,0,0,0,0,0,0,0,0,0,0,0,0,0,0,0.0019026509541272274,0.4564221286261709,0.01253604390908819,0.3887395330218427,0.5602683401276616,0.0036455629509730136,0,0,0.0,0.0,0.0,0.0,0.0,0.0,0.0,0.0,22.6,981.3,0.8,2.9,51,0.0,0
2024-06-22 17:45:00,0,0.0,0.0,0.0,0,0,0.0,0,0,0.0,,0.0,0.0,0,0,0.0,0,0,0,0,0,0,0,0,0,0,0,0,0,0,0,0,0,0,0,0,0,0,0,0,0,0,0,0,0,0,0.0010705383806982605,0.46729843538492866,0.01253604390908819,0.3887395330218427,0.5602683401276616,0.0036455629509730136,0,0,0.0,0.0,0.0,0.0,0.0,0.0,0.0,0.0,22.6,981.3,0.8,2.9,51,0.0,0
2024-06-22 17:50:00,0,0.0,0.0,0.0,0,0,0.0,0,0,0.0,,0.0,0.0,0,0,0.0,0,0,0,0,0,0,0,0,0,0,0,0,0,0,0,0,0,0,0,0,0,0,0,0,0,0,0,0,0,0,0.0004758892090711564,0.4781903063173315,0.01253604390908819,0.3887395330218427,0.5602683401276616,0.0036455629509730136,0,0,0.0,0.0,0.0,0.0,0.0,0.0,0.0,0.0,22.3,981.6,1.1,2.8,53,0.0,0
2024-06-22 17:55:00,0,0.0,0.0,0.0,0,0,0.0,0,0,0.0,,0.0,0.0,0,0,0.0,0,0,0,0,0,0,0,0,0,0,0,0,0,0,0,0,0,0,0,0,0,0,0,0,0,0,0,0,0,0,0.00011898646004543378,0.48909255748271957,0.01253604390908819,0.3887395330218427,0.5602683401276616,0.0036455629509730136,0,0,0.0,0.0,0.0,0.0,0.0,0.0,0.0,0.0,22.3,981.6,1.1,2.8,53,0.0,0
2024-06-22 18:00:00,0,0.0,0.0,0.0,0,0,0.0,0,0,0.0,,0.0,0.0,0,0,0.0,0,0,0,0,0,0,0,0,0,0,0,0,0,0,0,0,0,0,0,0,0,0,0,0,0,0,0,0,0,0,0.0,0.4999999999999999,0.01253604390908819,0.3887395330218427,0.5602683401276616,0.0036455629509730136,0,0,0.0,0.0,0.0,0.0,0.0,0.0,0.0,0.0,22.1,981.6,1.3,3.4,53,0.0,0
2024-06-22 18:05:00,0,0.0,0.0,0.0,0,0,0.0,0,0,0.0,,0.0,0.0,0,0,0.0,0,0,0,0,0,0,0,0,0,0,0,0,0,0,0,0,0,0,0,0,0,0,0,0,0,0,0,0,0,0,0.00011898646004543378,0.5109074425172803,0.01253604390908819,0.3887395330218427,0.5602683401276616,0.0036455629509730136,0,0,0.0,0.0,0.0,0.0,0.0,0.0,0.0,0.0,22.1,981.6,1.3,3.4,53,0.0,0
2024-06-22 18:10:00,0,0.0,0.0,0.0,0,0,0.0,0,0,0.0,,0.0,0.0,0,0,0.0,0,0,0,0,0,0,0,0,0,0,0,0,0,0,0,0,0,0,0,0,0,0,0,0,0,0,0,0,0,0,0.0004758892090711564,0.5218096936826683,0.01253604390908819,0.3887395330218427,0.5602683401276616,0.0036455629509730136,0,0,0.0,0.0,0.0,0.0,0.0,0.0,0.0,0.0,22.1,981.6,0.6,2.7,53,0.0,0
2024-06-22 18:15:00,0,0.0,0.0,0.0,0,0,0.0,0,0,0.0,,0.0,0.0,0,0,0.0,0,0,0,0,0,0,0,0,0,0,0,0,0,0,0,0,0,0,0,0,0,0,0,0,0,0,0,0,0,0,0.001070538380698205,0.5327015646150712,0.01253604390908819,0.3887395330218427,0.5602683401276616,0.0036455629509730136,0,0,0.0,0.0,0.0,0.0,0.0,0.0,0.0,0.0,22.1,981.6,0.6,2.7,53,0.0,0
2024-06-22 18:20:00,0,0.0,0.0,0.0,0,0,0.0,0,0,0.0,,0.0,0.0,0,0,0.0,0,0,0,0,0,0,0,0,0,0,0,0,0,0,0,0,0,0,0,0,0,0,0,0,0,0,0,0,0,0,0.0019026509541272274,0.543577871373829,0.01253604390908819,0.3887395330218427,0.5602683401276616,0.0036455629509730136,0,0,0.0,0.0,0.0,0.0,0.0,0.0,0.0,0.0,21.9,981.6,1.0,2.8,53,0.0,0
2024-06-22 18:25:00,0,0.0,0.0,0.0,0,0,0.0,0,0,0.0,,0.0,0.0,0,0,0.0,0,0,0,0,0,0,0,0,0,0,0,0,0,0,0,0,0,0,0,0,0,0,0,0,0,0,0,0,0,0,0.0029718308888401768,0.5544334374259824,0.01253604390908819,0.3887395330218427,0.5602683401276616,0.0036455629509730136,0,0,0.0,0.0,0.0,0.0,0.0,0.0,0.0,0.0,21.9,981.6,1.0,2.8,53,0.0,0
2024-06-22 18:30:00,0,0.0,0.0,0.0,0,0,0.0,0,0,0.0,,0.0,0.0,0,0,0.0,0,0,0,0,0,0,0,0,0,0,0,0,0,0,0,0,0,0,0,0,0,0,0,0,0,0,0,0,0,0,0.004277569313094753,0.5652630961100257,0.01253604390908819,0.3887395330218427,0.5602683401276616,0.0036455629509730136,0,0,0.0,0.0,0.0,0.0,0.0,0.0,0.0,0.0,21.7,981.6,0.9,3.0,54,0.0,0
2024-06-22 18:35:00,0,0.0,0.0,0.0,0,0,0.0,0,0,0.0,,0.0,0.0,0,0,0.0,0,0,0,0,0,0,0,0,0,0,0,0,0,0,0,0,0,0,0,0,0,0,0,0,0,0,0,0,0,0,0.005819244766119558,0.5760616930949579,0.01253604390908819,0.3887395330218427,0.5602683401276616,0.0036455629509730136,0,0,0.0,0.0,0.0,0.0,0.0,0.0,0.0,0.0,21.7,981.6,0.9,3.0,54,0.0,0
2024-06-22 18:40:00,0,0.0,0.0,0.0,0,0,0.0,0,0,0.0,,0.0,0.0,0,0,0.0,0,0,0,0,0,0,0,0,0,0,0,0,0,0,0,0,0,0,0,0,0,0,0,0,0,0,0,0,0,0,0.007596123493895934,0.586824088833465,0.01253604390908819,0.3887395330218427,0.5602683401276616,0.0036455629509730136,0,0,0.0,0.0,0.0,0.0,0.0,0.0,0.0,0.0,21.5,981.8,0.6,3.1,56,0.0,0
2024-06-22 18:45:00,0,0.0,0.0,0.0,0,0,0.0,0,0,0.0,,0.0,0.0,0,0,0.0,0,0,0,0,0,0,0,0,0,0,0,0,0,0,0,0,0,0,0,0,0,0,0,0,0,0,0,0,0,0,0.009607359798384785,0.5975451610080642,0.01253604390908819,0.3887395330218427,0.5602683401276616,0.0036455629509730136,0,0,0.0,0.0,0.0,0.0,0.0,0.0,0.0,0.0,21.5,981.8,0.6,3.1,56,0.0,0
2024-06-22 18:50:00,0,0.0,0.0,0.0,0,0,0.0,0,0,0.0,,0.0,0.0,0,0,0.0,0,0,0,0,0,0,0,0,0,0,0,0,0,0,0,0,0,0,0,0,0,0,0,0,0,0,0,0,0,0,0.011851996440033263,0.6082198069690512,0.01253604390908819,0.3887395330218427,0.5602683401276616,0.0036455629509730136,0,0,0.0,0.0,0.0,0.0,0.0,0.0,0.0,0.0,21.6,981.9,1.0,3.3,55,0.0,0
2024-06-22 18:55:00,0,0.0,0.0,0.0,0,0,0.0,0,0,0.0,,0.0,0.0,0,0,0.0,0,0,0,0,0,0,0,0,0,0,0,0,0,0,0,0,0,0,0,0,0,0,0,0,0,0,0,0,0,0,0.014328965093369284,0.6188429461630865,0.01253604390908819,0.3887395330218427,0.5602683401276616,0.0036455629509730136,0,0,0.0,0.0,0.0,0.0,0.0,0.0,0.0,0.0,21.6,981.9,1.0,3.3,55,0.0,0
2024-06-22 19:00:00,0,0.0,0.0,0.0,0,0,0.0,0,0,0.0,,0.0,0.0,0,0,0.0,0,0,0,0,0,0,0,0,0,0,0,0,0,0,0,0,0,0,0,0,0,0,0,0,0,0,0,0,0,0,0.01703708685546579,0.6294095225512601,0.01253604390908819,0.3887395330218427,0.5602683401276616,0.0036455629509730136,0,0,0.0,0.0,0.0,0.0,0.0,0.0,0.0,0.0,21.6,982.0,1.6,3.8,56,0.0,0
2024-06-22 19:05:00,0,0.0,0.0,0.0,0,0,0.0,0,0,0.0,,0.0,0.0,0,0,0.0,0,0,0,0,0,0,0,0,0,0,0,0,0,0,0,0,0,0,0,0,0,0,0,0,0,0,0,0,0,0,0.019975072807035643,0.639914507015496,0.01253604390908819,0.3887395330218427,0.5602683401276616,0.0036455629509730136,0,0,0.0,0.0,0.0,0.0,0.0,0.0,0.0,0.0,21.6,982.0,1.6,3.8,56,0.0,0
2024-06-22 19:10:00,0,0.0,0.0,0.0,0,0,0.0,0,0,0.0,,0.0,0.0,0,0,0.0,0,0,0,0,0,0,0,0,0,0,0,0,0,0,0,0,0,0,0,0,0,0,0,0,0,0,0,0,0,0,0.02314152462588659,0.6503528997521367,0.01253604390908819,0.3887395330218427,0.5602683401276616,0.0036455629509730136,0,0,1.0,0.0,0.0,0.006578947368421052,0.0,1.0,0.0,0.006578947368421052,21.5,982.0,1.5,3.8,54,0.0,0
2024-06-22 19:15:00,0,0.0,0.0,0.0,0,0,0.0,0,0,0.0,,0.0,0.0,0,0,0.0,0,0,0,0,0,0,0,0,0,0,0,0,0,0,0,0,0,0,0,0,0,0,0,0,0,0,0,0,0,0,0.026534935252447156,0.6607197326515808,0.01253604390908819,0.3887395330218427,0.5602683401276616,0.0036455629509730136,0,0,0.0,0.0,0.0,0.0,0.0,-1.0,0.0,-0.006578947368421052,21.5,982.0,1.5,3.8,54,0.0,0
2024-06-22 19:20:00,0,0.0,0.0,0.0,0,0,0.0,0,0,0.0,,0.0,0.0,0,0,0.0,0,0,0,0,0,0,0,0,0,0,0,0,0,0,0,0,0,0,0,0,0,0,0,0,0,0,0,0,0,0,0.03015368960704573,0.6710100716628341,0.01253604390908819,0.3887395330218427,0.5602683401276616,0.0036455629509730136,0,0,0.0,0.0,0.0,0.0,0.0,0.0,0.0,0.0,21.2,982.0,1.2,3.1,57,0.0,0
2024-06-22 19:25:00,0,0.0,0.0,0.0,0,0,0.0,0,0,0.0,,0.0,0.0,0,0,0.0,0,0,0,0,0,0,0,0,0,0,0,0,0,0,0,0,0,0,0,0,0,0,0,0,0,0,0,0,0,0,0.033996065358600724,0.6812190191418508,0.01253604390908819,0.3887395330218427,0.5602683401276616,0.0036455629509730136,0,0,0.0,0.0,0.0,0.0,0.0,0.0,0.0,0.0,21.2,982.0,1.2,3.1,57,0.0,0
2024-06-22 19:30:00,0,0.0,0.0,0.0,0,0,0.0,0,0,0.0,,0.0,0.0,0,0,0.0,0,0,0,0,0,0,0,0,0,0,0,0,0,0,0,0,0,0,0,0,0,0,0,0,0,0,0,0,0,0,0.038060233744356686,0.691341716182545,0.01253604390908819,0.3887395330218427,0.5602683401276616,0.0036455629509730136,0,0,0.0,0.0,0.0,0.0,0.0,0.0,0.0,0.0,21.2,982.2,1.2,2.7,54,0.0,0
2024-06-22 19:35:00,0,0.0,0.0,0.0,0,0,0.0,0,0,0.0,,0.0,0.0,0,0,0.0,0,0,0,0,0,0,0,0,0,0,0,0,0,0,0,0,0,0,0,0,0,0,0,0,0,0,0,0,0,0,0.04234426044027639,0.7013733449293685,0.01253604390908819,0.3887395330218427,0.5602683401276616,0.0036455629509730136,0,0,0.0,0.0,0.0,0.0,0.0,0.0,0.0,0.0,21.2,982.2,1.2,2.7,54,0.0,0
2024-06-22 19:40:00,0,0.0,0.0,0.0,0,0,0.0,0,0,0.0,,0.0,0.0,0,0,0.0,0,0,0,0,0,0,0,0,0,0,0,0,0,0,0,0,0,0,0,0,0,0,0,0,0,0,0,0,0,0,0.04684610648167503,0.7113091308703499,0.01253604390908819,0.3887395330218427,0.5602683401276616,0.0036455629509730136,0,0,0.0,0.0,0.0,0.0,0.0,0.0,0.0,0.0,21.1,982.3,1.4,3.1,56,0.0,0
2024-06-22 19:45:00,0,0.0,0.0,0.0,0,0,0.0,0,0,0.0,,0.0,0.0,0,0,0.0,0,0,0,0,0,0,0,0,0,0,0,0,0,0,0,0,0,0,0,0,0,0,0,0,0,0,0,0,0,0,0.05156362923365576,0.7211443451095005,0.01253604390908819,0.3887395330218427,0.5602683401276616,0.0036455629509730136,0,0,0.0,0.0,0.0,0.0,0.0,0.0,0.0,0.0,21.1,982.3,1.4,3.1,56,0.0,0
2024-06-22 19:50:00,0,0.0,0.0,0.0,0,0,0.0,0,0,0.0,,0.0,0.0,0,0,0.0,0,0,0,0,0,0,0,0,0,0,0,0,0,0,0,0,0,0,0,0,0,0,0,0,0,0,0,0,0,0,0.05649458341088898,0.7308743066175166,0.01253604390908819,0.3887395330218427,0.5602683401276616,0.0036455629509730136,0,0,0.0,0.0,0.0,0.0,0.0,0.0,0.0,0.0,21.0,982.3,1.5,3.3,56,0.0,0
2024-06-22 19:55:00,0,0.0,0.0,0.0,0,0,0.0,0,0,0.0,,0.0,0.0,0,0,0.0,0,0,0,0,0,0,0,0,0,0,0,0,0,0,0,0,0,0,0,0,0,0,0,0,0,0,0,0,0,0,0.061636622146246045,0.7404943844596936,0.01253604390908819,0.3887395330218427,0.5602683401276616,0.0036455629509730136,0,0,0.0,0.0,0.0,0.0,0.0,0.0,0.0,0.0,21.0,982.3,1.5,3.3,56,0.0,0
2024-06-22 20:00:00,0,0.0,0.0,0.0,0,0,0.0,0,0,0.0,,0.0,0.0,0,0,0.0,0,0,0,0,0,0,0,0,0,0,0,0,0,0,0,0,0,0,0,0,0,0,0,0,0,0,0,0,0,0,0.0669872981077807,0.75,0.01253604390908819,0.3887395330218427,0.5602683401276616,0.0036455629509730136,0,0,0.0,0.0,0.0,0.0,0.0,0.0,0.0,0.0,21.0,982.5,1.3,2.5,53,0.0,0
2024-06-22 20:05:00,0,0.0,0.0,0.0,0,0,0.0,0,0,0.0,,0.0,0.0,0,0,0.0,0,0,0,0,0,0,0,0,0,0,0,0,0,0,0,0,0,0,0,0,0,0,0,0,0,0,0,0,0,0,0.07254406466352659,0.7593866290802606,0.01253604390908819,0.3887395330218427,0.5602683401276616,0.0036455629509730136,0,0,0.0,0.0,0.0,0.0,0.0,0.0,0.0,0.0,21.0,982.5,1.3,2.5,53,0.0,0
2024-06-22 20:10:00,0,0.0,0.0,0.0,0,0,0.0,0,0,0.0,,0.0,0.0,0,0,0.0,0,0,0,0,0,0,0,0,0,0,0,0,0,0,0,0,0,0,0,0,0,0,0,0,0,0,0,0,0,0,0.07830427709355714,0.768649804173412,0.01253604390908819,0.3887395330218427,0.5602683401276616,0.0036455629509730136,0,0,0.0,0.0,0.0,0.0,0.0,0.0,0.0,0.0,21.0,982.6,1.6,2.4,53,0.0,0
2024-06-22 20:15:00,0,0.0,0.0,0.0,0,0,0.0,0,0,0.0,,0.0,0.0,0,0,0.0,0,0,0,0,0,0,0,0,0,0,0,0,0,0,0,0,0,0,0,0,0,0,0,0,0,0,0,0,0,0,0.08426519384872727,0.7777851165098009,0.01253604390908819,0.3887395330218427,0.5602683401276616,0.0036455629509730136,0,0,0.0,0.0,0.0,0.0,0.0,0.0,0.0,0.0,21.0,982.6,1.6,2.4,53,0.0,0
2024-06-22 20:20:00,0,0.0,0.0,0.0,0,0,0.0,0,0,0.0,,0.0,0.0,0,0,0.0,0,0,0,0,0,0,0,0,0,0,0,0,0,0,0,0,0,0,0,0,0,0,0,0,0,0,0,0,0,0,0.0904239778555041,0.786788218175523,0.01253604390908819,0.3887395330218427,0.5602683401276616,0.0036455629509730136,0,0,0.0,0.0,0.0,0.0,0.0,0.0,0.0,0.0,20.8,982.9,0.5,2.1,56,0.0,0
2024-06-22 20:25:00,0,0.0,0.0,0.0,0,0,0.0,0,0,0.0,,0.0,0.0,0,0,0.0,0,0,0,0,0,0,0,0,0,0,0,0,0,0,0,0,0,0,0,0,0,0,0,0,0,0,0,0,0,0,0.09677769786625884,0.7956548241817913,0.01253604390908819,0.3887395330218427,0.5602683401276616,0.0036455629509730136,0,0,0.0,0.0,0.0,0.0,0.0,0.0,0.0,0.0,20.8,982.9,0.5,2.1,56,0.0,0
2024-06-22 20:30:00,0,0.0,0.0,0.0,0,0,0.0,0,0,0.0,,0.0,0.0,0,0,0.0,0,0,0,0,0,0,0,0,0,0,0,0,0,0,0,0,0,0,0,0,0,0,0,0,0,0,0,0,0,0,0.10332332985438242,0.8043807145043602,0.01253604390908819,0.3887395330218427,0.5602683401276616,0.0036455629509730136,0,0,0.0,0.0,0.0,0.0,0.0,0.0,0.0,0.0,20.6,982.9,0.7,2.5,56,0.0,0
2024-06-22 20:35:00,0,0.0,0.0,0.0,0,0,0.0,0,0,0.0,,0.0,0.0,0,0,0.0,0,0,0,0,0,0,0,0,0,0,0,0,0,0,0,0,0,0,0,0,0,0,0,0,0,0,0,0,0,0,0.11005775845355892,0.8129617360920294,0.01253604390908819,0.3887395330218427,0.5602683401276616,0.0036455629509730136,0,0,0.0,0.0,0.0,0.0,0.0,0.0,0.0,0.0,20.6,982.9,0.7,2.5,56,0.0,0
2024-06-22 20:40:00,0,0.0,0.0,0.0,0,0,0.0,0,0,0.0,,0.0,0.0,0,0,0.0,0,0,0,0,0,0,0,0,0,0,0,0,0,0,0,0,0,0,0,0,0,0,0,0,0,0,0,0,0,0,0.11697777844051094,0.8213938048432696,0.01253604390908819,0.3887395330218427,0.5602683401276616,0.0036455629509730136,0,0,0.0,0.0,0.0,0.0,0.0,0.0,0.0,0.0,20.6,983.0,1.7,2.9,57,0.0,0
2024-06-22 20:45:00,0,0.0,0.0,0.0,0,0,0.0,0,0,0.0,,0.0,0.0,0,0,0.0,0,0,0,0,0,0,0,0,0,0,0,0,0,0,0,0,0,0,0,0,0,0,0,0,0,0,0,0,0,0,0.12408009626051142,0.8296729075500345,0.01253604390908819,0.3887395330218427,0.5602683401276616,0.0036455629509730136,0,0,0.0,0.0,0.0,0.0,0.0,0.0,0.0,0.0,20.6,983.0,1.7,2.9,57,0.0,0
2024-06-22 20:50:00,0,0.0,0.0,0.0,0,0,0.0,0,0,0.0,,0.0,0.0,0,0,0.0,0,0,0,0,0,0,0,0,0,0,0,0,0,0,0,0,0,0,0,0,0,0,0,0,0,0,0,0,0,0,0.13136133159493762,0.8377951038078297,0.01253604390908819,0.3887395330218427,0.5602683401276616,0.0036455629509730136,0,0,0.0,0.0,0.0,0.0,0.0,0.0,0.0,0.0,20.5,983.2,1.4,3.3,57,0.0,0
2024-06-22 20:55:00,0,0.0,0.0,0.0,0,0,0.0,0,0,0.0,,0.0,0.0,0,0,0.0,0,0,0,0,0,0,0,0,0,0,0,0,0,0,0,0,0,0,0,0,0,0,0,0,0,0,0,0,0,0,0.1388180189701223,0.8457565278911348,0.01253604390908819,0.3887395330218427,0.5602683401276616,0.0036455629509730136,0,0,0.0,0.0,0.0,0.0,0.0,0.0,0.0,0.0,20.5,983.2,1.4,3.3,57,0.0,0
2024-06-22 21:00:00,0,0.0,0.0,0.0,0,0,0.0,0,0,0.0,,0.0,0.0,0,0,0.0,0,0,0,0,0,0,0,0,0,0,0,0,0,0,0,0,0,0,0,0,0,0,0,0,0,0,0,0,0,0,0.14644660940672616,0.8535533905932737,0.01253604390908819,0.3887395330218427,0.5602683401276616,0.0036455629509730136,0,0,0.0,0.0,0.0,0.0,0.0,0.0,0.0,0.0,20.5,983.2,1.5,2.8,56,0.0,0
2024-06-22 21:05:00,0,0.0,0.0,0.0,0,0,0.0,0,0,0.0,,0.0,0.0,0,0,0.0,0,0,0,0,0,0,0,0,0,0,0,0,0,0,0,0,0,0,0,0,0,0,0,0,0,0,0,0,0,0,0.15424347210886508,0.8611819810298775,0.01253604390908819,0.3887395330218427,0.5602683401276616,0.0036455629509730136,0,0,0.0,0.0,0.0,0.0,0.0,0.0,0.0,0.0,20.5,983.2,1.5,2.8,56,0.0,0
2024-06-22 21:10:00,0,0.0,0.0,0.0,0,0,0.0,0,0,0.0,,0.0,0.0,0,0,0.0,0,0,0,0,0,0,0,0,0,0,0,0,0,0,0,0,0,0,0,0,0,0,0,0,0,0,0,0,0,0,0.1622048961921701,0.8686386684050622,0.01253604390908819,0.3887395330218427,0.5602683401276616,0.0036455629509730136,0,0,0.0,0.0,0.0,0.0,0.0,0.0,0.0,0.0,20.5,983.5,0.4,1.4,57,0.0,0
2024-06-22 21:15:00,0,0.0,0.0,0.0,0,0,0.0,0,0,0.0,,0.0,0.0,0,0,0.0,0,0,0,0,0,0,0,0,0,0,0,0,0,0,0,0,0,0,0,0,0,0,0,0,0,0,0,0,0,0,0.1703270924499653,0.8759199037394885,0.01253604390908819,0.3887395330218427,0.5602683401276616,0.0036455629509730136,0,0,0.0,0.0,0.0,0.0,0.0,0.0,0.0,0.0,20.5,983.5,0.4,1.4,57,0.0,0
2024-06-22 21:20:00,0,0.0,0.0,0.0,0,0,0.0,0,0,0.0,,0.0,0.0,0,0,0.0,0,0,0,0,0,0,0,0,0,0,0,0,0,0,0,0,0,0,0,0,0,0,0,0,0,0,0,0,0,0,0.1786061951567302,0.883022221559489,0.01253604390908819,0.3887395330218427,0.5602683401276616,0.0036455629509730136,0,0,0.0,0.0,0.0,0.0,0.0,0.0,0.0,0.0,20.3,983.5,0.4,1.8,58,0.0,0
2024-06-22 21:25:00,0,0.0,0.0,0.0,0,0,0.0,0,0,0.0,,0.0,0.0,0,0,0.0,0,0,0,0,0,0,0,0,0,0,0,0,0,0,0,0,0,0,0,0,0,0,0,0,0,0,0,0,0,0,0.18703826390797051,0.8899422415464409,0.01253604390908819,0.3887395330218427,0.5602683401276616,0.0036455629509730136,0,0,0.0,0.0,0.0,0.0,0.0,0.0,0.0,0.0,20.3,983.5,0.4,1.8,58,0.0,0
2024-06-22 21:30:00,0,0.0,0.0,0.0,0,0,0.0,0,0,0.0,,0.0,0.0,0,0,0.0,0,0,0,0,0,0,0,0,0,0,0,0,0,0,0,0,0,0,0,0,0,0,0,0,0,0,0,0,0,0,0.19561928549563956,0.8966766701456175,0.01253604390908819,0.3887395330218427,0.5602683401276616,0.0036455629509730136,0,0,0.0,0.0,0.0,0.0,0.0,0.0,0.0,0.0,20.2,983.7,0.6,1.5,59,0.0,0
2024-06-22 21:35:00,0,0.0,0.0,0.0,0,0,0.0,0,0,0.0,,0.0,0.0,0,0,0.0,0,0,0,0,0,0,0,0,0,0,0,0,0,0,0,0,0,0,0,0,0,0,0,0,0,0,0,0,0,0,0.2043451758182085,0.9032223021337411,0.01253604390908819,0.3887395330218427,0.5602683401276616,0.0036455629509730136,0,0,0.0,0.0,0.0,0.0,0.0,0.0,0.0,0.0,20.2,983.7,0.6,1.5,59,0.0,0
2024-06-22 21:40:00,0,0.0,0.0,0.0,0,0,0.0,0,0,0.0,,0.0,0.0,0,0,0.0,0,0,0,0,0,0,0,0,0,0,0,0,0,0,0,0,0,0,0,0,0,0,0,0,0,0,0,0,0,0,0.21321178182447675,0.9095760221444957,0.01253604390908819,0.3887395330218427,0.5602683401276616,0.0036455629509730136,0,0,0.0,0.0,0.0,0.0,0.0,0.0,0.0,0.0,20.1,983.5,0.5,2.2,60,0.0,0
2024-06-22 21:45:00,0,0.0,0.0,0.0,0,0,0.0,0,0,0.0,,0.0,0.0,0,0,0.0,0,0,0,0,0,0,0,0,0,0,0,0,0,0,0,0,0,0,0,0,0,0,0,0,0,0,0,0,0,0,0.2222148834901989,0.9157348061512727,0.01253604390908819,0.3887395330218427,0.5602683401276616,0.0036455629509730136,0,0,0.0,0.0,0.0,0.0,0.0,0.0,0.0,0.0,20.1,983.5,0.5,2.2,60,0.0,0
2024-06-22 21:50:00,0,0.0,0.0,0.0,0,0,0.0,0,0,0.0,,0.0,0.0,0,0,0.0,0,0,0,0,0,0,0,0,0,0,0,0,0,0,0,0,0,0,0,0,0,0,0,0,0,0,0,0,0,0,0.2313501958265879,0.9216957229064427,0.01253604390908819,0.3887395330218427,0.5602683401276616,0.0036455629509730136,0,0,0.0,0.0,0.0,0.0,0.0,0.0,0.0,0.0,20.3,983.6,0.6,1.7,57,0.0,0
2024-06-22 21:55:00,0,0.0,0.0,0.0,0,0,0.0,0,0,0.0,,0.0,0.0,0,0,0.0,0,0,0,0,0,0,0,0,0,0,0,0,0,0,0,0,0,0,0,0,0,0,0,0,0,0,0,0,0,0,0.24061337091973928,0.9274559353364733,0.01253604390908819,0.3887395330218427,0.5602683401276616,0.0036455629509730136,0,0,0.0,0.0,0.0,0.0,0.0,0.0,0.0,0.0,20.3,983.6,0.6,1.7,57,0.0,0
2024-06-22 22:00:00,0,0.0,0.0,0.0,0,0,0.0,0,0,0.0,,0.0,0.0,0,0,0.0,0,0,0,0,0,0,0,0,0,0,0,0,0,0,0,0,0,0,0,0,0,0,0,0,0,0,0,0,0,0,0.24999999999999978,0.9330127018922192,0.01253604390908819,0.3887395330218427,0.5602683401276616,0.0036455629509730136,0,0,0.0,0.0,0.0,0.0,0.0,0.0,0.0,0.0,19.8,983.8,1.1,2.1,63,0.1,0
2024-06-22 22:05:00,0,0.0,0.0,0.0,0,0,0.0,0,0,0.0,,0.0,0.0,0,0,0.0,0,0,0,0,0,0,0,0,0,0,0,0,0,0,0,0,0,0,0,0,0,0,0,0,0,0,0,0,0,0,0.25950561554030616,0.9383633778537539,0.01253604390908819,0.3887395330218427,0.5602683401276616,0.0036455629509730136,0,0,0.0,0.0,0.0,0.0,0.0,0.0,0.0,0.0,19.8,983.8,1.1,2.1,63,0.1,0
2024-06-22 22:10:00,0,0.0,0.0,0.0,0,0,0.0,0,0,0.0,,0.0,0.0,0,0,0.0,0,0,0,0,0,0,0,0,0,0,0,0,0,0,0,0,0,0,0,0,0,0,0,0,0,0,0,0,0,0,0.26912569338248316,0.9435054165891109,0.01253604390908819,0.3887395330218427,0.5602683401276616,0.0036455629509730136,0,0,0.0,0.0,0.0,0.0,0.0,0.0,0.0,0.0,19.3,983.7,0.9,2.1,67,0.0,0
2024-06-22 22:15:00,0,0.0,0.0,0.0,0,0,0.0,0,0,0.0,,0.0,0.0,0,0,0.0,0,0,0,0,0,0,0,0,0,0,0,0,0,0,0,0,0,0,0,0,0,0,0,0,0,0,0,0,0,0,0.2788556548904993,0.9484363707663441,0.01253604390908819,0.3887395330218427,0.5602683401276616,0.0036455629509730136,0,0,0.0,0.0,0.0,0.0,0.0,0.0,0.0,0.0,19.3,983.7,0.9,2.1,67,0.0,0
2024-06-22 22:20:00,0,0.0,0.0,0.0,0,0,0.0,0,0,0.0,,0.0,0.0,0,0,0.0,0,0,0,0,0,0,0,0,0,0,0,0,0,0,0,0,0,0,0,0,0,0,0,0,0,0,0,0,0,0,0.28869086912965003,0.9531538935183248,0.01253604390908819,0.3887395330218427,0.5602683401276616,0.0036455629509730136,0,0,0.0,0.0,0.0,0.0,0.0,0.0,0.0,0.0,19.3,983.7,1.3,2.7,67,0.0,0
2024-06-22 22:25:00,0,0.0,0.0,0.0,0,0,0.0,0,0,0.0,,0.0,0.0,0,0,0.0,0,0,0,0,0,0,0,0,0,0,0,0,0,0,0,0,0,0,0,0,0,0,0,0,0,0,0,0,0,0,0.2986266550706313,0.9576557395597236,0.01253604390908819,0.3887395330218427,0.5602683401276616,0.0036455629509730136,0,0,0.0,0.0,0.0,0.0,0.0,0.0,0.0,0.0,19.3,983.7,1.3,2.7,67,0.0,0
2024-06-22 22:30:00,0,0.0,0.0,0.0,0,0,0.0,0,0,0.0,,0.0,0.0,0,0,0.0,0,0,0,0,0,0,0,0,0,0,0,0,0,0,0,0,0,0,0,0,0,0,0,0,0,0,0,0,0,0,0.3086582838174548,0.9619397662556433,0.01253604390908819,0.3887395330218427,0.5602683401276616,0.0036455629509730136,0,0,0.0,0.0,0.0,0.0,0.0,0.0,0.0,0.0,19.3,983.7,1.2,2.5,65,0.0,0
2024-06-22 22:35:00,0,0.0,0.0,0.0,0,0,0.0,0,0,0.0,,0.0,0.0,0,0,0.0,0,0,0,0,0,0,0,0,0,0,0,0,0,0,0,0,0,0,0,0,0,0,0,0,0,0,0,0,0,0,0.3187809808581491,0.9660039346413992,0.01253604390908819,0.3887395330218427,0.5602683401276616,0.0036455629509730136,0,0,0.0,0.0,0.0,0.0,0.0,0.0,0.0,0.0,19.3,983.7,1.2,2.5,65,0.0,0
2024-06-22 22:40:00,0,0.0,0.0,0.0,0,0,0.0,0,0,0.0,,0.0,0.0,0,0,0.0,0,0,0,0,0,0,0,0,0,0,0,0,0,0,0,0,0,0,0,0,0,0,0,0,0,0,0,0,0,0,0.32898992833716567,0.9698463103929542,0.01253604390908819,0.3887395330218427,0.5602683401276616,0.0036455629509730136,0,0,0.0,0.0,0.0,0.0,0.0,0.0,0.0,0.0,19.3,983.8,1.3,2.8,68,0.0,0
2024-06-22 22:45:00,0,0.0,0.0,0.0,0,0,0.0,0,0,0.0,,0.0,0.0,0,0,0.0,0,0,0,0,0,0,0,0,0,0,0,0,0,0,0,0,0,0,0,0,0,0,0,0,0,0,0,0,0,0,0.3392802673484191,0.9734650647475528,0.01253604390908819,0.3887395330218427,0.5602683401276616,0.0036455629509730136,0,0,0.0,0.0,0.0,0.0,0.0,0.0,0.0,0.0,19.3,983.8,1.3,2.8,68,0.0,0
2024-06-22 22:50:00,0,0.0,0.0,0.0,0,0,0.0,0,0,0.0,,0.0,0.0,0,0,0.0,0,0,0,0,0,0,0,0,0,0,0,0,0,0,0,0,0,0,0,0,0,0,0,0,0,0,0,0,0,0,0.34964710024786305,0.9768584753741134,0.01253604390908819,0.3887395330218427,0.5602683401276616,0.0036455629509730136,0,0,0.0,0.0,0.0,0.0,0.0,0.0,0.0,0.0,19.4,984.0,1.0,3.3,63,0.0,0
2024-06-22 22:55:00,0,0.0,0.0,0.0,0,0,0.0,0,0,0.0,,0.0,0.0,0,0,0.0,0,0,0,0,0,0,0,0,0,0,0,0,0,0,0,0,0,0,0,0,0,0,0,0,0,0,0,0,0,0,0.36008549298450376,0.9800249271929643,0.01253604390908819,0.3887395330218427,0.5602683401276616,0.0036455629509730136,0,0,0.0,0.0,0.0,0.0,0.0,0.0,0.0,0.0,19.4,984.0,1.0,3.3,63,0.0,0
2024-06-22 23:00:00,0,0.0,0.0,0.0,0,0,0.0,0,0,0.0,,0.0,0.0,0,0,0.0,0,0,0,0,0,0,0,0,0,0,0,0,0,0,0,0,0,0,0,0,0,0,0,0,0,0,0,0,0,0,0.37059047744873963,0.9829629131445341,0.01253604390908819,0.3887395330218427,0.5602683401276616,0.0036455629509730136,0,0,0.0,0.0,0.0,0.0,0.0,0.0,0.0,0.0,19.2,984.0,1.2,4.2,66,0.0,0
2024-06-22 23:05:00,0,0.0,0.0,0.0,0,0,0.0,0,0,0.0,,0.0,0.0,0,0,0.0,0,0,0,0,0,0,0,0,0,0,0,0,0,0,0,0,0,0,0,0,0,0,0,0,0,0,0,0,0,0,0.38115705383691323,0.9856710349066307,0.01253604390908819,0.3887395330218427,0.5602683401276616,0.0036455629509730136,0,0,0.0,0.0,0.0,0.0,0.0,0.0,0.0,0.0,19.2,984.0,1.2,4.2,66,0.0,0
2024-06-22 23:10:00,0,0.0,0.0,0.0,0,0,0.0,0,0,0.0,,0.0,0.0,0,0,0.0,0,0,0,0,0,0,0,0,0,0,0,0,0,0,0,0,0,0,0,0,0,0,0,0,0,0,0,0,0,0,0.3917801930309486,0.9881480035599667,0.01253604390908819,0.3887395330218427,0.5602683401276616,0.0036455629509730136,0,0,0.0,0.0,0.0,0.0,0.0,0.0,0.0,0.0,19.2,984.1,1.0,3.8,65,0.0,0
2024-06-22 23:15:00,0,0.0,0.0,0.0,0,0,0.0,0,0,0.0,,0.0,0.0,0,0,0.0,0,0,0,0,0,0,0,0,0,0,0,0,0,0,0,0,0,0,0,0,0,0,0,0,0,0,0,0,0,0,0.4024548389919356,0.9903926402016152,0.01253604390908819,0.3887395330218427,0.5602683401276616,0.0036455629509730136,0,0,0.0,0.0,0.0,0.0,0.0,0.0,0.0,0.0,19.2,984.1,1.0,3.8,65,0.0,0
2024-06-22 23:20:00,0,0.0,0.0,0.0,0,0,0.0,0,0,0.0,,0.0,0.0,0,0,0.0,0,0,0,0,0,0,0,0,0,0,0,0,0,0,0,0,0,0,0,0,0,0,0,0,0,0,0,0,0,0,0.4131759111665348,0.9924038765061041,0.01253604390908819,0.3887395330218427,0.5602683401276616,0.0036455629509730136,0,0,0.0,0.0,0.0,0.0,0.0,0.0,0.0,0.0,19.1,984.2,1.5,5.1,67,0.0,0
2024-06-22 23:25:00,0,0.0,0.0,0.0,0,0,0.0,0,0,0.0,,0.0,0.0,0,0,0.0,0,0,0,0,0,0,0,0,0,0,0,0,0,0,0,0,0,0,0,0,0,0,0,0,0,0,0,0,0,0,0.42393830690504186,0.9941807552338804,0.01253604390908819,0.3887395330218427,0.5602683401276616,0.0036455629509730136,0,0,0.0,0.0,0.0,0.0,0.0,0.0,0.0,0.0,19.1,984.2,1.5,5.1,67,0.0,0
2024-06-22 23:30:00,0,0.0,0.0,0.0,0,0,0.0,0,0,0.0,,0.0,0.0,0,0,0.0,0,0,0,0,0,0,0,0,0,0,0,0,0,0,0,0,0,0,0,0,0,0,0,0,0,0,0,0,0,0,0.43473690388997416,0.9957224306869052,0.01253604390908819,0.3887395330218427,0.5602683401276616,0.0036455629509730136,0,0,0.0,0.0,0.0,0.0,0.0,0.0,0.0,0.0,19.0,984.4,2.1,6.8,70,0.0,0
2024-06-22 23:35:00,0,0.0,0.0,0.0,0,0,0.0,0,0,0.0,,0.0,0.0,0,0,0.0,0,0,0,0,0,0,0,0,0,0,0,0,0,0,0,0,0,0,0,0,0,0,0,0,0,0,0,0,0,0,0.44556656257401744,0.9970281691111598,0.01253604390908819,0.3887395330218427,0.5602683401276616,0.0036455629509730136,0,0,0.0,0.0,0.0,0.0,0.0,0.0,0.0,0.0,19.0,984.4,2.1,6.8,70,0.0,0
2024-06-22 23:40:00,0,0.0,0.0,0.0,0,0,0.0,0,0,0.0,,0.0,0.0,0,0,0.0,0,0,0,0,0,0,0,0,0,0,0,0,0,0,0,0,0,0,0,0,0,0,0,0,0,0,0,0,0,0,0.4564221286261708,0.9980973490458728,0.01253604390908819,0.3887395330218427,0.5602683401276616,0.0036455629509730136,0,0,0.0,0.0,0.0,0.0,0.0,0.0,0.0,0.0,18.7,984.4,2.3,7.5,73,0.0,0
2024-06-22 23:45:00,0,0.0,0.0,0.0,0,0,0.0,0,0,0.0,,0.0,0.0,0,0,0.0,0,0,0,0,0,0,0,0,0,0,0,0,0,0,0,0,0,0,0,0,0,0,0,0,0,0,0,0,0,0,0.4672984353849286,0.9989294616193017,0.01253604390908819,0.3887395330218427,0.5602683401276616,0.0036455629509730136,0,0,0.0,0.0,0.0,0.0,0.0,0.0,0.0,0.0,18.7,984.4,2.3,7.5,73,0.0,0
2024-06-22 23:50:00,0,0.0,0.0,0.0,0,0,0.0,0,0,0.0,,0.0,0.0,0,0,0.0,0,0,0,0,0,0,0,0,0,0,0,0,0,0,0,0,0,0,0,0,0,0,0,0,0,0,0,0,0,0,0.47819030631733145,0.9995241107909288,0.01253604390908819,0.3887395330218427,0.5602683401276616,0.0036455629509730136,0,0,0.0,0.0,0.0,0.0,0.0,0.0,0.0,0.0,18.5,984.4,2.5,7.4,75,0.0,0
2024-06-22 23:55:00,0,0.0,0.0,0.0,0,0,0.0,0,0,0.0,,0.0,0.0,0,0,0.0,0,0,0,0,0,0,0,0,0,0,0,0,0,0,0,0,0,0,0,0,0,0,0,0,0,0,0,0,0,0,0.48909255748271957,0.9998810135399545,0.01253604390908819,0.3887395330218427,0.5602683401276616,0.0036455629509730136,0,0,0.0,0.0,0.0,0.0,0.0,0.0,0.0,0.0,18.5,984.4,2.5,7.4,75,0.0,0
2024-06-23 00:00:00,0,0.0,0.0,0.0,0,0,0.0,0,0,0.0,,0.0,0.0,0,0,0.0,0,0,0,0,0,0,0,0,0,0,0,0,0,0,0,0,0,0,0,0,0,0,0,0,0,0,0,0,0,0,0.5,1.0,0.10908425876598504,0.8117449009293667,0.5602683401276616,0.0036455629509730136,0,0,0.0,0.0,0.0,0.0,0.0,0.0,0.0,0.0,18.3,984.4,2.7,7.0,76,0.0,0
2024-06-23 00:05:00,0,0.0,0.0,0.0,0,0,0.0,0,0,0.0,,0.0,0.0,0,0,0.0,0,0,0,0,0,0,0,0,0,0,0,0,0,0,0,0,0,0,0,0,0,0,0,0,0,0,0,0,0,0,0.5109074425172806,0.9998810135399545,0.10908425876598504,0.8117449009293667,0.5602683401276616,0.0036455629509730136,0,0,0.0,0.0,0.0,0.0,0.0,0.0,0.0,0.0,18.3,984.4,2.7,7.0,76,0.0,0
2024-06-23 00:10:00,0,0.0,0.0,0.0,0,0,0.0,0,0,0.0,,0.0,0.0,0,0,0.0,0,0,0,0,0,0,0,0,0,0,0,0,0,0,0,0,0,0,0,0,0,0,0,0,0,0,0,0,0,0,0.521809693682668,0.999524110790929,0.10908425876598504,0.8117449009293667,0.5602683401276616,0.0036455629509730136,0,0,0.0,0.0,0.0,0.0,0.0,0.0,0.0,0.0,18.1,984.5,2.0,5.9,78,0.0,0
2024-06-23 00:15:00,0,0.0,0.0,0.0,0,0,0.0,0,0,0.0,,0.0,0.0,0,0,0.0,0,0,0,0,0,0,0,0,0,0,0,0,0,0,0,0,0,0,0,0,0,0,0,0,0,0,0,0,0,0,0.5327015646150716,0.9989294616193017,0.10908425876598504,0.8117449009293667,0.5602683401276616,0.0036455629509730136,0,0,0.0,0.0,0.0,0.0,0.0,0.0,0.0,0.0,18.1,984.5,2.0,5.9,78,0.0,0
2024-06-23 00:20:00,0,0.0,0.0,0.0,0,0,0.0,0,0,0.0,,0.0,0.0,0,0,0.0,0,0,0,0,0,0,0,0,0,0,0,0,0,0,0,0,0,0,0,0,0,0,0,0,0,0,0,0,0,0,0.5435778713738291,0.9980973490458728,0.10908425876598504,0.8117449009293667,0.5602683401276616,0.0036455629509730136,0,0,0.0,0.0,0.0,0.0,0.0,0.0,0.0,0.0,18.0,984.6,2.5,6.8,78,0.0,0
2024-06-23 00:25:00,0,0.0,0.0,0.0,0,0,0.0,0,0,0.0,,0.0,0.0,0,0,0.0,0,0,0,0,0,0,0,0,0,0,0,0,0,0,0,0,0,0,0,0,0,0,0,0,0,0,0,0,0,0,0.5544334374259823,0.9970281691111598,0.10908425876598504,0.8117449009293667,0.5602683401276616,0.0036455629509730136,0,0,0.0,0.0,0.0,0.0,0.0,0.0,0.0,0.0,18.0,984.6,2.5,6.8,78,0.0,0
2024-06-23 00:30:00,0,0.0,0.0,0.0,0,0,0.0,0,0,0.0,,0.0,0.0,0,0,0.0,0,0,0,0,0,0,0,0,0,0,0,0,0,0,0,0,0,0,0,0,0,0,0,0,0,0,0,0,0,0,0.5652630961100258,0.9957224306869052,0.10908425876598504,0.8117449009293667,0.5602683401276616,0.0036455629509730136,0,0,0.0,0.0,0.0,0.0,0.0,0.0,0.0,0.0,17.9,984.7,1.5,5.7,79,0.0,0
2024-06-23 00:35:00,0,0.0,0.0,0.0,0,0,0.0,0,0,0.0,,0.0,0.0,0,0,0.0,0,0,0,0,0,0,0,0,0,0,0,0,0,0,0,0,0,0,0,0,0,0,0,0,0,0,0,0,0,0,0.5760616930949584,0.9941807552338804,0.10908425876598504,0.8117449009293667,0.5602683401276616,0.0036455629509730136,0,0,0.0,0.0,0.0,0.0,0.0,0.0,0.0,0.0,17.9,984.7,1.5,5.7,79,0.0,0
2024-06-23 00:40:00,0,0.0,0.0,0.0,0,0,0.0,0,0,0.0,,0.0,0.0,0,0,0.0,0,0,0,0,0,0,0,0,0,0,0,0,0,0,0,0,0,0,0,0,0,0,0,0,0,0,0,0,0,0,0.5868240888334652,0.9924038765061041,0.10908425876598504,0.8117449009293667,0.5602683401276616,0.0036455629509730136,0,0,0.0,0.0,0.0,0.0,0.0,0.0,0.0,0.0,17.8,984.7,1.5,6.1,79,0.0,0
2024-06-23 00:45:00,0,0.0,0.0,0.0,0,0,0.0,0,0,0.0,,0.0,0.0,0,0,0.0,0,0,0,0,0,0,0,0,0,0,0,0,0,0,0,0,0,0,0,0,0,0,0,0,0,0,0,0,0,0,0.5975451610080641,0.9903926402016152,0.10908425876598504,0.8117449009293667,0.5602683401276616,0.0036455629509730136,0,0,0.0,0.0,0.0,0.0,0.0,0.0,0.0,0.0,17.8,984.7,1.5,6.1,79,0.0,0
2024-06-23 00:50:00,0,0.0,0.0,0.0,0,0,0.0,0,0,0.0,,0.0,0.0,0,0,0.0,0,0,0,0,0,0,0,0,0,0,0,0,0,0,0,0,0,0,0,0,0,0,0,0,0,0,0,0,0,0,0.6082198069690514,0.9881480035599667,0.10908425876598504,0.8117449009293667,0.5602683401276616,0.0036455629509730136,0,0,0.0,0.0,0.0,0.0,0.0,0.0,0.0,0.0,17.8,984.9,0.8,2.8,79,0.0,0
2024-06-23 00:55:00,0,0.0,0.0,0.0,0,0,0.0,0,0,0.0,,0.0,0.0,0,0,0.0,0,0,0,0,0,0,0,0,0,0,0,0,0,0,0,0,0,0,0,0,0,0,0,0,0,0,0,0,0,0,0.6188429461630865,0.9856710349066307,0.10908425876598504,0.8117449009293667,0.5602683401276616,0.0036455629509730136,0,0,0.0,0.0,0.0,0.0,0.0,0.0,0.0,0.0,17.8,984.9,0.8,2.8,79,0.0,0
2024-06-23 01:00:00,0,0.0,0.0,0.0,0,0,0.0,0,0,0.0,,0.0,0.0,0,0,0.0,0,0,0,0,0,0,0,0,0,0,0,0,0,0,0,0,0,0,0,0,0,0,0,0,0,0,0,0,0,0,0.6294095225512604,0.9829629131445341,0.10908425876598504,0.8117449009293667,0.5602683401276616,0.0036455629509730136,0,0,0.0,0.0,0.0,0.0,0.0,0.0,0.0,0.0,17.7,985.1,1.2,4.0,79,0.0,0
2024-06-23 01:05:00,0,0.0,0.0,0.0,0,0,0.0,0,0,0.0,,0.0,0.0,0,0,0.0,0,0,0,0,0,0,0,0,0,0,0,0,0,0,0,0,0,0,0,0,0,0,0,0,0,0,0,0,0,0,0.639914507015496,0.9800249271929644,0.10908425876598504,0.8117449009293667,0.5602683401276616,0.0036455629509730136,0,0,0.0,0.0,0.0,0.0,0.0,0.0,0.0,0.0,17.7,985.1,1.2,4.0,79,0.0,0
2024-06-23 01:10:00,0,0.0,0.0,0.0,0,0,0.0,0,0,0.0,,0.0,0.0,0,0,0.0,0,0,0,0,0,0,0,0,0,0,0,0,0,0,0,0,0,0,0,0,0,0,0,0,0,0,0,0,0,0,0.6503528997521366,0.9768584753741134,0.10908425876598504,0.8117449009293667,0.5602683401276616,0.0036455629509730136,0,0,0.0,0.0,0.0,0.0,0.0,0.0,0.0,0.0,17.6,985.1,1.6,6.0,79,0.0,0
2024-06-23 01:15:00,0,0.0,0.0,0.0,0,0,0.0,0,0,0.0,,0.0,0.0,0,0,0.0,0,0,0,0,0,0,0,0,0,0,0,0,0,0,0,0,0,0,0,0,0,0,0,0,0,0,0,0,0,0,0.6607197326515808,0.9734650647475529,0.10908425876598504,0.8117449009293667,0.5602683401276616,0.0036455629509730136,0,0,0.0,0.0,0.0,0.0,0.0,0.0,0.0,0.0,17.6,985.1,1.6,6.0,79,0.0,0
2024-06-23 01:20:00,0,0.0,0.0,0.0,0,0,0.0,0,0,0.0,,0.0,0.0,0,0,0.0,0,0,0,0,0,0,0,0,0,0,0,0,0,0,0,0,0,0,0,0,0,0,0,0,0,0,0,0,0,0,0.6710100716628343,0.9698463103929542,0.10908425876598504,0.8117449009293667,0.5602683401276616,0.0036455629509730136,0,0,0.0,0.0,0.0,0.0,0.0,0.0,0.0,0.0,17.4,985.1,2.5,5.5,79,0.0,0
2024-06-23 01:25:00,0,0.0,0.0,0.0,0,0,0.0,0,0,0.0,,0.0,0.0,0,0,0.0,0,0,0,0,0,0,0,0,0,0,0,0,0,0,0,0,0,0,0,0,0,0,0,0,0,0,0,0,0,0,0.6812190191418508,0.9660039346413993,0.10908425876598504,0.8117449009293667,0.5602683401276616,0.0036455629509730136,0,0,0.0,0.0,0.0,0.0,0.0,0.0,0.0,0.0,17.4,985.1,2.5,5.5,79,0.0,0
2024-06-23 01:30:00,0,0.0,0.0,0.0,0,0,0.0,0,0,0.0,,0.0,0.0,0,0,0.0,0,0,0,0,0,0,0,0,0,0,0,0,0,0,0,0,0,0,0,0,0,0,0,0,0,0,0,0,0,0,0.6913417161825449,0.9619397662556434,0.10908425876598504,0.8117449009293667,0.5602683401276616,0.0036455629509730136,0,0,0.0,0.0,0.0,0.0,0.0,0.0,0.0,0.0,17.2,985.2,2.8,7.7,79,0.0,0
2024-06-23 01:35:00,0,0.0,0.0,0.0,0,0,0.0,0,0,0.0,,0.0,0.0,0,0,0.0,0,0,0,0,0,0,0,0,0,0,0,0,0,0,0,0,0,0,0,0,0,0,0,0,0,0,0,0,0,0,0.7013733449293686,0.9576557395597236,0.10908425876598504,0.8117449009293667,0.5602683401276616,0.0036455629509730136,0,0,0.0,0.0,0.0,0.0,0.0,0.0,0.0,0.0,17.2,985.2,2.8,7.7,79,0.0,0
2024-06-23 01:40:00,0,0.0,0.0,0.0,0,0,0.0,0,0,0.0,,0.0,0.0,0,0,0.0,0,0,0,0,0,0,0,0,0,0,0,0,0,0,0,0,0,0,0,0,0,0,0,0,0,0,0,0,0,0,0.7113091308703496,0.953153893518325,0.10908425876598504,0.8117449009293667,0.5602683401276616,0.0036455629509730136,0,0,0.0,0.0,0.0,0.0,0.0,0.0,0.0,0.0,17.0,985.2,2.3,7.5,79,0.0,0
2024-06-23 01:45:00,0,0.0,0.0,0.0,0,0,0.0,0,0,0.0,,0.0,0.0,0,0,0.0,0,0,0,0,0,0,0,0,0,0,0,0,0,0,0,0,0,0,0,0,0,0,0,0,0,0,0,0,0,0,0.7211443451095007,0.9484363707663441,0.10908425876598504,0.8117449009293667,0.5602683401276616,0.0036455629509730136,0,0,0.0,0.0,0.0,0.0,0.0,0.0,0.0,0.0,17.0,985.2,2.3,7.5,79,0.0,0
2024-06-23 01:50:00,0,0.0,0.0,0.0,0,0,0.0,0,0,0.0,,0.0,0.0,0,0,0.0,0,0,0,0,0,0,0,0,0,0,0,0,0,0,0,0,0,0,0,0,0,0,0,0,0,0,0,0,0,0,0.730874306617517,0.9435054165891108,0.10908425876598504,0.8117449009293667,0.5602683401276616,0.0036455629509730136,0,0,0.0,0.0,0.0,0.0,0.0,0.0,0.0,0.0,17.0,985.3,1.7,4.8,78,0.0,0
2024-06-23 01:55:00,0,0.0,0.0,0.0,0,0,0.0,0,0,0.0,,0.0,0.0,0,0,0.0,0,0,0,0,0,0,0,0,0,0,0,0,0,0,0,0,0,0,0,0,0,0,0,0,0,0,0,0,0,0,0.7404943844596938,0.9383633778537539,0.10908425876598504,0.8117449009293667,0.5602683401276616,0.0036455629509730136,0,0,0.0,0.0,0.0,0.0,0.0,0.0,0.0,0.0,17.0,985.3,1.7,4.8,78,0.0,0
2024-06-23 02:00:00,0,0.0,0.0,0.0,0,0,0.0,0,0,0.0,,0.0,0.0,0,0,0.0,0,0,0,0,0,0,0,0,0,0,0,0,0,0,0,0,0,0,0,0,0,0,0,0,0,0,0,0,0,0,0.75,0.9330127018922194,0.10908425876598504,0.8117449009293667,0.5602683401276616,0.0036455629509730136,0,0,0.0,0.0,0.0,0.0,0.0,0.0,0.0,0.0,16.9,985.4,1.4,3.9,78,0.0,0
2024-06-23 02:05:00,0,0.0,0.0,0.0,0,0,0.0,0,0,0.0,,0.0,0.0,0,0,0.0,0,0,0,0,0,0,0,0,0,0,0,0,0,0,0,0,0,0,0,0,0,0,0,0,0,0,0,0,0,0,0.7593866290802607,0.9274559353364733,0.10908425876598504,0.8117449009293667,0.5602683401276616,0.0036455629509730136,0,0,0.0,0.0,0.0,0.0,0.0,0.0,0.0,0.0,16.9,985.4,1.4,3.9,78,0.0,0
2024-06-23 02:10:00,0,0.0,0.0,0.0,0,0,0.0,0,0,0.0,,0.0,0.0,0,0,0.0,0,0,0,0,0,0,0,0,0,0,0,0,0,0,0,0,0,0,0,0,0,0,0,0,0,0,0,0,0,0,0.768649804173412,0.9216957229064429,0.10908425876598504,0.8117449009293667,0.5602683401276616,0.0036455629509730136,0,0,0.0,0.0,0.0,0.0,0.0,0.0,0.0,0.0,16.8,985.4,2.3,5.8,78,0.0,0
2024-06-23 02:15:00,0,0.0,0.0,0.0,0,0,0.0,0,0,0.0,,0.0,0.0,0,0,0.0,0,0,0,0,0,0,0,0,0,0,0,0,0,0,0,0,0,0,0,0,0,0,0,0,0,0,0,0,0,0,0.7777851165098011,0.9157348061512727,0.10908425876598504,0.8117449009293667,0.5602683401276616,0.0036455629509730136,0,0,0.0,0.0,0.0,0.0,0.0,0.0,0.0,0.0,16.8,985.4,2.3,5.8,78,0.0,0
2024-06-23 02:20:00,0,0.0,0.0,0.0,0,0,0.0,0,0,0.0,,0.0,0.0,0,0,0.0,0,0,0,0,0,0,0,0,0,0,0,0,0,0,0,0,0,0,0,0,0,0,0,0,0,0,0,0,0,0,0.786788218175523,0.909576022144496,0.10908425876598504,0.8117449009293667,0.5602683401276616,0.0036455629509730136,0,0,0.0,0.0,0.0,0.0,0.0,0.0,0.0,0.0,16.8,985.4,1.3,5.2,78,0.0,0
2024-06-23 02:25:00,0,0.0,0.0,0.0,0,0,0.0,0,0,0.0,,0.0,0.0,0,0,0.0,0,0,0,0,0,0,0,0,0,0,0,0,0,0,0,0,0,0,0,0,0,0,0,0,0,0,0,0,0,0,0.7956548241817911,0.9032223021337413,0.10908425876598504,0.8117449009293667,0.5602683401276616,0.0036455629509730136,0,0,0.0,0.0,0.0,0.0,0.0,0.0,0.0,0.0,16.8,985.4,1.3,5.2,78,0.0,0
2024-06-23 02:30:00,0,0.0,0.0,0.0,0,0,0.0,0,0,0.0,,0.0,0.0,0,0,0.0,0,0,0,0,0,0,0,0,0,0,0,0,0,0,0,0,0,0,0,0,0,0,0,0,0,0,0,0,0,0,0.8043807145043603,0.8966766701456176,0.10908425876598504,0.8117449009293667,0.5602683401276616,0.0036455629509730136,0,0,0.0,0.0,0.0,0.0,0.0,0.0,0.0,0.0,16.6,985.4,1.8,5.1,78,0.0,0
2024-06-23 02:35:00,0,0.0,0.0,0.0,0,0,0.0,0,0,0.0,,0.0,0.0,0,0,0.0,0,0,0,0,0,0,0,0,0,0,0,0,0,0,0,0,0,0,0,0,0,0,0,0,0,0,0,0,0,0,0.8129617360920296,0.8899422415464409,0.10908425876598504,0.8117449009293667,0.5602683401276616,0.0036455629509730136,0,0,0.0,0.0,0.0,0.0,0.0,0.0,0.0,0.0,16.6,985.4,1.8,5.1,78,0.0,0
2024-06-23 02:40:00,0,0.0,0.0,0.0,0,0,0.0,0,0,0.0,,0.0,0.0,0,0,0.0,0,0,0,0,0,0,0,0,0,0,0,0,0,0,0,0,0,0,0,0,0,0,0,0,0,0,0,0,0,0,0.8213938048432696,0.883022221559489,0.10908425876598504,0.8117449009293667,0.5602683401276616,0.0036455629509730136,0,0,0.0,0.0,0.0,0.0,0.0,0.0,0.0,0.0,16.6,985.4,1.5,4.7,79,0.0,0
2024-06-23 02:45:00,0,0.0,0.0,0.0,0,0,0.0,0,0,0.0,,0.0,0.0,0,0,0.0,0,0,0,0,0,0,0,0,0,0,0,0,0,0,0,0,0,0,0,0,0,0,0,0,0,0,0,0,0,0,0.8296729075500344,0.8759199037394887,0.10908425876598504,0.8117449009293667,0.5602683401276616,0.0036455629509730136,0,0,0.0,0.0,0.0,0.0,0.0,0.0,0.0,0.0,16.6,985.4,1.5,4.7,79,0.0,0
2024-06-23 02:50:00,0,0.0,0.0,0.0,0,0,0.0,0,0,0.0,,0.0,0.0,0,0,0.0,0,0,0,0,0,0,0,0,0,0,0,0,0,0,0,0,0,0,0,0,0,0,0,0,0,0,0,0,0,0,0.8377951038078302,0.868638668405062,0.10908425876598504,0.8117449009293667,0.5602683401276616,0.0036455629509730136,0,0,0.0,0.0,0.0,0.0,0.0,0.0,0.0,0.0,16.5,985.5,0.9,2.9,79,0.0,0
2024-06-23 02:55:00,0,0.0,0.0,0.0,0,0,0.0,0,0,0.0,,0.0,0.0,0,0,0.0,0,0,0,0,0,0,0,0,0,0,0,0,0,0,0,0,0,0,0,0,0,0,0,0,0,0,0,0,0,0,0.8457565278911348,0.8611819810298778,0.10908425876598504,0.8117449009293667,0.5602683401276616,0.0036455629509730136,0,0,0.0,0.0,0.0,0.0,0.0,0.0,0.0,0.0,16.5,985.5,0.9,2.9,79,0.0,0
2024-06-23 03:00:00,0,0.0,0.0,0.0,0,0,0.0,0,0,0.0,,0.0,0.0,0,0,0.0,0,0,0,0,0,0,0,0,0,0,0,0,0,0,0,0,0,0,0,0,0,0,0,0,0,0,0,0,0,0,0.8535533905932737,0.8535533905932737,0.10908425876598504,0.8117449009293667,0.5602683401276616,0.0036455629509730136,0,0,0.0,0.0,0.0,0.0,0.0,0.0,0.0,0.0,16.4,985.5,1.8,5.3,79,0.0,0
2024-06-23 03:05:00,0,0.0,0.0,0.0,0,0,0.0,0,0,0.0,,0.0,0.0,0,0,0.0,0,0,0,0,0,0,0,0,0,0,0,0,0,0,0,0,0,0,0,0,0,0,0,0,0,0,0,0,0,0,0.8611819810298778,0.8457565278911346,0.10908425876598504,0.8117449009293667,0.5602683401276616,0.0036455629509730136,0,0,0.0,0.0,0.0,0.0,0.0,0.0,0.0,0.0,16.4,985.5,1.8,5.3,79,0.0,0
2024-06-23 03:10:00,0,0.0,0.0,0.0,0,0,0.0,0,0,0.0,,0.0,0.0,0,0,0.0,0,0,0,0,0,0,0,0,0,0,0,0,0,0,0,0,0,0,0,0,0,0,0,0,0,0,0,0,0,0,0.868638668405062,0.8377951038078302,0.10908425876598504,0.8117449009293667,0.5602683401276616,0.0036455629509730136,0,0,0.0,0.0,0.0,0.0,0.0,0.0,0.0,0.0,16.4,985.7,1.4,4.3,79,0.0,0
2024-06-23 03:15:00,0,0.0,0.0,0.0,0,0,0.0,0,0,0.0,,0.0,0.0,0,0,0.0,0,0,0,0,0,0,0,0,0,0,0,0,0,0,0,0,0,0,0,0,0,0,0,0,0,0,0,0,0,0,0.8759199037394887,0.8296729075500344,0.10908425876598504,0.8117449009293667,0.5602683401276616,0.0036455629509730136,0,0,0.0,0.0,0.0,0.0,0.0,0.0,0.0,0.0,16.4,985.7,1.4,4.3,79,0.0,0
2024-06-23 03:20:00,0,0.0,0.0,0.0,0,0,0.0,0,0,0.0,,0.0,0.0,0,0,0.0,0,0,0,0,0,0,0,0,0,0,0,0,0,0,0,0,0,0,0,0,0,0,0,0,0,0,0,0,0,0,0.883022221559489,0.8213938048432696,0.10908425876598504,0.8117449009293667,0.5602683401276616,0.0036455629509730136,0,0,0.0,0.0,0.0,0.0,0.0,0.0,0.0,0.0,16.3,985.8,1.1,3.7,79,0.0,0
2024-06-23 03:25:00,0,0.0,0.0,0.0,0,0,0.0,0,0,0.0,,0.0,0.0,0,0,0.0,0,0,0,0,0,0,0,0,0,0,0,0,0,0,0,0,0,0,0,0,0,0,0,0,0,0,0,0,0,0,0.8899422415464409,0.8129617360920296,0.10908425876598504,0.8117449009293667,0.5602683401276616,0.0036455629509730136,0,0,0.0,0.0,0.0,0.0,0.0,0.0,0.0,0.0,16.3,985.8,1.1,3.7,79,0.0,0
2024-06-23 03:30:00,0,0.0,0.0,0.0,0,0,0.0,0,0,0.0,,0.0,0.0,0,0,0.0,0,0,0,0,0,0,0,0,0,0,0,0,0,0,0,0,0,0,0,0,0,0,0,0,0,0,0,0,0,0,0.8966766701456176,0.8043807145043603,0.10908425876598504,0.8117449009293667,0.5602683401276616,0.0036455629509730136,0,0,0.0,0.0,0.0,0.0,0.0,0.0,0.0,0.0,16.3,985.8,1.6,3.7,79,0.0,0
2024-06-23 03:35:00,0,0.0,0.0,0.0,0,0,0.0,0,0,0.0,,0.0,0.0,0,0,0.0,0,0,0,0,0,0,0,0,0,0,0,0,0,0,0,0,0,0,0,0,0,0,0,0,0,0,0,0,0,0,0.9032223021337413,0.7956548241817912,0.10908425876598504,0.8117449009293667,0.5602683401276616,0.0036455629509730136,0,0,0.0,0.0,0.0,0.0,0.0,0.0,0.0,0.0,16.3,985.8,1.6,3.7,79,0.0,0
2024-06-23 03:40:00,0,0.0,0.0,0.0,0,0,0.0,0,0,0.0,,0.0,0.0,0,0,0.0,0,0,0,0,0,0,0,0,0,0,0,0,0,0,0,0,0,0,0,0,0,0,0,0,0,0,0,0,0,0,0.9095760221444958,0.786788218175523,0.10908425876598504,0.8117449009293667,0.5602683401276616,0.0036455629509730136,0,0,0.0,0.0,0.0,0.0,0.0,0.0,0.0,0.0,16.2,985.9,1.2,3.5,79,0.0,0
2024-06-23 03:45:00,0,0.0,0.0,0.0,0,0,0.0,0,0,0.0,,0.0,0.0,0,0,0.0,0,0,0,0,0,0,0,0,0,0,0,0,0,0,0,0,0,0,0,0,0,0,0,0,0,0,0,0,0,0,0.9157348061512727,0.7777851165098011,0.10908425876598504,0.8117449009293667,0.5602683401276616,0.0036455629509730136,0,0,0.0,0.0,0.0,0.0,0.0,0.0,0.0,0.0,16.2,985.9,1.2,3.5,79,0.0,0
2024-06-23 03:50:00,0,0.0,0.0,0.0,0,0,0.0,0,0,0.0,,0.0,0.0,0,0,0.0,0,0,0,0,0,0,0,0,0,0,0,0,0,0,0,0,0,0,0,0,0,0,0,0,0,0,0,0,0,0,0.9216957229064429,0.7686498041734118,0.10908425876598504,0.8117449009293667,0.5602683401276616,0.0036455629509730136,0,0,0.0,0.0,0.0,0.0,0.0,0.0,0.0,0.0,16.2,986.2,0.5,2.3,79,0.0,0
2024-06-23 03:55:00,0,0.0,0.0,0.0,0,0,0.0,0,0,0.0,,0.0,0.0,0,0,0.0,0,0,0,0,0,0,0,0,0,0,0,0,0,0,0,0,0,0,0,0,0,0,0,0,0,0,0,0,0,0,0.9274559353364733,0.7593866290802608,0.10908425876598504,0.8117449009293667,0.5602683401276616,0.0036455629509730136,0,0,0.0,0.0,0.0,0.0,0.0,0.0,0.0,0.0,16.2,986.2,0.5,2.3,79,0.0,0
2024-06-23 04:00:00,0,0.0,0.0,0.0,0,0,0.0,0,0,0.0,,0.0,0.0,0,0,0.0,0,0,0,0,0,0,0,0,0,0,0,0,0,0,0,0,0,0,0,0,0,0,0,0,0,0,0,0,0,0,0.9330127018922193,0.75,0.10908425876598504,0.8117449009293667,0.5602683401276616,0.0036455629509730136,0,0,0.0,0.0,0.0,0.0,0.0,0.0,0.0,0.0,16.3,986.3,0.3,2.6,79,0.0,0
2024-06-23 04:05:00,0,0.0,0.0,0.0,0,0,0.0,0,0,0.0,,0.0,0.0,0,0,0.0,0,0,0,0,0,0,0,0,0,0,0,0,0,0,0,0,0,0,0,0,0,0,0,0,0,0,0,0,0,0,0.9383633778537539,0.7404943844596938,0.10908425876598504,0.8117449009293667,0.5602683401276616,0.0036455629509730136,0,0,0.0,0.0,0.0,0.0,0.0,0.0,0.0,0.0,16.3,986.3,0.3,2.6,79,0.0,0
2024-06-23 04:10:00,0,0.0,0.0,0.0,0,0,0.0,0,0,0.0,,0.0,0.0,0,0,0.0,0,0,0,0,0,0,0,0,0,0,0,0,0,0,0,0,0,0,0,0,0,0,0,0,0,0,0,0,0,0,0.9435054165891108,0.730874306617517,0.10908425876598504,0.8117449009293667,0.5602683401276616,0.0036455629509730136,0,0,0.0,0.0,0.0,0.0,0.0,0.0,0.0,0.0,16.3,986.3,0.8,4.0,79,0.0,0
2024-06-23 04:15:00,0,0.0,0.0,0.0,0,0,0.0,0,0,0.0,,0.0,0.0,0,0,0.0,0,0,0,0,0,0,0,0,0,0,0,0,0,0,0,0,0,0,0,0,0,0,0,0,0,0,0,0,0,0,0.9484363707663441,0.7211443451095007,0.10908425876598504,0.8117449009293667,0.5602683401276616,0.0036455629509730136,0,0,0.0,0.0,0.0,0.0,0.0,0.0,0.0,0.0,16.3,986.3,0.8,4.0,79,0.0,0
2024-06-23 04:20:00,0,0.0,0.0,0.0,0,0,0.0,0,0,0.0,,0.0,0.0,0,0,0.0,0,0,0,0,0,0,0,0,0,0,0,0,0,0,0,0,0,0,0,0,0,0,0,0,0,0,0,0,0,0,0.953153893518325,0.7113091308703497,0.10908425876598504,0.8117449009293667,0.5602683401276616,0.0036455629509730136,0,0,0.0,0.0,0.0,0.0,0.0,0.0,0.0,0.0,16.3,986.3,0.7,1.9,78,0.0,0
2024-06-23 04:25:00,0,0.0,0.0,0.0,0,0,0.0,0,0,0.0,,0.0,0.0,0,0,0.0,0,0,0,0,0,0,0,0,0,0,0,0,0,0,0,0,0,0,0,0,0,0,0,0,0,0,0,0,0,0,0.9576557395597236,0.7013733449293686,0.10908425876598504,0.8117449009293667,0.5602683401276616,0.0036455629509730136,0,0,0.0,0.0,0.0,0.0,0.0,0.0,0.0,0.0,16.3,986.3,0.7,1.9,78,0.0,0
2024-06-23 04:30:00,0,0.0,0.0,0.0,0,0,0.0,0,0,0.0,,0.0,0.0,0,0,0.0,0,0,0,0,0,0,0,0,0,0,0,0,0,0,0,0,0,0,0,0,0,0,0,0,0,0,0,0,0,0,0.9619397662556434,0.6913417161825449,0.10908425876598504,0.8117449009293667,0.5602683401276616,0.0036455629509730136,0,0,0.0,0.0,0.0,0.0,0.0,0.0,0.0,0.0,16.3,986.3,0.9,3.0,79,0.0,0
2024-06-23 04:35:00,0,0.0,0.0,0.0,0,0,0.0,0,0,0.0,,0.0,0.0,0,0,0.0,0,0,0,0,0,0,0,0,0,0,0,0,0,0,0,0,0,0,0,0,0,0,0,0,0,0,0,0,0,0,0.9660039346413992,0.6812190191418508,0.10908425876598504,0.8117449009293667,0.5602683401276616,0.0036455629509730136,0,0,0.0,0.0,0.0,0.0,0.0,0.0,0.0,0.0,16.3,986.3,0.9,3.0,79,0.0,0
2024-06-23 04:40:00,0,0.0,0.0,0.0,0,0,0.0,0,0,0.0,,0.0,0.0,0,0,0.0,0,0,0,0,0,0,0,0,0,0,0,0,0,0,0,0,0,0,0,0,0,0,0,0,0,0,0,0,0,0,0.9698463103929542,0.6710100716628344,0.10908425876598504,0.8117449009293667,0.5602683401276616,0.0036455629509730136,0,0,0.0,0.0,0.0,0.0,0.0,0.0,0.0,0.0,16.3,986.4,0.6,3.0,79,0.0,0
2024-06-23 04:45:00,0,0.0,0.0,0.0,0,0,0.0,0,0,0.0,,0.0,0.0,0,0,0.0,0,0,0,0,0,0,0,0,0,0,0,0,0,0,0,0,0,0,0,0,0,0,0,0,0,0,0,0,0,0,0.9734650647475528,0.6607197326515808,0.10908425876598504,0.8117449009293667,0.5602683401276616,0.0036455629509730136,0,0,0.0,0.0,0.0,0.0,0.0,0.0,0.0,0.0,16.3,986.4,0.6,3.0,79,0.0,0
2024-06-23 04:50:00,0,0.0,0.0,0.0,0,0,0.0,0,0,0.0,,0.0,0.0,0,0,0.0,0,0,0,0,0,0,0,0,0,0,0,0,0,0,0,0,0,0,0,0,0,0,0,0,0,0,0,0,0,0,0.9768584753741134,0.6503528997521366,0.10908425876598504,0.8117449009293667,0.5602683401276616,0.0036455629509730136,0,0,0.0,0.0,0.0,0.0,0.0,0.0,0.0,0.0,16.3,986.5,1.0,4.5,79,0.0,0
2024-06-23 04:55:00,0,0.0,0.0,0.0,0,0,0.0,0,0,0.0,,0.0,0.0,0,0,0.0,0,0,0,0,0,0,0,0,0,0,0,0,0,0,0,0,0,0,0,0,0,0,0,0,0,0,0,0,0,0,0.9800249271929644,0.639914507015496,0.10908425876598504,0.8117449009293667,0.5602683401276616,0.0036455629509730136,0,0,0.0,0.0,0.0,0.0,0.0,0.0,0.0,0.0,16.3,986.5,1.0,4.5,79,0.0,0
2024-06-23 05:00:00,0,0.0,0.0,0.0,0,0,0.0,0,0,0.0,,0.0,0.0,0,0,0.0,0,0,0,0,0,0,0,0,0,0,0,0,0,0,0,0,0,0,0,0,0,0,0,0,0,0,0,0,0,0,0.9829629131445341,0.6294095225512604,0.10908425876598504,0.8117449009293667,0.5602683401276616,0.0036455629509730136,0,0,0.0,0.0,0.0,0.0,0.0,0.0,0.0,0.0,16.3,986.6,1.0,2.7,79,0.0,0
2024-06-23 05:05:00,0,0.0,0.0,0.0,0,0,0.0,0,0,0.0,,0.0,0.0,0,0,0.0,0,0,0,0,0,0,0,0,0,0,0,0,0,0,0,0,0,0,0,0,0,0,0,0,0,0,0,0,0,0,0.9856710349066307,0.6188429461630865,0.10908425876598504,0.8117449009293667,0.5602683401276616,0.0036455629509730136,0,0,0.0,0.0,0.0,0.0,0.0,0.0,0.0,0.0,16.3,986.6,1.0,2.7,79,0.0,0
2024-06-23 05:10:00,0,0.0,0.0,0.0,0,0,0.0,0,0,0.0,,0.0,0.0,0,0,0.0,0,0,0,0,0,0,0,0,0,0,0,0,0,0,0,0,0,0,0,0,0,0,0,0,0,0,0,0,0,0,0.9881480035599667,0.6082198069690514,0.10908425876598504,0.8117449009293667,0.5602683401276616,0.0036455629509730136,0,0,0.0,0.0,0.0,0.0,0.0,0.0,0.0,0.0,16.5,986.7,0.8,3.6,79,0.0,0
2024-06-23 05:15:00,0,0.0,0.0,0.0,0,0,0.0,0,0,0.0,,0.0,0.0,0,0,0.0,0,0,0,0,0,0,0,0,0,0,0,0,0,0,0,0,0,0,0,0,0,0,0,0,0,0,0,0,0,0,0.9903926402016152,0.5975451610080642,0.10908425876598504,0.8117449009293667,0.5602683401276616,0.0036455629509730136,0,0,0.0,0.0,0.0,0.0,0.0,0.0,0.0,0.0,16.5,986.7,0.8,3.6,79,0.0,0
2024-06-23 05:20:00,0,0.0,0.0,0.0,0,0,0.0,0,0,0.0,,0.0,0.0,0,0,0.0,0,0,0,0,0,0,0,0,0,0,0,0,0,0,0,0,0,0,0,0,0,0,0,0,0,0,0,0,0,0,0.9924038765061041,0.5868240888334653,0.10908425876598504,0.8117449009293667,0.5602683401276616,0.0036455629509730136,0,0,0.0,0.0,0.0,0.0,0.0,0.0,0.0,0.0,16.5,986.6,1.6,4.0,78,0.0,0
2024-06-23 05:25:00,0,0.0,0.0,0.0,0,0,0.0,0,0,0.0,,0.0,0.0,0,0,0.0,0,0,0,0,0,0,0,0,0,0,0,0,0,0,0,0,0,0,0,0,0,0,0,0,0,0,0,0,0,0,0.9941807552338804,0.5760616930949584,0.10908425876598504,0.8117449009293667,0.5602683401276616,0.0036455629509730136,0,0,0.0,0.0,0.0,0.0,0.0,0.0,0.0,0.0,16.5,986.6,1.6,4.0,78,0.0,0
2024-06-23 05:30:00,0,0.0,0.0,0.0,0,0,0.0,0,0,0.0,,0.0,0.0,0,0,0.0,0,0,0,0,0,0,0,0,0,0,0,0,0,0,0,0,0,0,0,0,0,0,0,0,0,0,0,0,0,0,0.9957224306869052,0.5652630961100259,0.10908425876598504,0.8117449009293667,0.5602683401276616,0.0036455629509730136,0,0,0.0,0.0,0.0,0.0,0.0,0.0,0.0,0.0,16.6,986.6,1.3,4.9,78,0.0,0
2024-06-23 05:35:00,0,0.0,0.0,0.0,0,0,0.0,0,0,0.0,,0.0,0.0,0,0,0.0,0,0,0,0,0,0,0,0,0,0,0,0,0,0,0,0,0,0,0,0,0,0,0,0,0,0,0,0,0,0,0.9970281691111598,0.5544334374259824,0.10908425876598504,0.8117449009293667,0.5602683401276616,0.0036455629509730136,0,0,0.0,0.0,0.0,0.0,0.0,0.0,0.0,0.0,16.6,986.6,1.3,4.9,78,0.0,0
2024-06-23 05:40:00,0,0.0,0.0,0.0,0,0,0.0,0,0,0.0,,0.0,0.0,0,0,0.0,0,0,0,0,0,0,0,0,0,0,0,0,0,0,0,0,0,0,0,0,0,0,0,0,0,0,0,0,0,0,0.9980973490458728,0.5435778713738291,0.10908425876598504,0.8117449009293667,0.5602683401276616,0.0036455629509730136,0,0,0.0,0.0,0.0,0.0,0.0,0.0,0.0,0.0,16.6,986.7,2.0,6.1,78,0.0,0
2024-06-23 05:45:00,0,0.0,0.0,0.0,0,0,0.0,0,0,0.0,,0.0,0.0,0,0,0.0,0,0,0,0,0,0,0,0,0,0,0,0,0,0,0,0,0,0,0,0,0,0,0,0,0,0,0,0,0,0,0.9989294616193017,0.5327015646150716,0.10908425876598504,0.8117449009293667,0.5602683401276616,0.0036455629509730136,0,0,0.0,0.0,0.0,0.0,0.0,0.0,0.0,0.0,16.6,986.7,2.0,6.1,78,0.0,0
2024-06-23 05:50:00,0,0.0,0.0,0.0,0,0,0.0,0,0,0.0,,0.0,0.0,0,0,0.0,0,0,0,0,0,0,0,0,0,0,0,0,0,0,0,0,0,0,0,0,0,0,0,0,0,0,0,0,0,0,0.999524110790929,0.521809693682668,0.10908425876598504,0.8117449009293667,0.5602683401276616,0.0036455629509730136,0,0,0.0,0.0,0.0,0.0,0.0,0.0,0.0,0.0,16.8,986.8,1.3,4.3,78,0.0,0
2024-06-23 05:55:00,0,0.0,0.0,0.0,0,0,0.0,0,0,0.0,,0.0,0.0,0,0,0.0,0,0,0,0,0,0,0,0,0,0,0,0,0,0,0,0,0,0,0,0,0,0,0,0,0,0,0,0,0,0,0.9998810135399545,0.5109074425172806,0.10908425876598504,0.8117449009293667,0.5602683401276616,0.0036455629509730136,0,0,0.0,0.0,0.0,0.0,0.0,0.0,0.0,0.0,16.8,986.8,1.3,4.3,78,0.0,0
2024-06-23 06:00:00,0,0.0,0.0,0.0,0,0,0.0,0,0,0.0,,0.0,0.0,0,0,0.0,0,0,0,0,0,0,0,0,0,0,0,0,0,0,0,0,0,0,0,0,0,0,0,0,0,0,0,0,0,0,1.0,0.5,0.10908425876598504,0.8117449009293667,0.5602683401276616,0.0036455629509730136,0,0,0.0,0.0,0.0,0.0,0.0,0.0,0.0,0.0,16.9,986.9,0.8,3.4,77,0.0,0
2024-06-23 06:05:00,0,0.0,0.0,0.0,0,0,0.0,0,0,0.0,,0.0,0.0,0,0,0.0,0,0,0,0,0,0,0,0,0,0,0,0,0,0,0,0,0,0,0,0,0,0,0,0,0,0,0,0,0,0,0.9998810135399545,0.48909255748271946,0.10908425876598504,0.8117449009293667,0.5602683401276616,0.0036455629509730136,0,0,0.0,0.0,0.0,0.0,0.0,0.0,0.0,0.0,16.9,986.9,0.8,3.4,77,0.0,0
2024-06-23 06:10:00,0,0.0,0.0,0.0,0,0,0.0,0,0,0.0,,0.0,0.0,0,0,0.0,0,0,0,0,0,0,0,0,0,0,0,0,0,0,0,0,0,0,0,0,0,0,0,0,0,0,0,0,0,0,0.999524110790929,0.47819030631733195,0.10908425876598504,0.8117449009293667,0.5602683401276616,0.0036455629509730136,0,0,0.0,0.0,0.0,0.0,0.0,0.0,0.0,0.0,17.0,987.0,1.1,4.2,77,0.0,0
2024-06-23 06:15:00,0,0.0,0.0,0.0,0,0,0.0,0,0,0.0,,0.0,0.0,0,0,0.0,0,0,0,0,0,0,0,0,0,0,0,0,0,0,0,0,0,0,0,0,0,0,0,0,0,0,0,0,0,0,0.9989294616193017,0.46729843538492843,0.10908425876598504,0.8117449009293667,0.5602683401276616,0.0036455629509730136,0,0,0.0,0.0,0.0,0.0,0.0,0.0,0.0,0.0,17.0,987.0,1.1,4.2,77,0.0,0
2024-06-23 06:20:00,0,0.0,0.0,0.0,0,0,0.0,0,0,0.0,,0.0,0.0,0,0,0.0,0,0,0,0,0,0,0,0,0,0,0,0,0,0,0,0,0,0,0,0,0,0,0,0,0,0,0,0,0,0,0.9980973490458728,0.4564221286261709,0.10908425876598504,0.8117449009293667,0.5602683401276616,0.0036455629509730136,0,0,0.0,0.0,0.0,0.0,0.0,0.0,0.0,0.0,17.1,987.0,1.3,4.5,76,0.0,0
2024-06-23 06:25:00,0,0.0,0.0,0.0,0,0,0.0,0,0,0.0,,0.0,0.0,0,0,0.0,0,0,0,0,0,0,0,0,0,0,0,0,0,0,0,0,0,0,0,0,0,0,0,0,0,0,0,0,0,0,0.9970281691111598,0.44556656257401783,0.10908425876598504,0.8117449009293667,0.5602683401276616,0.0036455629509730136,0,0,0.0,0.0,0.0,0.0,0.0,0.0,0.0,0.0,17.1,987.0,1.3,4.5,76,0.0,0
2024-06-23 06:30:00,0,0.0,0.0,0.0,0,0,0.0,0,0,0.0,,0.0,0.0,0,0,0.0,0,0,0,0,0,0,0,0,0,0,0,0,0,0,0,0,0,0,0,0,0,0,0,0,0,0,0,0,0,0,0.9957224306869052,0.4347369038899743,0.10908425876598504,0.8117449009293667,0.5602683401276616,0.0036455629509730136,0,0,0.0,0.0,0.0,0.0,0.0,0.0,0.0,0.0,17.1,987.0,1.6,4.8,76,0.0,0
2024-06-23 06:35:00,0,0.0,0.0,0.0,0,0,0.0,0,0,0.0,,0.0,0.0,0,0,0.0,0,0,0,0,0,0,0,0,0,0,0,0,0,0,0,0,0,0,0,0,0,0,0,0,0,0,0,0,0,0,0.9941807552338804,0.42393830690504175,0.10908425876598504,0.8117449009293667,0.5602683401276616,0.0036455629509730136,0,0,0.0,0.0,0.0,0.0,0.0,0.0,0.0,0.0,17.1,987.0,1.6,4.8,76,0.0,0
2024-06-23 06:40:00,0,0.0,0.0,0.0,0,0,0.0,0,0,0.0,,0.0,0.0,0,0,0.0,0,0,0,0,0,0,0,0,0,0,0,0,0,0,0,0,0,0,0,0,0,0,0,0,0,0,0,0,0,0,0.9924038765061041,0.41317591116653485,0.10908425876598504,0.8117449009293667,0.5602683401276616,0.0036455629509730136,0,0,0.0,0.0,0.0,0.0,0.0,0.0,0.0,0.0,17.5,987.0,2.2,5.0,76,0.0,0
2024-06-23 06:45:00,0,0.0,0.0,0.0,0,0,0.0,0,0,0.0,,0.0,0.0,0,0,0.0,0,0,0,0,0,0,0,0,0,0,0,0,0,0,0,0,0,0,0,0,0,0,0,0,0,0,0,0,0,0,0.9903926402016152,0.4024548389919359,0.10908425876598504,0.8117449009293667,0.5602683401276616,0.0036455629509730136,0,0,0.0,0.0,0.0,0.0,0.0,0.0,0.0,0.0,17.5,987.0,2.2,5.0,76,0.0,0
2024-06-23 06:50:00,0,0.0,0.0,0.0,0,0,0.0,0,0,0.0,,0.0,0.0,0,0,0.0,0,0,0,0,0,0,0,0,0,0,0,0,0,0,0,0,0,0,0,0,0,0,0,0,0,0,0,0,0,0,0.9881480035599667,0.3917801930309486,0.10908425876598504,0.8117449009293667,0.5602683401276616,0.0036455629509730136,0,0,0.0,0.0,0.0,0.0,0.0,0.0,0.0,0.0,17.5,987.0,2.0,4.5,75,0.0,0
2024-06-23 06:55:00,0,0.0,0.0,0.0,0,0,0.0,0,0,0.0,,0.0,0.0,0,0,0.0,0,0,0,0,0,0,0,0,0,0,0,0,0,0,0,0,0,0,0,0,0,0,0,0,0,0,0,0,0,0,0.9856710349066307,0.3811570538369134,0.10908425876598504,0.8117449009293667,0.5602683401276616,0.0036455629509730136,0,0,0.0,0.0,0.0,0.0,0.0,0.0,0.0,0.0,17.5,987.0,2.0,4.5,75,0.0,0
2024-06-23 07:00:00,0,0.0,0.0,0.0,0,0,0.0,0,0,0.0,,0.0,0.0,0,0,0.0,0,0,0,0,0,0,0,0,0,0,0,0,0,0,0,0,0,0,0,0,0,0,0,0,0,0,0,0,0,0,0.9829629131445341,0.3705904774487396,0.10908425876598504,0.8117449009293667,0.5602683401276616,0.0036455629509730136,0,0,0.0,0.0,0.0,0.0,0.0,0.0,0.0,0.0,17.6,987.1,2.0,4.4,74,0.0,0
2024-06-23 07:05:00,0,0.0,0.0,0.0,0,0,0.0,0,0,0.0,,0.0,0.0,0,0,0.0,0,0,0,0,0,0,0,0,0,0,0,0,0,0,0,0,0,0,0,0,0,0,0,0,0,0,0,0,0,0,0.9800249271929644,0.360085492984504,0.10908425876598504,0.8117449009293667,0.5602683401276616,0.0036455629509730136,0,0,0.0,0.0,0.0,0.0,0.0,0.0,0.0,0.0,17.6,987.1,2.0,4.4,74,0.0,0
2024-06-23 07:10:00,0,0.0,0.0,0.0,0,0,0.0,0,0,0.0,,0.0,0.0,0,0,0.0,0,0,0,0,0,0,0,0,0,0,0,0,0,0,0,0,0,0,0,0,0,0,0,0,0,0,0,0,0,0,0.9768584753741134,0.3496471002478635,0.10908425876598504,0.8117449009293667,0.5602683401276616,0.0036455629509730136,0,0,0.0,0.0,0.0,0.0,0.0,0.0,0.0,0.0,17.6,987.1,1.3,4.2,74,0.0,0
2024-06-23 07:15:00,0,0.0,0.0,0.0,0,0,0.0,0,0,0.0,,0.0,0.0,0,0,0.0,0,0,0,0,0,0,0,0,0,0,0,0,0,0,0,0,0,0,0,0,0,0,0,0,0,0,0,0,0,0,0.9734650647475529,0.3392802673484193,0.10908425876598504,0.8117449009293667,0.5602683401276616,0.0036455629509730136,0,0,0.0,0.0,0.0,0.0,0.0,0.0,0.0,0.0,17.6,987.1,1.3,4.2,74,0.0,0
2024-06-23 07:20:00,0,0.0,0.0,0.0,0,0,0.0,0,0,0.0,,0.0,0.0,0,0,0.0,0,0,0,0,0,0,0,0,0,0,0,0,0,0,0,0,0,0,0,0,0,0,0,0,0,0,0,0,0,0,0.9698463103929542,0.3289899283371658,0.10908425876598504,0.8117449009293667,0.5602683401276616,0.0036455629509730136,0,0,0.0,0.0,0.0,0.0,0.0,0.0,0.0,0.0,17.7,987.0,0.9,3.6,75,0.0,0
2024-06-23 07:25:00,0,0.0,0.0,0.0,0,0,0.0,0,0,0.0,,0.0,0.0,0,0,0.0,0,0,0,0,0,0,0,0,0,0,0,0,0,0,0,0,0,0,0,0,0,0,0,0,0,0,0,0,0,0,0.9660039346413993,0.3187809808581492,0.10908425876598504,0.8117449009293667,0.5602683401276616,0.0036455629509730136,0,0,0.0,0.0,0.0,0.0,0.0,0.0,0.0,0.0,17.7,987.0,0.9,3.6,75,0.0,0
2024-06-23 07:30:00,0,0.0,0.0,0.0,0,0,0.0,0,0,0.0,,0.0,0.0,0,0,0.0,0,0,0,0,0,0,0,0,0,0,0,0,0,0,0,0,0,0,0,0,0,0,0,0,0,0,0,0,0,0,0.9619397662556434,0.30865828381745514,0.10908425876598504,0.8117449009293667,0.5602683401276616,0.0036455629509730136,0,0,0.0,0.0,0.0,0.0,0.0,0.0,0.0,0.0,18.1,987.0,0.8,3.7,73,0.0,37
2024-06-23 07:35:00,0,0.0,0.0,0.0,0,0,0.0,0,0,0.0,,0.0,0.0,0,0,0.0,0,0,0,0,0,0,0,0,0,0,0,0,0,0,0,0,0,0,0,0,0,0,0,0,0,0,0,0,0,0,0.9576557395597236,0.29862665507063146,0.10908425876598504,0.8117449009293667,0.5602683401276616,0.0036455629509730136,0,0,0.0,0.0,0.0,0.0,0.0,0.0,0.0,0.0,18.1,987.0,0.8,3.7,73,0.0,37
2024-06-23 07:40:00,0,0.0,0.0,0.0,0,0,0.0,0,0,0.0,,0.0,0.0,0,0,0.0,0,0,0,0,0,0,0,0,0,0,0,0,0,0,0,0,0,0,0,0,0,0,0,0,0,0,0,0,0,0,0.9531538935183249,0.28869086912965014,0.10908425876598504,0.8117449009293667,0.5602683401276616,0.0036455629509730136,0,0,0.0,0.0,0.0,0.0,0.0,0.0,0.0,0.0,18.2,987.0,1.1,4.1,73,0.0,0
2024-06-23 07:45:00,0,0.0,0.0,0.0,0,0,0.0,0,0,0.0,,0.0,0.0,0,0,0.0,0,0,0,0,0,0,0,0,0,0,0,0,0,0,0,0,0,0,0,0,0,0,0,0,0,0,0,0,0,0,0.9484363707663441,0.27885565489049946,0.10908425876598504,0.8117449009293667,0.5602683401276616,0.0036455629509730136,0,0,0.0,0.0,0.0,0.0,0.0,0.0,0.0,0.0,18.2,987.0,1.1,4.1,73,0.0,0
2024-06-23 07:50:00,0,0.0,0.0,0.0,0,0,0.0,0,0,0.0,,0.0,0.0,0,0,0.0,0,0,0,0,0,0,0,0,0,0,0,0,0,0,0,0,0,0,0,0,0,0,0,0,0,0,0,0,0,0,0.9435054165891109,0.26912569338248316,0.10908425876598504,0.8117449009293667,0.5602683401276616,0.0036455629509730136,0,0,0.0,0.0,0.0,0.0,0.0,0.0,0.0,0.0,18.4,987.1,1.4,5.0,72,0.0,0
2024-06-23 07:55:00,0,0.0,0.0,0.0,0,0,0.0,0,0,0.0,,0.0,0.0,0,0,0.0,0,0,0,0,0,0,0,0,0,0,0,0,0,0,0,0,0,0,0,0,0,0,0,0,0,0,0,0,0,0,0.9383633778537539,0.25950561554030627,0.10908425876598504,0.8117449009293667,0.5602683401276616,0.0036455629509730136,0,0,0.0,0.0,0.0,0.0,0.0,0.0,0.0,0.0,18.4,987.1,1.4,5.0,72,0.0,0
2024-06-23 08:00:00,0,0.0,0.0,0.0,0,0,0.0,0,0,0.0,,0.0,0.0,0,0,0.0,0,0,0,0,0,0,0,0,0,0,0,0,0,0,0,0,0,0,0,0,0,0,0,0,0,0,0,0,0,0,0.9330127018922194,0.2500000000000001,0.10908425876598504,0.8117449009293667,0.5602683401276616,0.0036455629509730136,0,0,0.0,0.0,0.0,0.0,0.0,0.0,0.0,0.0,18.5,987.3,1.4,4.2,73,0.0,147
2024-06-23 08:05:00,0,0.0,0.0,0.0,0,0,0.0,0,0,0.0,,0.0,0.0,0,0,0.0,0,0,0,0,0,0,0,0,0,0,0,0,0,0,0,0,0,0,0,0,0,0,0,0,0,0,0,0,0,0,0.9274559353364733,0.24061337091973917,0.10908425876598504,0.8117449009293667,0.5602683401276616,0.0036455629509730136,0,0,0.0,0.0,0.0,0.0,0.0,0.0,0.0,0.0,18.5,987.3,1.4,4.2,73,0.0,147
2024-06-23 08:10:00,0,0.0,0.0,0.0,0,0,0.0,0,0,0.0,,0.0,0.0,0,0,0.0,0,0,0,0,0,0,0,0,0,0,0,0,0,0,0,0,0,0,0,0,0,0,0,0,0,0,0,0,0,0,0.9216957229064429,0.23135019582658822,0.10908425876598504,0.8117449009293667,0.5602683401276616,0.0036455629509730136,0,0,0.0,0.0,0.0,0.0,0.0,0.0,0.0,0.0,19.0,987.3,1.5,4.5,69,0.0,362
2024-06-23 08:15:00,0,0.0,0.0,0.0,0,0,0.0,0,0,0.0,,0.0,0.0,0,0,0.0,0,0,0,0,0,0,0,0,0,0,0,0,0,0,0,0,0,0,0,0,0,0,0,0,0,0,0,0,0,0,0.9157348061512727,0.22221488349019902,0.10908425876598504,0.8117449009293667,0.5602683401276616,0.0036455629509730136,0,0,0.0,0.0,0.0,0.0,0.0,0.0,0.0,0.0,19.0,987.3,1.5,4.5,69,0.0,362
2024-06-23 08:20:00,0,0.0,0.0,0.0,0,0,0.0,0,0,0.0,,0.0,0.0,0,0,0.0,0,0,0,0,0,0,0,0,0,0,0,0,0,0,0,0,0,0,0,0,0,0,0,0,0,0,0,0,0,0,0.9095760221444958,0.21321178182447692,0.10908425876598504,0.8117449009293667,0.5602683401276616,0.0036455629509730136,0,0,0.0,0.0,0.0,0.0,0.0,0.0,0.0,0.0,19.0,987.3,0.8,3.9,71,0.0,133
2024-06-23 08:25:00,0,0.0,0.0,0.0,0,0,0.0,0,0,0.0,,0.0,0.0,0,0,0.0,0,0,0,0,0,0,0,0,0,0,0,0,0,0,0,0,0,0,0,0,0,0,0,0,0,0,0,0,0,0,0.9032223021337413,0.20434517581820894,0.10908425876598504,0.8117449009293667,0.5602683401276616,0.0036455629509730136,0,0,0.0,0.0,0.0,0.0,0.0,0.0,0.0,0.0,19.0,987.3,0.8,3.9,71,0.0,133
2024-06-23 08:30:00,0,0.0,0.0,0.0,0,0,0.0,0,0,0.0,,0.0,0.0,0,0,0.0,0,0,0,0,0,0,0,0,0,0,0,0,0,0,0,0,0,0,0,0,0,0,0,0,0,0,0,0,0,0,0.8966766701456176,0.19561928549563967,0.10908425876598504,0.8117449009293667,0.5602683401276616,0.0036455629509730136,0,0,0.0,0.0,0.0,0.0,0.0,0.0,0.0,0.0,18.7,987.3,0.9,4.3,71,0.0,0
2024-06-23 08:35:00,0,0.0,0.0,0.0,0,0,0.0,0,0,0.0,,0.0,0.0,0,0,0.0,0,0,0,0,0,0,0,0,0,0,0,0,0,0,0,0,0,0,0,0,0,0,0,0,0,0,0,0,0,0,0.8899422415464409,0.18703826390797046,0.10908425876598504,0.8117449009293667,0.5602683401276616,0.0036455629509730136,0,0,0.0,0.0,0.0,0.0,0.0,0.0,0.0,0.0,18.7,987.3,0.9,4.3,71,0.0,0
2024-06-23 08:40:00,0,0.0,0.0,0.0,0,0,0.0,0,0,0.0,,0.0,0.0,0,0,0.0,0,0,0,0,0,0,0,0,0,0,0,0,0,0,0,0,0,0,0,0,0,0,0,0,0,0,0,0,0,0,0.883022221559489,0.17860619515673032,0.10908425876598504,0.8117449009293667,0.5602683401276616,0.0036455629509730136,0,0,0.0,0.0,0.0,0.0,0.0,0.0,0.0,0.0,18.8,987.3,0.7,2.8,73,0.0,0
2024-06-23 08:45:00,0,0.0,0.0,0.0,0,0,0.0,0,0,0.0,,0.0,0.0,0,0,0.0,0,0,0,0,0,0,0,0,0,0,0,0,0,0,0,0,0,0,0,0,0,0,0,0,0,0,0,0,0,0,0.8759199037394887,0.17032709244996558,0.10908425876598504,0.8117449009293667,0.5602683401276616,0.0036455629509730136,0,0,0.0,0.0,0.0,0.0,0.0,0.0,0.0,0.0,18.8,987.3,0.7,2.8,73,0.0,0
2024-06-23 08:50:00,0,0.0,0.0,0.0,0,0,0.0,0,0,0.0,,0.0,0.0,0,0,0.0,0,0,0,0,0,0,0,0,0,0,0,0,0,0,0,0,0,0,0,0,0,0,0,0,0,0,0,0,0,0,0.868638668405062,0.16220489619216988,0.10908425876598504,0.8117449009293667,0.5602683401276616,0.0036455629509730136,0,0,0.0,0.0,0.0,0.0,0.0,0.0,0.0,0.0,19.0,987.3,0.5,3.7,70,0.0,101
2024-06-23 08:55:00,0,0.0,0.0,0.0,0,0,0.0,0,0,0.0,,0.0,0.0,0,0,0.0,0,0,0,0,0,0,0,0,0,0,0,0,0,0,0,0,0,0,0,0,0,0,0,0,0,0,0,0,0,0,0.861181981029878,0.15424347210886552,0.10908425876598504,0.8117449009293667,0.5602683401276616,0.0036455629509730136,0,0,0.0,0.0,0.0,0.0,0.0,0.0,0.0,0.0,19.0,987.3,0.5,3.7,70,0.0,101
2024-06-23 09:00:00,0,0.0,0.0,0.0,0,0,0.0,0,0,0.0,,0.0,0.0,0,0,0.0,0,0,0,0,0,0,0,0,0,0,0,0,0,0,0,0,0,0,0,0,0,0,0,0,0,0,0,0,0,0,0.8535533905932737,0.14644660940672627,0.10908425876598504,0.8117449009293667,0.5602683401276616,0.0036455629509730136,0,0,0.0,0.0,0.0,0.0,0.0,0.0,0.0,0.0,19.6,987.0,0.7,3.5,69,0.0,333
2024-06-23 09:05:00,0,0.0,0.0,0.0,0,0,0.0,0,0,0.0,,0.0,0.0,0,0,0.0,0,0,0,0,0,0,0,0,0,0,0,0,0,0,0,0,0,0,0,0,0,0,0,0,0,0,0,0,0,0,0.8457565278911345,0.13881801897012208,0.10908425876598504,0.8117449009293667,0.5602683401276616,0.0036455629509730136,0,0,0.0,0.0,0.0,0.0,0.0,0.0,0.0,0.0,19.6,987.0,0.7,3.5,69,0.0,333
2024-06-23 09:10:00,0,0.0,0.0,0.0,0,0,0.0,0,0,0.0,,0.0,0.0,0,0,0.0,0,0,0,0,0,0,0,0,0,0,0,0,0,0,0,0,0,0,0,0,0,0,0,0,0,0,0,0,0,0,0.8377951038078302,0.131361331594938,0.10908425876598504,0.8117449009293667,0.5602683401276616,0.0036455629509730136,0,0,0.0,0.0,0.0,0.0,0.0,0.0,0.0,0.0,20.0,986.9,1.0,4.6,66,0.0,501
2024-06-23 09:15:00,0,0.0,0.0,0.0,0,0,0.0,0,0,0.0,,0.0,0.0,0,0,0.0,0,0,0,0,0,0,0,0,0,0,0,0,0,0,0,0,0,0,0,0,0,0,0,0,0,0,0,0,0,0,0.8296729075500344,0.12408009626051136,0.10908425876598504,0.8117449009293667,0.5602683401276616,0.0036455629509730136,0,0,0.0,0.0,0.0,0.0,0.0,0.0,0.0,0.0,20.0,986.9,1.0,4.6,66,0.0,501
2024-06-23 09:20:00,0,0.0,0.0,0.0,0,0,0.0,0,0,0.0,,0.0,0.0,0,0,0.0,0,0,0,0,0,0,0,0,0,0,0,0,0,0,0,0,0,0,0,0,0,0,0,0,0,0,0,0,0,0,0.8213938048432697,0.11697777844051105,0.10908425876598504,0.8117449009293667,0.5602683401276616,0.0036455629509730136,0,0,0.0,0.0,0.0,0.0,0.0,0.0,0.0,0.0,19.5,986.9,1.0,4.0,67,0.0,0
2024-06-23 09:25:00,0,0.0,0.0,0.0,0,0,0.0,0,0,0.0,,0.0,0.0,0,0,0.0,0,0,0,0,0,0,0,0,0,0,0,0,0,0,0,0,0,0,0,0,0,0,0,0,0,0,0,0,0,0,0.8129617360920296,0.1100577584535592,0.10908425876598504,0.8117449009293667,0.5602683401276616,0.0036455629509730136,0,0,0.0,0.0,0.0,0.0,0.0,0.0,0.0,0.0,19.5,986.9,1.0,4.0,67,0.0,0
2024-06-23 09:30:00,0,0.0,0.0,0.0,0,0,0.0,0,0,0.0,,0.0,0.0,0,0,0.0,0,0,0,0,0,0,0,0,0,0,0,0,0,0,0,0,0,0,0,0,0,0,0,0,0,0,0,0,0,0,0.8043807145043604,0.10332332985438247,0.10908425876598504,0.8117449009293667,0.5602683401276616,0.0036455629509730136,0,0,0.0,0.0,0.0,0.0,0.0,0.0,0.0,0.0,20.2,986.9,1.0,3.2,66,0.0,451
2024-06-23 09:35:00,0,0.0,0.0,0.0,0,0,0.0,0,0,0.0,,0.0,0.0,0,0,0.0,0,0,0,0,0,0,0,0,0,0,0,0,0,0,0,0,0,0,0,0,0,0,0,0,0,0,0,0,0,0,0.7956548241817911,0.09677769786625867,0.10908425876598504,0.8117449009293667,0.5602683401276616,0.0036455629509730136,0,0,0.0,0.0,0.0,0.0,0.0,0.0,0.0,0.0,20.2,986.9,1.0,3.2,66,0.0,451
2024-06-23 09:40:00,0,0.0,0.0,0.0,0,0,0.0,0,0,0.0,,0.0,0.0,0,0,0.0,0,0,0,0,0,0,0,0,0,0,0,0,0,0,0,0,0,0,0,0,0,0,0,0,0,0,0,0,0,0,0.7867882181755232,0.09042397785550421,0.10908425876598504,0.8117449009293667,0.5602683401276616,0.0036455629509730136,0,0,0.0,0.0,0.0,0.0,0.0,0.0,0.0,0.0,20.4,986.9,1.7,4.8,63,0.0,287
2024-06-23 09:45:00,0,0.0,0.0,0.0,0,0,0.0,0,0,0.0,,0.0,0.0,0,0,0.0,0,0,0,0,0,0,0,0,0,0,0,0,0,0,0,0,0,0,0,0,0,0,0,0,0,0,0,0,0,0,0.7777851165098011,0.08426519384872733,0.10908425876598504,0.8117449009293667,0.5602683401276616,0.0036455629509730136,0,0,0.0,0.0,0.0,0.0,0.0,0.0,0.0,0.0,20.4,986.9,1.7,4.8,63,0.0,287
2024-06-23 09:50:00,0,0.0,0.0,0.0,0,0,0.0,0,0,0.0,,0.0,0.0,0,0,0.0,0,0,0,0,0,0,0,0,0,0,0,0,0,0,0,0,0,0,0,0,0,0,0,0,0,0,0,0,0,0,0.7686498041734119,0.07830427709355714,0.10908425876598504,0.8117449009293667,0.5602683401276616,0.0036455629509730136,0,0,0.0,0.0,0.0,0.0,0.0,0.0,0.0,0.0,20.8,986.8,1.7,5.7,64,0.0,528
2024-06-23 09:55:00,0,0.0,0.0,0.0,0,0,0.0,0,0,0.0,,0.0,0.0,0,0,0.0,0,0,0,0,0,0,0,0,0,0,0,0,0,0,0,0,0,0,0,0,0,0,0,0,0,0,0,0,0,0,0.7593866290802609,0.07254406466352681,0.10908425876598504,0.8117449009293667,0.5602683401276616,0.0036455629509730136,0,0,0.0,0.0,0.0,0.0,0.0,0.0,0.0,0.0,20.8,986.8,1.7,5.7,64,0.0,528
2024-06-23 10:00:00,0,0.0,0.0,0.0,0,0,0.0,0,0,0.0,,0.0,0.0,0,0,0.0,0,0,0,0,0,0,0,0,0,0,0,0,0,0,0,0,0,0,0,0,0,0,0,0,0,0,0,0,0,0,0.75,0.06698729810778065,0.10908425876598504,0.8117449009293667,0.5602683401276616,0.0036455629509730136,0,0,0.0,0.0,0.0,0.0,0.0,0.0,0.0,0.0,21.2,986.8,2.0,4.9,61,0.0,600
2024-06-23 10:05:00,0,0.0,0.0,0.0,0,0,0.0,0,0,0.0,,0.0,0.0,0,0,0.0,0,0,0,0,0,0,0,0,0,0,0,0,0,0,0,0,0,0,0,0,0,0,0,0,0,0,0,0,0,0,0.7404943844596938,0.061636622146246156,0.10908425876598504,0.8117449009293667,0.5602683401276616,0.0036455629509730136,0,0,0.0,0.0,0.0,0.0,0.0,0.0,0.0,0.0,21.2,986.8,2.0,4.9,61,0.0,600
2024-06-23 10:10:00,0,0.0,0.0,0.0,0,0,0.0,0,0,0.0,,0.0,0.0,0,0,0.0,0,0,0,0,0,0,0,0,0,0,0,0,0,0,0,0,0,0,0,0,0,0,0,0,0,0,0,0,0,0,0.730874306617517,0.05649458341088914,0.10908425876598504,0.8117449009293667,0.5602683401276616,0.0036455629509730136,0,0,0.0,0.0,0.0,0.0,0.0,0.0,0.0,0.0,20.9,986.8,1.9,4.5,61,0.0,578
2024-06-23 10:15:00,0,0.0,0.0,0.0,0,0,0.0,0,0,0.0,,0.0,0.0,0,0,0.0,0,0,0,0,0,0,0,0,0,0,0,0,0,0,0,0,0,0,0,0,0,0,0,0,0,0,0,0,0,0,0.7211443451095007,0.05156362923365587,0.10908425876598504,0.8117449009293667,0.5602683401276616,0.0036455629509730136,0,0,0.0,0.0,0.0,0.0,0.0,0.0,0.0,0.0,20.9,986.8,1.9,4.5,61,0.0,578
2024-06-23 10:20:00,0,0.0,0.0,0.0,0,0,0.0,0,0,0.0,,0.0,0.0,0,0,0.0,0,0,0,0,0,0,0,0,0,0,0,0,0,0,0,0,0,0,0,0,0,0,0,0,0,0,0,0,0,0,0.7113091308703497,0.04684610648167503,0.10908425876598504,0.8117449009293667,0.5602683401276616,0.0036455629509730136,0,0,0.0,0.0,0.0,0.0,0.0,0.0,0.0,0.0,21.8,986.7,1.8,4.4,59,0.0,600
2024-06-23 10:25:00,0,0.0,0.0,0.0,0,0,0.0,0,0,0.0,,0.0,0.0,0,0,0.0,0,0,0,0,0,0,0,0,0,0,0,0,0,0,0,0,0,0,0,0,0,0,0,0,0,0,0,0,0,0,0.7013733449293689,0.04234426044027656,0.10908425876598504,0.8117449009293667,0.5602683401276616,0.0036455629509730136,0,0,0.0,0.0,0.0,0.0,0.0,0.0,0.0,0.0,21.8,986.7,1.8,4.4,59,0.0,600
2024-06-23 10:30:00,0,0.0,0.0,0.0,0,0,0.0,0,0,0.0,,0.0,0.0,0,0,0.0,0,0,0,0,0,0,0,0,0,0,0,0,0,0,0,0,0,0,0,0,0,0,0,0,0,0,0,0,0,0,0.6913417161825449,0.03806023374435663,0.10908425876598504,0.8117449009293667,0.5602683401276616,0.0036455629509730136,0,0,0.0,0.0,0.0,0.0,0.0,0.0,0.0,0.0,22.2,986.8,1.1,3.6,59,0.0,592
2024-06-23 10:35:00,0,0.0,0.0,0.0,0,0,0.0,0,0,0.0,,0.0,0.0,0,0,0.0,0,0,0,0,0,0,0,0,0,0,0,0,0,0,0,0,0,0,0,0,0,0,0,0,0,0,0,0,0,0,0.6812190191418507,0.03399606535860067,0.10908425876598504,0.8117449009293667,0.5602683401276616,0.0036455629509730136,0,0,0.0,0.0,0.0,0.0,0.0,0.0,0.0,0.0,22.2,986.8,1.1,3.6,59,0.0,592
2024-06-23 10:40:00,0,0.0,0.0,0.0,0,0,0.0,0,0,0.0,,0.0,0.0,0,0,0.0,0,0,0,0,0,0,0,0,0,0,0,0,0,0,0,0,0,0,0,0,0,0,0,0,0,0,0,0,0,0,0.6710100716628344,0.03015368960704584,0.10908425876598504,0.8117449009293667,0.5602683401276616,0.0036455629509730136,0,0,0.0,0.0,0.0,0.0,0.0,0.0,0.0,0.0,21.9,986.7,2.1,4.6,61,0.0,600
2024-06-23 10:45:00,0,0.0,0.0,0.0,0,0,0.0,0,0,0.0,,0.0,0.0,0,0,0.0,0,0,0,0,0,0,0,0,0,0,0,0,0,0,0,0,0,0,0,0,0,0,0,0,0,0,0,0,0,0,0.6607197326515809,0.02653493525244721,0.10908425876598504,0.8117449009293667,0.5602683401276616,0.0036455629509730136,0,0,0.0,0.0,0.0,0.0,0.0,0.0,0.0,0.0,21.9,986.7,2.1,4.6,61,0.0,600
2024-06-23 10:50:00,0,0.0,0.0,0.0,0,0,0.0,0,0,0.0,,0.0,0.0,0,0,0.0,0,0,0,0,0,0,0,0,0,0,0,0,0,0,0,0,0,0,0,0,0,0,0,0,0,0,0,0,0,0,0.6503528997521366,0.02314152462588659,0.10908425876598504,0.8117449009293667,0.5602683401276616,0.0036455629509730136,0,0,0.0,0.0,0.0,0.0,0.0,0.0,0.0,0.0,22.3,986.8,1.1,4.4,58,0.0,433
2024-06-23 10:55:00,0,0.0,0.0,0.0,0,0,0.0,0,0,0.0,,0.0,0.0,0,0,0.0,0,0,0,0,0,0,0,0,0,0,0,0,0,0,0,0,0,0,0,0,0,0,0,0,0,0,0,0,0,0,0.6399145070154961,0.0199750728070357,0.10908425876598504,0.8117449009293667,0.5602683401276616,0.0036455629509730136,0,0,0.0,0.0,0.0,0.0,0.0,0.0,0.0,0.0,22.3,986.8,1.1,4.4,58,0.0,433
2024-06-23 11:00:00,0,0.0,0.0,0.0,0,0,0.0,0,0,0.0,,0.0,0.0,0,0,0.0,0,0,0,0,0,0,0,0,0,0,0,0,0,0,0,0,0,0,0,0,0,0,0,0,0,0,0,0,0,0,0.6294095225512605,0.0170370868554659,0.10908425876598504,0.8117449009293667,0.5602683401276616,0.0036455629509730136,0,0,0.0,0.0,0.0,0.0,0.0,0.0,0.0,0.0,22.5,986.7,2.0,4.3,60,0.0,426
2024-06-23 11:05:00,0,0.0,0.0,0.0,0,0,0.0,0,0,0.0,,0.0,0.0,0,0,0.0,0,0,0,0,0,0,0,0,0,0,0,0,0,0,0,0,0,0,0,0,0,0,0,0,0,0,0,0,0,0,0.6188429461630864,0.014328965093369284,0.10908425876598504,0.8117449009293667,0.5602683401276616,0.0036455629509730136,0,0,0.0,0.0,0.0,0.0,0.0,0.0,0.0,0.0,22.5,986.7,2.0,4.3,60,0.0,426
2024-06-23 11:10:00,0,0.0,0.0,0.0,0,0,0.0,0,0,0.0,,0.0,0.0,0,0,0.0,0,0,0,0,0,0,0,0,0,0,0,0,0,0,0,0,0,0,0,0,0,0,0,0,0,0,0,0,0,0,0.6082198069690516,0.011851996440033374,0.10908425876598504,0.8117449009293667,0.5602683401276616,0.0036455629509730136,0,0,0.0,0.0,0.0,0.0,0.0,0.0,0.0,0.0,22.3,986.6,1.0,3.6,59,0.0,164
2024-06-23 11:15:00,0,0.0,0.0,0.0,0,0,0.0,0,0,0.0,,0.0,0.0,0,0,0.0,0,0,0,0,0,0,0,0,0,0,0,0,0,0,0,0,0,0,0,0,0,0,0,0,0,0,0,0,0,0,0.5975451610080643,0.009607359798384785,0.10908425876598504,0.8117449009293667,0.5602683401276616,0.0036455629509730136,0,0,0.0,0.0,0.0,0.0,0.0,0.0,0.0,0.0,22.3,986.6,1.0,3.6,59,0.0,164
2024-06-23 11:20:00,0,0.0,0.0,0.0,0,0,0.0,0,0,0.0,,0.0,0.0,0,0,0.0,0,0,0,0,0,0,0,0,0,0,0,0,0,0,0,0,0,0,0,0,0,0,0,0,0,0,0,0,0,0,0.5868240888334652,0.00759612349389599,0.10908425876598504,0.8117449009293667,0.5602683401276616,0.0036455629509730136,0,0,0.0,0.0,0.0,0.0,0.0,0.0,0.0,0.0,22.3,986.7,0.8,3.8,61,0.0,99
2024-06-23 11:25:00,0,0.0,0.0,0.0,0,0,0.0,0,0,0.0,,0.0,0.0,0,0,0.0,0,0,0,0,0,0,0,0,0,0,0,0,0,0,0,0,0,0,0,0,0,0,0,0,0,0,0,0,0,0,0.5760616930949586,0.005819244766119669,0.10908425876598504,0.8117449009293667,0.5602683401276616,0.0036455629509730136,0,0,0.0,0.0,0.0,0.0,0.0,0.0,0.0,0.0,22.3,986.7,0.8,3.8,61,0.0,99
2024-06-23 11:30:00,0,0.0,0.0,0.0,0,0,0.0,0,0,0.0,,0.0,0.0,0,0,0.0,0,0,0,0,0,0,0,0,0,0,0,0,0,0,0,0,0,0,0,0,0,0,0,0,0,0,0,0,0,0,0.5652630961100258,0.004277569313094809,0.10908425876598504,0.8117449009293667,0.5602683401276616,0.0036455629509730136,0,0,0.0,0.0,0.0,0.0,0.0,0.0,0.0,0.0,22.0,986.7,1.8,5.1,60,0.0,431
2024-06-23 11:35:00,0,0.0,0.0,0.0,0,0,0.0,0,0,0.0,,0.0,0.0,0,0,0.0,0,0,0,0,0,0,0,0,0,0,0,0,0,0,0,0,0,0,0,0,0,0,0,0,0,0,0,0,0,0,0.5544334374259823,0.0029718308888401768,0.10908425876598504,0.8117449009293667,0.5602683401276616,0.0036455629509730136,0,0,0.0,0.0,0.0,0.0,0.0,0.0,0.0,0.0,22.0,986.7,1.8,5.1,60,0.0,431
2024-06-23 11:40:00,0,0.0,0.0,0.0,0,0,0.0,0,0,0.0,,0.0,0.0,0,0,0.0,0,0,0,0,0,0,0,0,0,0,0,0,0,0,0,0,0,0,0,0,0,0,0,0,0,0,0,0,0,0,0.5435778713738291,0.0019026509541272274,0.10908425876598504,0.8117449009293667,0.5602683401276616,0.0036455629509730136,0,0,0.0,0.0,0.0,0.0,0.0,0.0,0.0,0.0,22.2,986.8,1.9,5.8,60,0.0,435
2024-06-23 11:45:00,0,0.0,0.0,0.0,0,0,0.0,0,0,0.0,,0.0,0.0,0,0,0.0,0,0,0,0,0,0,0,0,0,0,0,0,0,0,0,0,0,0,0,0,0,0,0,0,0,0,0,0,0,0,0.5327015646150716,0.0010705383806982605,0.10908425876598504,0.8117449009293667,0.5602683401276616,0.0036455629509730136,0,0,0.0,0.0,0.0,0.0,0.0,0.0,0.0,0.0,22.2,986.8,1.9,5.8,60,0.0,435
2024-06-23 11:50:00,0,0.0,0.0,0.0,0,0,0.0,0,0,0.0,,0.0,0.0,0,0,0.0,0,0,0,0,0,0,0,0,0,0,0,0,0,0,0,0,0,0,0,0,0,0,0,0,0,0,0,0,0,0,0.521809693682668,0.0004758892090711009,0.10908425876598504,0.8117449009293667,0.5602683401276616,0.0036455629509730136,0,0,0.0,0.0,0.0,0.0,0.0,0.0,0.0,0.0,21.9,986.7,1.8,4.7,60,0.0,13
2024-06-23 11:55:00,0,0.0,0.0,0.0,0,0,0.0,0,0,0.0,,0.0,0.0,0,0,0.0,0,0,0,0,0,0,0,0,0,0,0,0,0,0,0,0,0,0,0,0,0,0,0,0,0,0,0,0,0,0,0.5109074425172808,0.00011898646004543378,0.10908425876598504,0.8117449009293667,0.5602683401276616,0.0036455629509730136,0,0,0.0,0.0,0.0,0.0,0.0,0.0,0.0,0.0,21.9,986.7,1.8,4.7,60,0.0,13
2024-06-23 12:00:00,0,0.0,0.0,0.0,0,0,0.0,0,0,0.0,,0.0,0.0,0,0,0.0,0,0,0,0,0,0,0,0,0,0,0,0,0,0,0,0,0,0,0,0,0,0,0,0,0,0,0,0,0,0,0.5000000000000001,0.0,0.10908425876598504,0.8117449009293667,0.5602683401276616,0.0036455629509730136,0,0,0.0,0.0,0.0,0.0,0.0,0.0,0.0,0.0,21.6,986.6,1.4,4.8,60,0.0,0
2024-06-23 12:05:00,0,0.0,0.0,0.0,0,0,0.0,0,0,0.0,,0.0,0.0,0,0,0.0,0,0,0,0,0,0,0,0,0,0,0,0,0,0,0,0,0,0,0,0,0,0,0,0,0,0,0,0,0,0,0.4890925574827195,0.00011898646004543378,0.10908425876598504,0.8117449009293667,0.5602683401276616,0.0036455629509730136,0,0,0.0,0.0,0.0,0.0,0.0,0.0,0.0,0.0,21.6,986.6,1.4,4.8,60,0.0,0
2024-06-23 12:10:00,0,0.0,0.0,0.0,0,0,0.0,0,0,0.0,,0.0,0.0,0,0,0.0,0,0,0,0,0,0,0,0,0,0,0,0,0,0,0,0,0,0,0,0,0,0,0,0,0,0,0,0,0,0,0.47819030631733206,0.0004758892090711009,0.10908425876598504,0.8117449009293667,0.5602683401276616,0.0036455629509730136,0,0,0.0,0.0,0.0,0.0,0.0,0.0,0.0,0.0,21.8,986.5,1.3,6.0,60,0.0,0
2024-06-23 12:15:00,0,0.0,0.0,0.0,0,0,0.0,0,0,0.0,,0.0,0.0,0,0,0.0,0,0,0,0,0,0,0,0,0,0,0,0,0,0,0,0,0,0,0,0,0,0,0,0,0,0,0,0,0,0,0.46729843538492855,0.0010705383806982605,0.10908425876598504,0.8117449009293667,0.5602683401276616,0.0036455629509730136,0,0,0.0,0.0,0.0,0.0,0.0,0.0,0.0,0.0,21.8,986.5,1.3,6.0,60,0.0,0
2024-06-23 12:20:00,0,0.0,0.0,0.0,0,0,0.0,0,0,0.0,,0.0,0.0,0,0,0.0,0,0,0,0,0,0,0,0,0,0,0,0,0,0,0,0,0,0,0,0,0,0,0,0,0,0,0,0,0,0,0.4564221286261708,0.0019026509541272274,0.10908425876598504,0.8117449009293667,0.5602683401276616,0.0036455629509730136,0,0,0.0,0.0,0.0,0.0,0.0,0.0,0.0,0.0,22.3,986.5,1.8,5.3,60,0.0,16
2024-06-23 12:25:00,0,0.0,0.0,0.0,0,0,0.0,0,0,0.0,,0.0,0.0,0,0,0.0,0,0,0,0,0,0,0,0,0,0,0,0,0,0,0,0,0,0,0,0,0,0,0,0,0,0,0,0,0,0,0.44556656257401805,0.0029718308888401768,0.10908425876598504,0.8117449009293667,0.5602683401276616,0.0036455629509730136,0,0,0.0,0.0,0.0,0.0,0.0,0.0,0.0,0.0,22.3,986.5,1.8,5.3,60,0.0,16
2024-06-23 12:30:00,0,0.0,0.0,0.0,0,0,0.0,0,0,0.0,,0.0,0.0,0,0,0.0,0,0,0,0,0,0,0,0,0,0,0,0,0,0,0,0,0,0,0,0,0,0,0,0,0,0,0,0,0,0,0.4347369038899741,0.004277569313094809,0.10908425876598504,0.8117449009293667,0.5602683401276616,0.0036455629509730136,0,0,0.0,0.0,0.0,0.0,0.0,0.0,0.0,0.0,22.4,986.5,1.3,5.1,58,0.0,157
2024-06-23 12:35:00,0,0.0,0.0,0.0,0,0,0.0,0,0,0.0,,0.0,0.0,0,0,0.0,0,0,0,0,0,0,0,0,0,0,0,0,0,0,0,0,0,0,0,0,0,0,0,0,0,0,0,0,0,0,0.4239383069050416,0.005819244766119669,0.10908425876598504,0.8117449009293667,0.5602683401276616,0.0036455629509730136,0,0,0.0,0.0,0.0,0.0,0.0,0.0,0.0,0.0,22.4,986.5,1.3,5.1,58,0.0,157
2024-06-23 12:40:00,0,0.0,0.0,0.0,0,0,0.0,0,0,0.0,,0.0,0.0,0,0,0.0,0,0,0,0,0,0,0,0,0,0,0,0,0,0,0,0,0,0,0,0,0,0,0,0,0,0,0,0,0,0,0.41317591116653474,0.00759612349389599,0.10908425876598504,0.8117449009293667,0.5602683401276616,0.0036455629509730136,0,0,0.0,0.0,0.0,0.0,0.0,0.0,0.0,0.0,22.8,986.4,0.9,4.3,57,0.0,352
2024-06-23 12:45:00,0,0.0,0.0,0.0,0,0,0.0,0,0,0.0,,0.0,0.0,0,0,0.0,0,0,0,0,0,0,0,0,0,0,0,0,0,0,0,0,0,0,0,0,0,0,0,0,0,0,0,0,0,0,0.4024548389919358,0.009607359798384785,0.10908425876598504,0.8117449009293667,0.5602683401276616,0.0036455629509730136,0,0,0.0,0.0,0.0,0.0,0.0,0.0,0.0,0.0,22.8,986.4,0.9,4.3,57,0.0,352
2024-06-23 12:50:00,0,0.0,0.0,0.0,0,0,0.0,0,0,0.0,,0.0,0.0,0,0,0.0,0,0,0,0,0,0,0,0,0,0,0,0,0,0,0,0,0,0,0,0,0,0,0,0,0,0,0,0,0,0,0.39178019303094874,0.011851996440033263,0.10908425876598504,0.8117449009293667,0.5602683401276616,0.0036455629509730136,0,0,0.0,0.0,0.0,0.0,0.0,0.0,0.0,0.0,23.3,986.3,1.3,4.0,54,0.0,332
2024-06-23 12:55:00,0,0.0,0.0,0.0,0,0,0.0,0,0,0.0,,0.0,0.0,0,0,0.0,0,0,0,0,0,0,0,0,0,0,0,0,0,0,0,0,0,0,0,0,0,0,0,0,0,0,0,0,0,0,0.3811570538369137,0.014328965093369228,0.10908425876598504,0.8117449009293667,0.5602683401276616,0.0036455629509730136,0,0,0.0,0.0,0.0,0.0,0.0,0.0,0.0,0.0,23.3,986.3,1.3,4.0,54,0.0,332
2024-06-23 13:00:00,0,0.0,0.0,0.0,0,0,0.0,0,0,0.0,,0.0,0.0,0,0,0.0,0,0,0,0,0,0,0,0,0,0,0,0,0,0,0,0,0,0,0,0,0,0,0,0,0,0,0,0,0,0,0.37059047744873985,0.01703708685546579,0.10908425876598504,0.8117449009293667,0.5602683401276616,0.0036455629509730136,0,0,0.0,0.0,0.0,0.0,0.0,0.0,0.0,0.0,23.2,986.2,1.5,4.4,56,0.0,504
2024-06-23 13:05:00,0,0.0,0.0,0.0,0,0,0.0,0,0,0.0,,0.0,0.0,0,0,0.0,0,0,0,0,0,0,0,0,0,0,0,0,0,0,0,0,0,0,0,0,0,0,0,0,0,0,0,0,0,0,0.36008549298450376,0.0199750728070357,0.10908425876598504,0.8117449009293667,0.5602683401276616,0.0036455629509730136,0,0,0.0,0.0,0.0,0.0,0.0,0.0,0.0,0.0,23.2,986.2,1.5,4.4,56,0.0,504
2024-06-23 13:10:00,0,0.0,0.0,0.0,0,0,0.0,0,0,0.0,,0.0,0.0,0,0,0.0,0,0,0,0,0,0,0,0,0,0,0,0,0,0,0,0,0,0,0,0,0,0,0,0,0,0,0,0,0,0,0.34964710024786366,0.023141524625886478,0.10908425876598504,0.8117449009293667,0.5602683401276616,0.0036455629509730136,0,0,0.0,0.0,0.0,0.0,0.0,0.0,0.0,0.0,23.4,986.3,1.4,4.4,55,0.0,518
2024-06-23 13:15:00,0,0.0,0.0,0.0,0,0,0.0,0,0,0.0,,0.0,0.0,0,0,0.0,0,0,0,0,0,0,0,0,0,0,0,0,0,0,0,0,0,0,0,0,0,0,0,0,0,0,0,0,0,0,0.3392802673484192,0.026534935252447156,0.10908425876598504,0.8117449009293667,0.5602683401276616,0.0036455629509730136,0,0,0.0,0.0,0.0,0.0,0.0,0.0,0.0,0.0,23.4,986.3,1.4,4.4,55,0.0,518
2024-06-23 13:20:00,0,0.0,0.0,0.0,0,0,0.0,0,0,0.0,,0.0,0.0,0,0,0.0,0,0,0,0,0,0,0,0,0,0,0,0,0,0,0,0,0,0,0,0,0,0,0,0,0,0,0,0,0,0,0.32898992833716567,0.030153689607045786,0.10908425876598504,0.8117449009293667,0.5602683401276616,0.0036455629509730136,0,0,0.0,0.0,0.0,0.0,0.0,0.0,0.0,0.0,23.3,986.3,1.8,5.4,55,0.0,599
2024-06-23 13:25:00,0,0.0,0.0,0.0,0,0,0.0,0,0,0.0,,0.0,0.0,0,0,0.0,0,0,0,0,0,0,0,0,0,0,0,0,0,0,0,0,0,0,0,0,0,0,0,0,0,0,0,0,0,0,0.3187809808581492,0.033996065358600724,0.10908425876598504,0.8117449009293667,0.5602683401276616,0.0036455629509730136,0,0,0.0,0.0,0.0,0.0,0.0,0.0,0.0,0.0,23.3,986.3,1.8,5.4,55,0.0,599
2024-06-23 13:30:00,0,0.0,0.0,0.0,0,0,0.0,0,0,0.0,,0.0,0.0,0,0,0.0,0,0,0,0,0,0,0,0,0,0,0,0,0,0,0,0,0,0,0,0,0,0,0,0,0,0,0,0,0,0,0.3086582838174552,0.038060233744356575,0.10908425876598504,0.8117449009293667,0.5602683401276616,0.0036455629509730136,0,0,0.0,0.0,0.0,0.0,0.0,0.0,0.0,0.0,23.7,986.3,1.7,4.7,54,0.0,600
2024-06-23 13:35:00,0,0.0,0.0,0.0,0,0,0.0,0,0,0.0,,0.0,0.0,0,0,0.0,0,0,0,0,0,0,0,0,0,0,0,0,0,0,0,0,0,0,0,0,0,0,0,0,0,0,0,0,0,0,0.29862665507063146,0.04234426044027639,0.10908425876598504,0.8117449009293667,0.5602683401276616,0.0036455629509730136,0,0,0.0,0.0,0.0,0.0,0.0,0.0,0.0,0.0,23.7,986.3,1.7,4.7,54,0.0,600
2024-06-23 13:40:00,0,0.0,0.0,0.0,0,0,0.0,0,0,0.0,,0.0,0.0,0,0,0.0,0,0,0,0,0,0,0,0,0,0,0,0,0,0,0,0,0,0,0,0,0,0,0,0,0,0,0,0,0,0,0.28869086912965036,0.046846106481674976,0.10908425876598504,0.8117449009293667,0.5602683401276616,0.0036455629509730136,0,0,0.0,0.0,0.0,0.0,0.0,0.0,0.0,0.0,23.6,986.3,1.5,4.9,53,0.0,600
2024-06-23 13:45:00,0,0.0,0.0,0.0,0,0,0.0,0,0,0.0,,0.0,0.0,0,0,0.0,0,0,0,0,0,0,0,0,0,0,0,0,0,0,0,0,0,0,0,0,0,0,0,0,0,0,0,0,0,0,0.27885565489049946,0.05156362923365582,0.10908425876598504,0.8117449009293667,0.5602683401276616,0.0036455629509730136,0,0,0.0,0.0,0.0,0.0,0.0,0.0,0.0,0.0,23.6,986.3,1.5,4.9,53,0.0,600
2024-06-23 13:50:00,0,0.0,0.0,0.0,0,0,0.0,0,0,0.0,,0.0,0.0,0,0,0.0,0,0,0,0,0,0,0,0,0,0,0,0,0,0,0,0,0,0,0,0,0,0,0,0,0,0,0,0,0,0,0.26912569338248293,0.0564945834108892,0.10908425876598504,0.8117449009293667,0.5602683401276616,0.0036455629509730136,0,0,0.0,0.0,0.0,0.0,0.0,0.0,0.0,0.0,23.2,986.2,1.6,4.2,55,0.0,420
2024-06-23 13:55:00,0,0.0,0.0,0.0,0,0,0.0,0,0,0.0,,0.0,0.0,0,0,0.0,0,0,0,0,0,0,0,0,0,0,0,0,0,0,0,0,0,0,0,0,0,0,0,0,0,0,0,0,0,0,0.2595056155403065,0.06163662214624599,0.10908425876598504,0.8117449009293667,0.5602683401276616,0.0036455629509730136,0,0,0.0,0.0,0.0,0.0,0.0,0.0,0.0,0.0,23.2,986.2,1.6,4.2,55,0.0,420
2024-06-23 14:00:00,0,0.0,0.0,0.0,0,0,0.0,0,0,0.0,,0.0,0.0,0,0,0.0,0,0,0,0,0,0,0,0,0,0,0,0,0,0,0,0,0,0,0,0,0,0,0,0,0,0,0,0,0,0,0.24999999999999994,0.0669872981077807,0.10908425876598504,0.8117449009293667,0.5602683401276616,0.0036455629509730136,0,0,0.0,0.0,0.0,0.0,0.0,0.0,0.0,0.0,23.3,986.2,1.7,4.4,57,0.0,34
2024-06-23 14:05:00,0,0.0,0.0,0.0,0,0,0.0,0,0,0.0,,0.0,0.0,0,0,0.0,0,0,0,0,0,0,0,0,0,0,0,0,0,0,0,0,0,0,0,0,0,0,0,0,0,0,0,0,0,0,0.24061337091973922,0.07254406466352675,0.10908425876598504,0.8117449009293667,0.5602683401276616,0.0036455629509730136,0,0,0.0,0.0,0.0,0.0,0.0,0.0,0.0,0.0,23.3,986.2,1.7,4.4,57,0.0,34
2024-06-23 14:10:00,0,0.0,0.0,0.0,0,0,0.0,0,0,0.0,,0.0,0.0,0,0,0.0,0,0,0,0,0,0,0,0,0,0,0,0,0,0,0,0,0,0,0,0,0,0,0,0,0,0,0,0,0,0,0.23135019582658806,0.0783042770935572,0.10908425876598504,0.8117449009293667,0.5602683401276616,0.0036455629509730136,0,0,0.0,0.0,0.0,0.0,0.0,0.0,0.0,0.0,23.1,986.2,1.2,4.0,57,0.0,0
2024-06-23 14:15:00,0,0.0,0.0,0.0,0,0,0.0,0,0,0.0,,0.0,0.0,0,0,0.0,0,0,0,0,0,0,0,0,0,0,0,0,0,0,0,0,0,0,0,0,0,0,0,0,0,0,0,0,0,0,0.22221488349019902,0.08426519384872727,0.10908425876598504,0.8117449009293667,0.5602683401276616,0.0036455629509730136,0,0,0.0,0.0,0.0,0.0,0.0,0.0,0.0,0.0,23.1,986.2,1.2,4.0,57,0.0,0
2024-06-23 14:20:00,0,0.0,0.0,0.0,0,0,0.0,0,0,0.0,,0.0,0.0,0,0,0.0,0,0,0,0,0,0,0,0,0,0,0,0,0,0,0,0,0,0,0,0,0,0,0,0,0,0,0,0,0,0,0.2132117818244771,0.09042397785550399,0.10908425876598504,0.8117449009293667,0.5602683401276616,0.0036455629509730136,0,0,0.0,0.0,0.0,0.0,0.0,0.0,0.0,0.0,23.0,986.0,0.8,3.9,57,0.0,0
2024-06-23 14:25:00,0,0.0,0.0,0.0,0,0,0.0,0,0,0.0,,0.0,0.0,0,0,0.0,0,0,0,0,0,0,0,0,0,0,0,0,0,0,0,0,0,0,0,0,0,0,0,0,0,0,0,0,0,0,0.204345175818209,0.09677769786625862,0.10908425876598504,0.8117449009293667,0.5602683401276616,0.0036455629509730136,0,0,0.0,0.0,0.0,0.0,0.0,0.0,0.0,0.0,23.0,986.0,0.8,3.9,57,0.0,0
2024-06-23 14:30:00,0,0.0,0.0,0.0,0,0,0.0,0,0,0.0,,0.0,0.0,0,0,0.0,0,0,0,0,0,0,0,0,0,0,0,0,0,0,0,0,0,0,0,0,0,0,0,0,0,0,0,0,0,0,0.19561928549563984,0.1033233298543823,0.10908425876598504,0.8117449009293667,0.5602683401276616,0.0036455629509730136,0,0,0.0,0.0,0.0,0.0,0.0,0.0,0.0,0.0,22.9,985.9,1.2,3.5,58,0.0,0
2024-06-23 14:35:00,0,0.0,0.0,0.0,0,0,0.0,0,0,0.0,,0.0,0.0,0,0,0.0,0,0,0,0,0,0,0,0,0,0,0,0,0,0,0,0,0,0,0,0,0,0,0,0,0,0,0,0,0,0,0.1870382639079703,0.11005775845355925,0.10908425876598504,0.8117449009293667,0.5602683401276616,0.0036455629509730136,0,0,0.0,0.0,0.0,0.0,0.0,0.0,0.0,0.0,22.9,985.9,1.2,3.5,58,0.0,0
2024-06-23 14:40:00,0,0.0,0.0,0.0,0,0,0.0,0,0,0.0,,0.0,0.0,0,0,0.0,0,0,0,0,0,0,0,0,0,0,0,0,0,0,0,0,0,0,0,0,0,0,0,0,0,0,0,0,0,0,0.17860619515673054,0.11697777844051083,0.10908425876598504,0.8117449009293667,0.5602683401276616,0.0036455629509730136,0,0,0.0,0.0,0.0,0.0,0.0,0.0,0.0,0.0,22.9,985.9,1.0,3.3,58,0.0,0
2024-06-23 14:45:00,0,0.0,0.0,0.0,0,0,0.0,0,0,0.0,,0.0,0.0,0,0,0.0,0,0,0,0,0,0,0,0,0,0,0,0,0,0,0,0,0,0,0,0,0,0,0,0,0,0,0,0,0,0,0.17032709244996558,0.12408009626051125,0.10908425876598504,0.8117449009293667,0.5602683401276616,0.0036455629509730136,0,0,0.0,0.0,0.0,0.0,0.0,0.0,0.0,0.0,22.9,985.9,1.0,3.3,58,0.0,0
2024-06-23 14:50:00,0,0.0,0.0,0.0,0,0,0.0,0,0,0.0,,0.0,0.0,0,0,0.0,0,0,0,0,0,0,0,0,0,0,0,0,0,0,0,0,0,0,0,0,0,0,0,0,0,0,0,0,0,0,0.16220489619216993,0.13136133159493796,0.10908425876598504,0.8117449009293667,0.5602683401276616,0.0036455629509730136,0,0,0.0,0.0,0.0,0.0,0.0,0.0,0.0,0.0,23.2,985.8,1.0,3.1,57,0.0,0
2024-06-23 14:55:00,0,0.0,0.0,0.0,0,0,0.0,0,0,0.0,,0.0,0.0,0,0,0.0,0,0,0,0,0,0,0,0,0,0,0,0,0,0,0,0,0,0,0,0,0,0,0,0,0,0,0,0,0,0,0.15424347210886535,0.1388180189701222,0.10908425876598504,0.8117449009293667,0.5602683401276616,0.0036455629509730136,0,0,0.0,0.0,0.0,0.0,0.0,0.0,0.0,0.0,23.2,985.8,1.0,3.1,57,0.0,0
2024-06-23 15:00:00,0,0.0,0.0,0.0,0,0,0.0,0,0,0.0,,0.0,0.0,0,0,0.0,0,0,0,0,0,0,0,0,0,0,0,0,0,0,0,0,0,0,0,0,0,0,0,0,0,0,0,0,0,0,0.14644660940672627,0.14644660940672616,0.10908425876598504,0.8117449009293667,0.5602683401276616,0.0036455629509730136,0,0,0.0,0.0,0.0,0.0,0.0,0.0,0.0,0.0,23.2,985.8,0.9,2.9,57,0.0,0
2024-06-23 15:05:00,0,0.0,0.0,0.0,0,0,0.0,0,0,0.0,,0.0,0.0,0,0,0.0,0,0,0,0,0,0,0,0,0,0,0,0,0,0,0,0,0,0,0,0,0,0,0,0,0,0,0,0,0,0,0.13881801897012225,0.15424347210886524,0.10908425876598504,0.8117449009293667,0.5602683401276616,0.0036455629509730136,0,0,0.0,0.0,0.0,0.0,0.0,0.0,0.0,0.0,23.2,985.8,0.9,2.9,57,0.0,0
2024-06-23 15:10:00,0,0.0,0.0,0.0,0,0,0.0,0,0,0.0,,0.0,0.0,0,0,0.0,0,0,0,0,0,0,0,0,0,0,0,0,0,0,0,0,0,0,0,0,0,0,0,0,0,0,0,0,0,0,0.13136133159493807,0.16220489619216982,0.10908425876598504,0.8117449009293667,0.5602683401276616,0.0036455629509730136,0,0,0.0,0.0,0.0,0.0,0.0,0.0,0.0,0.0,23.2,985.8,0.7,2.9,58,0.0,0
2024-06-23 15:15:00,0,0.0,0.0,0.0,0,0,0.0,0,0,0.0,,0.0,0.0,0,0,0.0,0,0,0,0,0,0,0,0,0,0,0,0,0,0,0,0,0,0,0,0,0,0,0,0,0,0,0,0,0,0,0.12408009626051136,0.17032709244996547,0.10908425876598504,0.8117449009293667,0.5602683401276616,0.0036455629509730136,0,0,0.0,0.0,0.0,0.0,0.0,0.0,0.0,0.0,23.2,985.8,0.7,2.9,58,0.0,0
2024-06-23 15:20:00,0,0.0,0.0,0.0,0,0,0.0,0,0,0.0,,0.0,0.0,0,0,0.0,0,0,0,0,0,0,0,0,0,0,0,0,0,0,0,0,0,0,0,0,0,0,0,0,0,0,0,0,0,0,0.11697777844051077,0.1786061951567306,0.10908425876598504,0.8117449009293667,0.5602683401276616,0.0036455629509730136,0,0,0.0,0.0,0.0,0.0,0.0,0.0,0.0,0.0,23.1,985.8,1.0,3.6,57,0.0,0
2024-06-23 15:25:00,0,0.0,0.0,0.0,0,0,0.0,0,0,0.0,,0.0,0.0,0,0,0.0,0,0,0,0,0,0,0,0,0,0,0,0,0,0,0,0,0,0,0,0,0,0,0,0,0,0,0,0,0,0,0.1100577584535593,0.18703826390797018,0.10908425876598504,0.8117449009293667,0.5602683401276616,0.0036455629509730136,0,0,0.0,0.0,0.0,0.0,0.0,0.0,0.0,0.0,23.1,985.8,1.0,3.6,57,0.0,0
2024-06-23 15:30:00,0,0.0,0.0,0.0,0,0,0.0,0,0,0.0,,0.0,0.0,0,0,0.0,0,0,0,0,0,0,0,0,0,0,0,0,0,0,0,0,0,0,0,0,0,0,0,0,0,0,0,0,0,0,0.10332332985438253,0.19561928549563956,0.10908425876598504,0.8117449009293667,0.5602683401276616,0.0036455629509730136,0,0,0.0,0.0,0.0,0.0,0.0,0.0,0.0,0.0,23.2,985.8,0.8,3.2,58,0.0,0
2024-06-23 15:35:00,0,0.0,0.0,0.0,0,0,0.0,0,0,0.0,,0.0,0.0,0,0,0.0,0,0,0,0,0,0,0,0,0,0,0,0,0,0,0,0,0,0,0,0,0,0,0,0,0,0,0,0,0,0,0.09677769786625867,0.20434517581820888,0.10908425876598504,0.8117449009293667,0.5602683401276616,0.0036455629509730136,0,0,0.0,0.0,0.0,0.0,0.0,0.0,0.0,0.0,23.2,985.8,0.8,3.2,58,0.0,0
2024-06-23 15:40:00,0,0.0,0.0,0.0,0,0,0.0,0,0,0.0,,0.0,0.0,0,0,0.0,0,0,0,0,0,0,0,0,0,0,0,0,0,0,0,0,0,0,0,0,0,0,0,0,0,0,0,0,0,0,0.09042397785550421,0.2132117818244768,0.10908425876598504,0.8117449009293667,0.5602683401276616,0.0036455629509730136,0,0,0.0,0.0,0.0,0.0,0.0,0.0,0.0,0.0,23.1,985.8,1.1,2.9,59,0.0,0
2024-06-23 15:45:00,0,0.0,0.0,0.0,0,0,0.0,0,0,0.0,,0.0,0.0,0,0,0.0,0,0,0,0,0,0,0,0,0,0,0,0,0,0,0,0,0,0,0,0,0,0,0,0,0,0,0,0,0,0,0.08426519384872738,0.2222148834901989,0.10908425876598504,0.8117449009293667,0.5602683401276616,0.0036455629509730136,0,0,0.0,0.0,0.0,0.0,0.0,0.0,0.0,0.0,23.1,985.8,1.1,2.9,59,0.0,0
2024-06-23 15:50:00,0,0.0,0.0,0.0,0,0,0.0,0,0,0.0,,0.0,0.0,0,0,0.0,0,0,0,0,0,0,0,0,0,0,0,0,0,0,0,0,0,0,0,0,0,0,0,0,0,0,0,0,0,0,0.07830427709355725,0.2313501958265879,0.10908425876598504,0.8117449009293667,0.5602683401276616,0.0036455629509730136,0,0,0.0,0.0,0.0,0.0,0.0,0.0,0.0,0.0,23.1,985.8,0.4,1.8,61,0.0,0
2024-06-23 15:55:00,0,0.0,0.0,0.0,0,0,0.0,0,0,0.0,,0.0,0.0,0,0,0.0,0,0,0,0,0,0,0,0,0,0,0,0,0,0,0,0,0,0,0,0,0,0,0,0,0,0,0,0,0,0,0.0725440646635267,0.24061337091973928,0.10908425876598504,0.8117449009293667,0.5602683401276616,0.0036455629509730136,0,0,0.0,0.0,0.0,0.0,0.0,0.0,0.0,0.0,23.1,985.8,0.4,1.8,61,0.0,0
2024-06-23 16:00:00,0,0.0,0.0,0.0,0,0,0.0,0,0,0.0,,0.0,0.0,0,0,0.0,0,0,0,0,0,0,0,0,0,0,0,0,0,0,0,0,0,0,0,0,0,0,0,0,0,0,0,0,0,0,0.06698729810778081,0.24999999999999978,0.10908425876598504,0.8117449009293667,0.5602683401276616,0.0036455629509730136,0,0,0.0,0.0,0.0,0.0,0.0,0.0,0.0,0.0,23.1,985.8,0.6,2.5,60,0.0,0
2024-06-23 16:05:00,0,0.0,0.0,0.0,0,0,0.0,0,0,0.0,,0.0,0.0,0,0,0.0,0,0,0,0,0,0,0,0,0,0,0,0,0,0,0,0,0,0,0,0,0,0,0,0,0,0,0,0,0,0,0.061636622146246156,0.25950561554030616,0.10908425876598504,0.8117449009293667,0.5602683401276616,0.0036455629509730136,0,0,0.0,0.0,0.0,0.0,0.0,0.0,0.0,0.0,23.1,985.8,0.6,2.5,60,0.0,0
2024-06-23 16:10:00,0,0.0,0.0,0.0,0,0,0.0,0,0,0.0,,0.0,0.0,0,0,0.0,0,0,0,0,0,0,0,0,0,0,0,0,0,0,0,0,0,0,0,0,0,0,0,0,0,0,0,0,0,0,0.05649458341088909,0.2691256933824832,0.10908425876598504,0.8117449009293667,0.5602683401276616,0.0036455629509730136,0,0,0.0,0.0,0.0,0.0,0.0,0.0,0.0,0.0,23.2,985.8,0.7,2.6,59,0.0,0
2024-06-23 16:15:00,0,0.0,0.0,0.0,0,0,0.0,0,0,0.0,,0.0,0.0,0,0,0.0,0,0,0,0,0,0,0,0,0,0,0,0,0,0,0,0,0,0,0,0,0,0,0,0,0,0,0,0,0,0,0.05156362923365587,0.27885565489049935,0.10908425876598504,0.8117449009293667,0.5602683401276616,0.0036455629509730136,0,0,0.0,0.0,0.0,0.0,0.0,0.0,0.0,0.0,23.2,985.8,0.7,2.6,59,0.0,0
2024-06-23 16:20:00,0,0.0,0.0,0.0,0,0,0.0,0,0,0.0,,0.0,0.0,0,0,0.0,0,0,0,0,0,0,0,0,0,0,0,0,0,0,0,0,0,0,0,0,0,0,0,0,0,0,0,0,0,0,0.04684610648167514,0.28869086912965003,0.10908425876598504,0.8117449009293667,0.5602683401276616,0.0036455629509730136,0,0,0.0,0.0,0.0,0.0,0.0,0.0,0.0,0.0,23.1,985.8,0.5,2.3,61,0.0,0
2024-06-23 16:25:00,0,0.0,0.0,0.0,0,0,0.0,0,0,0.0,,0.0,0.0,0,0,0.0,0,0,0,0,0,0,0,0,0,0,0,0,0,0,0,0,0,0,0,0,0,0,0,0,0,0,0,0,0,0,0.04234426044027645,0.29862665507063135,0.10908425876598504,0.8117449009293667,0.5602683401276616,0.0036455629509730136,0,0,0.0,0.0,0.0,0.0,0.0,0.0,0.0,0.0,23.1,985.8,0.5,2.3,61,0.0,0
2024-06-23 16:30:00,0,0.0,0.0,0.0,0,0,0.0,0,0,0.0,,0.0,0.0,0,0,0.0,0,0,0,0,0,0,0,0,0,0,0,0,0,0,0,0,0,0,0,0,0,0,0,0,0,0,0,0,0,0,0.03806023374435674,0.30865828381745486,0.10908425876598504,0.8117449009293667,0.5602683401276616,0.0036455629509730136,0,0,0.0,0.0,0.0,0.0,0.0,0.0,0.0,0.0,23.2,985.8,0.9,2.5,59,0.0,0
2024-06-23 16:35:00,0,0.0,0.0,0.0,0,0,0.0,0,0,0.0,,0.0,0.0,0,0,0.0,0,0,0,0,0,0,0,0,0,0,0,0,0,0,0,0,0,0,0,0,0,0,0,0,0,0,0,0,0,0,0.03399606535860078,0.3187809808581491,0.10908425876598504,0.8117449009293667,0.5602683401276616,0.0036455629509730136,0,0,0.0,0.0,0.0,0.0,0.0,0.0,0.0,0.0,23.2,985.8,0.9,2.5,59,0.0,0
2024-06-23 16:40:00,0,0.0,0.0,0.0,0,0,0.0,0,0,0.0,,0.0,0.0,0,0,0.0,0,0,0,0,0,0,0,0,0,0,0,0,0,0,0,0,0,0,0,0,0,0,0,0,0,0,0,0,0,0,0.030153689607045786,0.3289899283371657,0.10908425876598504,0.8117449009293667,0.5602683401276616,0.0036455629509730136,0,0,0.0,0.0,0.0,0.0,0.0,0.0,0.0,0.0,23.2,985.7,0.7,2.2,59,0.0,22
2024-06-23 16:45:00,0,0.0,0.0,0.0,0,0,0.0,0,0,0.0,,0.0,0.0,0,0,0.0,0,0,0,0,0,0,0,0,0,0,0,0,0,0,0,0,0,0,0,0,0,0,0,0,0,0,0,0,0,0,0.02653493525244721,0.3392802673484191,0.10908425876598504,0.8117449009293667,0.5602683401276616,0.0036455629509730136,0,0,0.0,0.0,0.0,0.0,0.0,0.0,0.0,0.0,23.2,985.7,0.7,2.2,59,0.0,22
2024-06-23 16:50:00,0,0.0,0.0,0.0,0,0,0.0,0,0,0.0,,0.0,0.0,0,0,0.0,0,0,0,0,0,0,0,0,0,0,0,0,0,0,0,0,0,0,0,0,0,0,0,0,0,0,0,0,0,0,0.023141524625886645,0.3496471002478631,0.10908425876598504,0.8117449009293667,0.5602683401276616,0.0036455629509730136,0,0,0.0,0.0,0.0,0.0,0.0,0.0,0.0,0.0,23.2,985.8,1.0,2.9,60,0.0,0
2024-06-23 16:55:00,0,0.0,0.0,0.0,0,0,0.0,0,0,0.0,,0.0,0.0,0,0,0.0,0,0,0,0,0,0,0,0,0,0,0,0,0,0,0,0,0,0,0,0,0,0,0,0,0,0,0,0,0,0,0.0199750728070357,0.3600854929845038,0.10908425876598504,0.8117449009293667,0.5602683401276616,0.0036455629509730136,0,0,0.0,0.0,0.0,0.0,0.0,0.0,0.0,0.0,23.2,985.8,1.0,2.9,60,0.0,0
2024-06-23 17:00:00,0,0.0,0.0,0.0,0,0,0.0,0,0,0.0,,0.0,0.0,0,0,0.0,0,0,0,0,0,0,0,0,0,0,0,0,0,0,0,0,0,0,0,0,0,0,0,0,0,0,0,0,0,0,0.017037086855465844,0.3705904774487397,0.10908425876598504,0.8117449009293667,0.5602683401276616,0.0036455629509730136,0,0,0.0,0.0,0.0,0.0,0.0,0.0,0.0,0.0,23.0,985.8,0.7,2.3,61,0.0,0
2024-06-23 17:05:00,0,0.0,0.0,0.0,0,0,0.0,0,0,0.0,,0.0,0.0,0,0,0.0,0,0,0,0,0,0,0,0,0,0,0,0,0,0,0,0,0,0,0,0,0,0,0,0,0,0,0,0,0,0,0.014328965093369339,0.3811570538369133,0.10908425876598504,0.8117449009293667,0.5602683401276616,0.0036455629509730136,0,0,0.0,0.0,0.0,0.0,0.0,0.0,0.0,0.0,23.0,985.8,0.7,2.3,61,0.0,0
2024-06-23 17:10:00,0,0.0,0.0,0.0,0,0,0.0,0,0,0.0,,0.0,0.0,0,0,0.0,0,0,0,0,0,0,0,0,0,0,0,0,0,0,0,0,0,0,0,0,0,0,0,0,0,0,0,0,0,0,0.011851996440033319,0.3917801930309486,0.10908425876598504,0.8117449009293667,0.5602683401276616,0.0036455629509730136,0,0,0.0,0.0,0.0,0.0,0.0,0.0,0.0,0.0,23.0,985.8,0.9,2.8,62,0.0,0
2024-06-23 17:15:00,0,0.0,0.0,0.0,0,0,0.0,0,0,0.0,,0.0,0.0,0,0,0.0,0,0,0,0,0,0,0,0,0,0,0,0,0,0,0,0,0,0,0,0,0,0,0,0,0,0,0,0,0,0,0.00960735979838484,0.4024548389919357,0.10908425876598504,0.8117449009293667,0.5602683401276616,0.0036455629509730136,0,0,0.0,0.0,0.0,0.0,0.0,0.0,0.0,0.0,23.0,985.8,0.9,2.8,62,0.0,0
2024-06-23 17:20:00,0,0.0,0.0,0.0,0,0,0.0,0,0,0.0,,0.0,0.0,0,0,0.0,0,0,0,0,0,0,0,0,0,0,0,0,0,0,0,0,0,0,0,0,0,0,0,0,0,0,0,0,0,0,0.00759612349389599,0.41317591116653485,0.10908425876598504,0.8117449009293667,0.5602683401276616,0.0036455629509730136,0,0,0.0,0.0,0.0,0.0,0.0,0.0,0.0,0.0,22.8,985.9,0.8,2.9,62,0.0,0
2024-06-23 17:25:00,0,0.0,0.0,0.0,0,0,0.0,0,0,0.0,,0.0,0.0,0,0,0.0,0,0,0,0,0,0,0,0,0,0,0,0,0,0,0,0,0,0,0,0,0,0,0,0,0,0,0,0,0,0,0.005819244766119613,0.42393830690504186,0.10908425876598504,0.8117449009293667,0.5602683401276616,0.0036455629509730136,0,0,0.0,0.0,0.0,0.0,0.0,0.0,0.0,0.0,22.8,985.9,0.8,2.9,62,0.0,0
2024-06-23 17:30:00,0,0.0,0.0,0.0,0,0,0.0,0,0,0.0,,0.0,0.0,0,0,0.0,0,0,0,0,0,0,0,0,0,0,0,0,0,0,0,0,0,0,0,0,0,0,0,0,0,0,0,0,0,0,0.004277569313094809,0.4347369038899742,0.10908425876598504,0.8117449009293667,0.5602683401276616,0.0036455629509730136,0,0,0.0,0.0,0.0,0.0,0.0,0.0,0.0,0.0,22.7,985.9,0.7,2.6,63,0.0,0
2024-06-23 17:35:00,0,0.0,0.0,0.0,0,0,0.0,0,0,0.0,,0.0,0.0,0,0,0.0,0,0,0,0,0,0,0,0,0,0,0,0,0,0,0,0,0,0,0,0,0,0,0,0,0,0,0,0,0,0,0.0029718308888402323,0.44556656257401744,0.10908425876598504,0.8117449009293667,0.5602683401276616,0.0036455629509730136,0,0,0.0,0.0,0.0,0.0,0.0,0.0,0.0,0.0,22.7,985.9,0.7,2.6,63,0.0,0
2024-06-23 17:40:00,0,0.0,0.0,0.0,0,0,0.0,0,0,0.0,,0.0,0.0,0,0,0.0,0,0,0,0,0,0,0,0,0,0,0,0,0,0,0,0,0,0,0,0,0,0,0,0,0,0,0,0,0,0,0.0019026509541272274,0.4564221286261709,0.10908425876598504,0.8117449009293667,0.5602683401276616,0.0036455629509730136,0,0,0.0,0.0,0.0,0.0,0.0,0.0,0.0,0.0,22.6,985.9,1.0,3.0,63,0.0,0
2024-06-23 17:45:00,0,0.0,0.0,0.0,0,0,0.0,0,0,0.0,,0.0,0.0,0,0,0.0,0,0,0,0,0,0,0,0,0,0,0,0,0,0,0,0,0,0,0,0,0,0,0,0,0,0,0,0,0,0,0.0010705383806982605,0.46729843538492866,0.10908425876598504,0.8117449009293667,0.5602683401276616,0.0036455629509730136,0,0,0.0,0.0,0.0,0.0,0.0,0.0,0.0,0.0,22.6,985.9,1.0,3.0,63,0.0,0
2024-06-23 17:50:00,0,0.0,0.0,0.0,0,0,0.0,0,0,0.0,,0.0,0.0,0,0,0.0,0,0,0,0,0,0,0,0,0,0,0,0,0,0,0,0,0,0,0,0,0,0,0,0,0,0,0,0,0,0,0.0004758892090711564,0.4781903063173315,0.10908425876598504,0.8117449009293667,0.5602683401276616,0.0036455629509730136,0,0,0.0,0.0,0.0,0.0,0.0,0.0,0.0,0.0,22.4,985.8,0.6,2.1,65,0.0,0
2024-06-23 17:55:00,0,0.0,0.0,0.0,0,0,0.0,0,0,0.0,,0.0,0.0,0,0,0.0,0,0,0,0,0,0,0,0,0,0,0,0,0,0,0,0,0,0,0,0,0,0,0,0,0,0,0,0,0,0,0.00011898646004543378,0.48909255748271957,0.10908425876598504,0.8117449009293667,0.5602683401276616,0.0036455629509730136,0,0,0.0,0.0,0.0,0.0,0.0,0.0,0.0,0.0,22.4,985.8,0.6,2.1,65,0.0,0
2024-06-23 18:00:00,0,0.0,0.0,0.0,0,0,0.0,0,0,0.0,,0.0,0.0,0,0,0.0,0,0,0,0,0,0,0,0,0,0,0,0,0,0,0,0,0,0,0,0,0,0,0,0,0,0,0,0,0,0,0.0,0.4999999999999999,0.10908425876598504,0.8117449009293667,0.5602683401276616,0.0036455629509730136,0,0,0.0,0.0,0.0,0.0,0.0,0.0,0.0,0.0,22.2,985.9,0.6,2.9,66,0.0,0
2024-06-23 18:05:00,0,0.0,0.0,0.0,0,0,0.0,0,0,0.0,,0.0,0.0,0,0,0.0,0,0,0,0,0,0,0,0,0,0,0,0,0,0,0,0,0,0,0,0,0,0,0,0,0,0,0,0,0,0,0.00011898646004543378,0.5109074425172803,0.10908425876598504,0.8117449009293667,0.5602683401276616,0.0036455629509730136,0,0,0.0,0.0,0.0,0.0,0.0,0.0,0.0,0.0,22.2,985.9,0.6,2.9,66,0.0,0
2024-06-23 18:10:00,0,0.0,0.0,0.0,0,0,0.0,0,0,0.0,,0.0,0.0,0,0,0.0,0,0,0,0,0,0,0,0,0,0,0,0,0,0,0,0,0,0,0,0,0,0,0,0,0,0,0,0,0,0,0.0004758892090711564,0.5218096936826683,0.10908425876598504,0.8117449009293667,0.5602683401276616,0.0036455629509730136,0,0,0.0,0.0,0.0,0.0,0.0,0.0,0.0,0.0,21.8,986.0,0.5,1.9,68,0.0,0
2024-06-23 18:15:00,0,0.0,0.0,0.0,0,0,0.0,0,0,0.0,,0.0,0.0,0,0,0.0,0,0,0,0,0,0,0,0,0,0,0,0,0,0,0,0,0,0,0,0,0,0,0,0,0,0,0,0,0,0,0.001070538380698205,0.5327015646150712,0.10908425876598504,0.8117449009293667,0.5602683401276616,0.0036455629509730136,0,0,0.0,0.0,0.0,0.0,0.0,0.0,0.0,0.0,21.8,986.0,0.5,1.9,68,0.0,0
2024-06-23 18:20:00,0,0.0,0.0,0.0,0,0,0.0,0,0,0.0,,0.0,0.0,0,0,0.0,0,0,0,0,0,0,0,0,0,0,0,0,0,0,0,0,0,0,0,0,0,0,0,0,0,0,0,0,0,0,0.0019026509541272274,0.543577871373829,0.10908425876598504,0.8117449009293667,0.5602683401276616,0.0036455629509730136,0,0,0.0,0.0,0.0,0.0,0.0,0.0,0.0,0.0,21.7,986.0,0.5,1.9,68,0.0,0
2024-06-23 18:25:00,0,0.0,0.0,0.0,0,0,0.0,0,0,0.0,,0.0,0.0,0,0,0.0,0,0,0,0,0,0,0,0,0,0,0,0,0,0,0,0,0,0,0,0,0,0,0,0,0,0,0,0,0,0,0.0029718308888401768,0.5544334374259824,0.10908425876598504,0.8117449009293667,0.5602683401276616,0.0036455629509730136,0,0,0.0,0.0,0.0,0.0,0.0,0.0,0.0,0.0,21.7,986.0,0.5,1.9,68,0.0,0
2024-06-23 18:30:00,0,0.0,0.0,0.0,0,0,0.0,0,0,0.0,,0.0,0.0,0,0,0.0,0,0,0,0,0,0,0,0,0,0,0,0,0,0,0,0,0,0,0,0,0,0,0,0,0,0,0,0,0,0,0.004277569313094753,0.5652630961100257,0.10908425876598504,0.8117449009293667,0.5602683401276616,0.0036455629509730136,0,0,0.0,0.0,0.0,0.0,0.0,0.0,0.0,0.0,21.6,986.0,0.9,2.4,70,0.0,0
2024-06-23 18:35:00,0,0.0,0.0,0.0,0,0,0.0,0,0,0.0,,0.0,0.0,0,0,0.0,0,0,0,0,0,0,0,0,0,0,0,0,0,0,0,0,0,0,0,0,0,0,0,0,0,0,0,0,0,0,0.005819244766119558,0.5760616930949579,0.10908425876598504,0.8117449009293667,0.5602683401276616,0.0036455629509730136,0,0,0.0,0.0,0.0,0.0,0.0,0.0,0.0,0.0,21.6,986.0,0.9,2.4,70,0.0,0
2024-06-23 18:40:00,0,0.0,0.0,0.0,0,0,0.0,0,0,0.0,,0.0,0.0,0,0,0.0,0,0,0,0,0,0,0,0,0,0,0,0,0,0,0,0,0,0,0,0,0,0,0,0,0,0,0,0,0,0,0.007596123493895934,0.586824088833465,0.10908425876598504,0.8117449009293667,0.5602683401276616,0.0036455629509730136,0,0,0.0,0.0,0.0,0.0,0.0,0.0,0.0,0.0,21.5,986.2,0.4,2.5,71,0.0,0
2024-06-23 18:45:00,0,0.0,0.0,0.0,0,0,0.0,0,0,0.0,,0.0,0.0,0,0,0.0,0,0,0,0,0,0,0,0,0,0,0,0,0,0,0,0,0,0,0,0,0,0,0,0,0,0,0,0,0,0,0.009607359798384785,0.5975451610080642,0.10908425876598504,0.8117449009293667,0.5602683401276616,0.0036455629509730136,0,0,0.0,0.0,0.0,0.0,0.0,0.0,0.0,0.0,21.5,986.2,0.4,2.5,71,0.0,0
2024-06-23 18:50:00,0,0.0,0.0,0.0,0,0,0.0,0,0,0.0,,0.0,0.0,0,0,0.0,0,0,0,0,0,0,0,0,0,0,0,0,0,0,0,0,0,0,0,0,0,0,0,0,0,0,0,0,0,0,0.011851996440033263,0.6082198069690512,0.10908425876598504,0.8117449009293667,0.5602683401276616,0.0036455629509730136,0,0,0.0,0.0,0.0,0.0,0.0,0.0,0.0,0.0,21.6,986.2,0.2,0.8,70,0.0,0
2024-06-23 18:55:00,0,0.0,0.0,0.0,0,0,0.0,0,0,0.0,,0.0,0.0,0,0,0.0,0,0,0,0,0,0,0,0,0,0,0,0,0,0,0,0,0,0,0,0,0,0,0,0,0,0,0,0,0,0,0.014328965093369284,0.6188429461630865,0.10908425876598504,0.8117449009293667,0.5602683401276616,0.0036455629509730136,0,0,0.0,0.0,0.0,0.0,0.0,0.0,0.0,0.0,21.6,986.2,0.2,0.8,70,0.0,0
2024-06-23 19:00:00,0,0.0,0.0,0.0,0,0,0.0,0,0,0.0,,0.0,0.0,0,0,0.0,0,0,0,0,0,0,0,0,0,0,0,0,0,0,0,0,0,0,0,0,0,0,0,0,0,0,0,0,0,0,0.01703708685546579,0.6294095225512601,0.10908425876598504,0.8117449009293667,0.5602683401276616,0.0036455629509730136,0,0,0.0,0.0,0.0,0.0,0.0,0.0,0.0,0.0,21.5,986.3,0.9,1.9,71,0.0,0
2024-06-23 19:05:00,0,0.0,0.0,0.0,0,0,0.0,0,0,0.0,,0.0,0.0,0,0,0.0,0,0,0,0,0,0,0,0,0,0,0,0,0,0,0,0,0,0,0,0,0,0,0,0,0,0,0,0,0,0,0.019975072807035643,0.639914507015496,0.10908425876598504,0.8117449009293667,0.5602683401276616,0.0036455629509730136,0,0,0.0,0.0,0.0,0.0,0.0,0.0,0.0,0.0,21.5,986.3,0.9,1.9,71,0.0,0
2024-06-23 19:10:00,0,0.0,0.0,0.0,0,0,0.0,0,0,0.0,,0.0,0.0,0,0,0.0,0,0,0,0,0,0,0,0,0,0,0,0,0,0,0,0,0,0,0,0,0,0,0,0,0,0,0,0,0,0,0.02314152462588659,0.6503528997521367,0.10908425876598504,0.8117449009293667,0.5602683401276616,0.0036455629509730136,0,0,0.0,0.0,0.0,0.0,0.0,0.0,0.0,0.0,21.4,986.5,0.8,1.8,71,0.0,0
2024-06-23 19:15:00,0,0.0,0.0,0.0,0,0,0.0,0,0,0.0,,0.0,0.0,0,0,0.0,0,0,0,0,0,0,0,0,0,0,0,0,0,0,0,0,0,0,0,0,0,0,0,0,0,0,0,0,0,0,0.026534935252447156,0.6607197326515808,0.10908425876598504,0.8117449009293667,0.5602683401276616,0.0036455629509730136,0,0,0.0,0.0,0.0,0.0,0.0,0.0,0.0,0.0,21.4,986.5,0.8,1.8,71,0.0,0
2024-06-23 19:20:00,0,0.0,0.0,0.0,0,0,0.0,0,0,0.0,,0.0,0.0,0,0,0.0,0,0,0,0,0,0,0,0,0,0,0,0,0,0,0,0,0,0,0,0,0,0,0,0,0,0,0,0,0,0,0.03015368960704573,0.6710100716628341,0.10908425876598504,0.8117449009293667,0.5602683401276616,0.0036455629509730136,0,0,0.0,0.0,0.0,0.0,0.0,0.0,0.0,0.0,21.4,986.5,1.1,2.4,71,0.0,0
2024-06-23 19:25:00,0,0.0,0.0,0.0,0,0,0.0,0,0,0.0,,0.0,0.0,0,0,0.0,0,0,0,0,0,0,0,0,0,0,0,0,0,0,0,0,0,0,0,0,0,0,0,0,0,0,0,0,0,0,0.033996065358600724,0.6812190191418508,0.10908425876598504,0.8117449009293667,0.5602683401276616,0.0036455629509730136,0,0,0.0,0.0,0.0,0.0,0.0,0.0,0.0,0.0,21.4,986.5,1.1,2.4,71,0.0,0
2024-06-23 19:30:00,0,0.0,0.0,0.0,0,0,0.0,0,0,0.0,,0.0,0.0,0,0,0.0,0,0,0,0,0,0,0,0,0,0,0,0,0,0,0,0,0,0,0,0,0,0,0,0,0,0,0,0,0,0,0.038060233744356686,0.691341716182545,0.10908425876598504,0.8117449009293667,0.5602683401276616,0.0036455629509730136,0,0,0.0,0.0,0.0,0.0,0.0,0.0,0.0,0.0,21.2,986.5,0.7,1.8,72,0.0,0
2024-06-23 19:35:00,0,0.0,0.0,0.0,0,0,0.0,0,0,0.0,,0.0,0.0,0,0,0.0,0,0,0,0,0,0,0,0,0,0,0,0,0,0,0,0,0,0,0,0,0,0,0,0,0,0,0,0,0,0,0.04234426044027639,0.7013733449293685,0.10908425876598504,0.8117449009293667,0.5602683401276616,0.0036455629509730136,0,0,0.0,0.0,0.0,0.0,0.0,0.0,0.0,0.0,21.2,986.5,0.7,1.8,72,0.0,0
2024-06-23 19:40:00,0,0.0,0.0,0.0,0,0,0.0,0,0,0.0,,0.0,0.0,0,0,0.0,0,0,0,0,0,0,0,0,0,0,0,0,0,0,0,0,0,0,0,0,0,0,0,0,0,0,0,0,0,0,0.04684610648167503,0.7113091308703499,0.10908425876598504,0.8117449009293667,0.5602683401276616,0.0036455629509730136,0,0,0.0,0.0,0.0,0.0,0.0,0.0,0.0,0.0,21.0,986.5,0.8,1.6,73,0.0,0
2024-06-23 19:45:00,0,0.0,0.0,0.0,0,0,0.0,0,0,0.0,,0.0,0.0,0,0,0.0,0,0,0,0,0,0,0,0,0,0,0,0,0,0,0,0,0,0,0,0,0,0,0,0,0,0,0,0,0,0,0.05156362923365576,0.7211443451095005,0.10908425876598504,0.8117449009293667,0.5602683401276616,0.0036455629509730136,0,0,0.0,0.0,0.0,0.0,0.0,0.0,0.0,0.0,21.0,986.5,0.8,1.6,73,0.0,0
2024-06-23 19:50:00,0,0.0,0.0,0.0,0,0,0.0,0,0,0.0,,0.0,0.0,0,0,0.0,0,0,0,0,0,0,0,0,0,0,0,0,0,0,0,0,0,0,0,0,0,0,0,0,0,0,0,0,0,0,0.05649458341088898,0.7308743066175166,0.10908425876598504,0.8117449009293667,0.5602683401276616,0.0036455629509730136,0,0,0.0,0.0,0.0,0.0,0.0,0.0,0.0,0.0,20.4,986.5,0.4,1.5,76,0.0,0
2024-06-23 19:55:00,0,0.0,0.0,0.0,0,0,0.0,0,0,0.0,,0.0,0.0,0,0,0.0,0,0,0,0,0,0,0,0,0,0,0,0,0,0,0,0,0,0,0,0,0,0,0,0,0,0,0,0,0,0,0.061636622146246045,0.7404943844596936,0.10908425876598504,0.8117449009293667,0.5602683401276616,0.0036455629509730136,0,0,0.0,0.0,0.0,0.0,0.0,0.0,0.0,0.0,20.4,986.5,0.4,1.5,76,0.0,0
2024-06-23 20:00:00,0,0.0,0.0,0.0,0,0,0.0,0,0,0.0,,0.0,0.0,0,0,0.0,0,0,0,0,0,0,0,0,0,0,0,0,0,0,0,0,0,0,0,0,0,0,0,0,0,0,0,0,0,0,0.0669872981077807,0.75,0.10908425876598504,0.8117449009293667,0.5602683401276616,0.0036455629509730136,0,0,0.0,0.0,0.0,0.0,0.0,0.0,0.0,0.0,20.1,986.6,0.8,1.7,77,0.0,0
2024-06-23 20:05:00,0,0.0,0.0,0.0,0,0,0.0,0,0,0.0,,0.0,0.0,0,0,0.0,0,0,0,0,0,0,0,0,0,0,0,0,0,0,0,0,0,0,0,0,0,0,0,0,0,0,0,0,0,0,0.07254406466352659,0.7593866290802606,0.10908425876598504,0.8117449009293667,0.5602683401276616,0.0036455629509730136,0,0,0.0,0.0,0.0,0.0,0.0,0.0,0.0,0.0,20.1,986.6,0.8,1.7,77,0.0,0
2024-06-23 20:10:00,0,0.0,0.0,0.0,0,0,0.0,0,0,0.0,,0.0,0.0,0,0,0.0,0,0,0,0,0,0,0,0,0,0,0,0,0,0,0,0,0,0,0,0,0,0,0,0,0,0,0,0,0,0,0.07830427709355714,0.768649804173412,0.10908425876598504,0.8117449009293667,0.5602683401276616,0.0036455629509730136,0,0,0.0,0.0,0.0,0.0,0.0,0.0,0.0,0.0,19.8,986.6,0.4,1.0,78,0.0,0
2024-06-23 20:15:00,0,0.0,0.0,0.0,0,0,0.0,0,0,0.0,,0.0,0.0,0,0,0.0,0,0,0,0,0,0,0,0,0,0,0,0,0,0,0,0,0,0,0,0,0,0,0,0,0,0,0,0,0,0,0.08426519384872727,0.7777851165098009,0.10908425876598504,0.8117449009293667,0.5602683401276616,0.0036455629509730136,0,0,0.0,0.0,0.0,0.0,0.0,0.0,0.0,0.0,19.8,986.6,0.4,1.0,78,0.0,0
2024-06-23 20:20:00,0,0.0,0.0,0.0,0,0,0.0,0,0,0.0,,0.0,0.0,0,0,0.0,0,0,0,0,0,0,0,0,0,0,0,0,0,0,0,0,0,0,0,0,0,0,0,0,0,0,0,0,0,0,0.0904239778555041,0.786788218175523,0.10908425876598504,0.8117449009293667,0.5602683401276616,0.0036455629509730136,0,0,0.0,0.0,0.0,0.0,0.0,0.0,0.0,0.0,19.6,986.7,0.6,1.3,79,0.0,0
2024-06-23 20:25:00,0,0.0,0.0,0.0,0,0,0.0,0,0,0.0,,0.0,0.0,0,0,0.0,0,0,0,0,0,0,0,0,0,0,0,0,0,0,0,0,0,0,0,0,0,0,0,0,0,0,0,0,0,0,0.09677769786625884,0.7956548241817913,0.10908425876598504,0.8117449009293667,0.5602683401276616,0.0036455629509730136,0,0,0.0,0.0,0.0,0.0,0.0,0.0,0.0,0.0,19.6,986.7,0.6,1.3,79,0.0,0
2024-06-23 20:30:00,0,0.0,0.0,0.0,0,0,0.0,0,0,0.0,,0.0,0.0,0,0,0.0,0,0,0,0,0,0,0,0,0,0,0,0,0,0,0,0,0,0,0,0,0,0,0,0,0,0,0,0,0,0,0.10332332985438242,0.8043807145043602,0.10908425876598504,0.8117449009293667,0.5602683401276616,0.0036455629509730136,0,0,0.0,0.0,0.0,0.0,0.0,0.0,0.0,0.0,19.4,986.8,0.2,1.0,79,0.0,0
2024-06-23 20:35:00,0,0.0,0.0,0.0,0,0,0.0,0,0,0.0,,0.0,0.0,0,0,0.0,0,0,0,0,0,0,0,0,0,0,0,0,0,0,0,0,0,0,0,0,0,0,0,0,0,0,0,0,0,0,0.11005775845355892,0.8129617360920294,0.10908425876598504,0.8117449009293667,0.5602683401276616,0.0036455629509730136,0,0,0.0,0.0,0.0,0.0,0.0,0.0,0.0,0.0,19.4,986.8,0.2,1.0,79,0.0,0
2024-06-23 20:40:00,0,0.0,0.0,0.0,0,0,0.0,0,0,0.0,,0.0,0.0,0,0,0.0,0,0,0,0,0,0,0,0,0,0,0,0,0,0,0,0,0,0,0,0,0,0,0,0,0,0,0,0,0,0,0.11697777844051094,0.8213938048432696,0.10908425876598504,0.8117449009293667,0.5602683401276616,0.0036455629509730136,0,0,0.0,0.0,0.0,0.0,0.0,0.0,0.0,0.0,19.1,986.8,0.7,1.4,80,0.0,0
2024-06-23 20:45:00,0,0.0,0.0,0.0,0,0,0.0,0,0,0.0,,0.0,0.0,0,0,0.0,0,0,0,0,0,0,0,0,0,0,0,0,0,0,0,0,0,0,0,0,0,0,0,0,0,0,0,0,0,0,0.12408009626051142,0.8296729075500345,0.10908425876598504,0.8117449009293667,0.5602683401276616,0.0036455629509730136,0,0,0.0,0.0,0.0,0.0,0.0,0.0,0.0,0.0,19.1,986.8,0.7,1.4,80,0.0,0
2024-06-23 20:50:00,0,0.0,0.0,0.0,0,0,0.0,0,0,0.0,,0.0,0.0,0,0,0.0,0,0,0,0,0,0,0,0,0,0,0,0,0,0,0,0,0,0,0,0,0,0,0,0,0,0,0,0,0,0,0.13136133159493762,0.8377951038078297,0.10908425876598504,0.8117449009293667,0.5602683401276616,0.0036455629509730136,0,0,0.0,0.0,0.0,0.0,0.0,0.0,0.0,0.0,19.0,986.9,0.6,1.1,80,0.0,0
2024-06-23 20:55:00,0,0.0,0.0,0.0,0,0,0.0,0,0,0.0,,0.0,0.0,0,0,0.0,0,0,0,0,0,0,0,0,0,0,0,0,0,0,0,0,0,0,0,0,0,0,0,0,0,0,0,0,0,0,0.1388180189701223,0.8457565278911348,0.10908425876598504,0.8117449009293667,0.5602683401276616,0.0036455629509730136,0,0,0.0,0.0,0.0,0.0,0.0,0.0,0.0,0.0,19.0,986.9,0.6,1.1,80,0.0,0
2024-06-23 21:00:00,0,0.0,0.0,0.0,0,0,0.0,0,0,0.0,,0.0,0.0,0,0,0.0,0,0,0,0,0,0,0,0,0,0,0,0,0,0,0,0,0,0,0,0,0,0,0,0,0,0,0,0,0,0,0.14644660940672616,0.8535533905932737,0.10908425876598504,0.8117449009293667,0.5602683401276616,0.0036455629509730136,0,0,0.0,0.0,0.0,0.0,0.0,0.0,0.0,0.0,18.8,986.9,0.3,0.6,81,0.0,0
2024-06-23 21:05:00,0,0.0,0.0,0.0,0,0,0.0,0,0,0.0,,0.0,0.0,0,0,0.0,0,0,0,0,0,0,0,0,0,0,0,0,0,0,0,0,0,0,0,0,0,0,0,0,0,0,0,0,0,0,0.15424347210886508,0.8611819810298775,0.10908425876598504,0.8117449009293667,0.5602683401276616,0.0036455629509730136,0,0,0.0,0.0,0.0,0.0,0.0,0.0,0.0,0.0,18.8,986.9,0.3,0.6,81,0.0,0
2024-06-23 21:10:00,0,0.0,0.0,0.0,0,0,0.0,0,0,0.0,,0.0,0.0,0,0,0.0,0,0,0,0,0,0,0,0,0,0,0,0,0,0,0,0,0,0,0,0,0,0,0,0,0,0,0,0,0,0,0.1622048961921701,0.8686386684050622,0.10908425876598504,0.8117449009293667,0.5602683401276616,0.0036455629509730136,0,0,0.0,0.0,0.0,0.0,0.0,0.0,0.0,0.0,18.7,987.0,0.4,0.8,81,0.0,0
2024-06-23 21:15:00,0,0.0,0.0,0.0,0,0,0.0,0,0,0.0,,0.0,0.0,0,0,0.0,0,0,0,0,0,0,0,0,0,0,0,0,0,0,0,0,0,0,0,0,0,0,0,0,0,0,0,0,0,0,0.1703270924499653,0.8759199037394885,0.10908425876598504,0.8117449009293667,0.5602683401276616,0.0036455629509730136,0,0,0.0,0.0,0.0,0.0,0.0,0.0,0.0,0.0,18.7,987.0,0.4,0.8,81,0.0,0
2024-06-23 21:20:00,0,0.0,0.0,0.0,0,0,0.0,0,0,0.0,,0.0,0.0,0,0,0.0,0,0,0,0,0,0,0,0,0,0,0,0,0,0,0,0,0,0,0,0,0,0,0,0,0,0,0,0,0,0,0.1786061951567302,0.883022221559489,0.10908425876598504,0.8117449009293667,0.5602683401276616,0.0036455629509730136,0,0,0.0,0.0,0.0,0.0,0.0,0.0,0.0,0.0,18.7,987.1,0.4,1.0,81,0.0,0
2024-06-23 21:25:00,0,0.0,0.0,0.0,0,0,0.0,0,0,0.0,,0.0,0.0,0,0,0.0,0,0,0,0,0,0,0,0,0,0,0,0,0,0,0,0,0,0,0,0,0,0,0,0,0,0,0,0,0,0,0.18703826390797051,0.8899422415464409,0.10908425876598504,0.8117449009293667,0.5602683401276616,0.0036455629509730136,0,0,0.0,0.0,0.0,0.0,0.0,0.0,0.0,0.0,18.7,987.1,0.4,1.0,81,0.0,0
2024-06-23 21:30:00,0,0.0,0.0,0.0,0,0,0.0,0,0,0.0,,0.0,0.0,0,0,0.0,0,0,0,0,0,0,0,0,0,0,0,0,0,0,0,0,0,0,0,0,0,0,0,0,0,0,0,0,0,0,0.19561928549563956,0.8966766701456175,0.10908425876598504,0.8117449009293667,0.5602683401276616,0.0036455629509730136,0,0,0.0,0.0,0.0,0.0,0.0,0.0,0.0,0.0,18.6,987.3,0.6,1.2,80,0.0,0
2024-06-23 21:35:00,0,0.0,0.0,0.0,0,0,0.0,0,0,0.0,,0.0,0.0,0,0,0.0,0,0,0,0,0,0,0,0,0,0,0,0,0,0,0,0,0,0,0,0,0,0,0,0,0,0,0,0,0,0,0.2043451758182085,0.9032223021337411,0.10908425876598504,0.8117449009293667,0.5602683401276616,0.0036455629509730136,0,0,0.0,0.0,0.0,0.0,0.0,0.0,0.0,0.0,18.6,987.3,0.6,1.2,80,0.0,0
2024-06-23 21:40:00,0,0.0,0.0,0.0,0,0,0.0,0,0,0.0,,0.0,0.0,0,0,0.0,0,0,0,0,0,0,0,0,0,0,0,0,0,0,0,0,0,0,0,0,0,0,0,0,0,0,0,0,0,0,0.21321178182447675,0.9095760221444957,0.10908425876598504,0.8117449009293667,0.5602683401276616,0.0036455629509730136,0,0,0.0,0.0,0.0,0.0,0.0,0.0,0.0,0.0,18.6,987.3,0.3,0.9,80,0.0,0
2024-06-23 21:45:00,0,0.0,0.0,0.0,0,0,0.0,0,0,0.0,,0.0,0.0,0,0,0.0,0,0,0,0,0,0,0,0,0,0,0,0,0,0,0,0,0,0,0,0,0,0,0,0,0,0,0,0,0,0,0.2222148834901989,0.9157348061512727,0.10908425876598504,0.8117449009293667,0.5602683401276616,0.0036455629509730136,0,0,0.0,0.0,0.0,0.0,0.0,0.0,0.0,0.0,18.6,987.3,0.3,0.9,80,0.0,0
2024-06-23 21:50:00,0,0.0,0.0,0.0,0,0,0.0,0,0,0.0,,0.0,0.0,0,0,0.0,0,0,0,0,0,0,0,0,0,0,0,0,0,0,0,0,0,0,0,0,0,0,0,0,0,0,0,0,0,0,0.2313501958265879,0.9216957229064427,0.10908425876598504,0.8117449009293667,0.5602683401276616,0.0036455629509730136,0,0,0.0,0.0,0.0,0.0,0.0,0.0,0.0,0.0,18.7,987.4,0.7,1.3,79,0.0,0
2024-06-23 21:55:00,0,0.0,0.0,0.0,0,0,0.0,0,0,0.0,,0.0,0.0,0,0,0.0,0,0,0,0,0,0,0,0,0,0,0,0,0,0,0,0,0,0,0,0,0,0,0,0,0,0,0,0,0,0,0.24061337091973928,0.9274559353364733,0.10908425876598504,0.8117449009293667,0.5602683401276616,0.0036455629509730136,0,0,0.0,0.0,0.0,0.0,0.0,0.0,0.0,0.0,18.7,987.4,0.7,1.3,79,0.0,0
2024-06-23 22:00:00,0,0.0,0.0,0.0,0,0,0.0,0,0,0.0,,0.0,0.0,0,0,0.0,0,0,0,0,0,0,0,0,0,0,0,0,0,0,0,0,0,0,0,0,0,0,0,0,0,0,0,0,0,0,0.24999999999999978,0.9330127018922192,0.10908425876598504,0.8117449009293667,0.5602683401276616,0.0036455629509730136,0,0,0.0,0.0,0.0,0.0,0.0,0.0,0.0,0.0,18.7,987.6,1.0,1.6,79,0.0,0
2024-06-23 22:05:00,0,0.0,0.0,0.0,0,0,0.0,0,0,0.0,,0.0,0.0,0,0,0.0,0,0,0,0,0,0,0,0,0,0,0,0,0,0,0,0,0,0,0,0,0,0,0,0,0,0,0,0,0,0,0.25950561554030616,0.9383633778537539,0.10908425876598504,0.8117449009293667,0.5602683401276616,0.0036455629509730136,0,0,0.0,0.0,0.0,0.0,0.0,0.0,0.0,0.0,18.7,987.6,1.0,1.6,79,0.0,0
2024-06-23 22:10:00,0,0.0,0.0,0.0,0,0,0.0,0,0,0.0,,0.0,0.0,0,0,0.0,0,0,0,0,0,0,0,0,0,0,0,0,0,0,0,0,0,0,0,0,0,0,0,0,0,0,0,0,0,0,0.26912569338248316,0.9435054165891109,0.10908425876598504,0.8117449009293667,0.5602683401276616,0.0036455629509730136,0,0,0.0,0.0,0.0,0.0,0.0,0.0,0.0,0.0,18.8,987.6,1.1,1.8,79,0.0,0
2024-06-23 22:15:00,0,0.0,0.0,0.0,0,0,0.0,0,0,0.0,,0.0,0.0,0,0,0.0,0,0,0,0,0,0,0,0,0,0,0,0,0,0,0,0,0,0,0,0,0,0,0,0,0,0,0,0,0,0,0.2788556548904993,0.9484363707663441,0.10908425876598504,0.8117449009293667,0.5602683401276616,0.0036455629509730136,0,0,0.0,0.0,0.0,0.0,0.0,0.0,0.0,0.0,18.8,987.6,1.1,1.8,79,0.0,0
2024-06-23 22:20:00,0,0.0,0.0,0.0,0,0,0.0,0,0,0.0,,0.0,0.0,0,0,0.0,0,0,0,0,0,0,0,0,0,0,0,0,0,0,0,0,0,0,0,0,0,0,0,0,0,0,0,0,0,0,0.28869086912965003,0.9531538935183248,0.10908425876598504,0.8117449009293667,0.5602683401276616,0.0036455629509730136,0,0,0.0,0.0,0.0,0.0,0.0,0.0,0.0,0.0,18.9,987.5,1.3,2.5,78,0.0,0
2024-06-23 22:25:00,0,0.0,0.0,0.0,0,0,0.0,0,0,0.0,,0.0,0.0,0,0,0.0,0,0,0,0,0,0,0,0,0,0,0,0,0,0,0,0,0,0,0,0,0,0,0,0,0,0,0,0,0,0,0.2986266550706313,0.9576557395597236,0.10908425876598504,0.8117449009293667,0.5602683401276616,0.0036455629509730136,0,0,0.0,0.0,0.0,0.0,0.0,0.0,0.0,0.0,18.9,987.5,1.3,2.5,78,0.0,0
2024-06-23 22:30:00,0,0.0,0.0,0.0,0,0,0.0,0,0,0.0,,0.0,0.0,0,0,0.0,0,0,0,0,0,0,0,0,0,0,0,0,0,0,0,0,0,0,0,0,0,0,0,0,0,0,0,0,0,0,0.3086582838174548,0.9619397662556433,0.10908425876598504,0.8117449009293667,0.5602683401276616,0.0036455629509730136,0,0,0.0,0.0,0.0,0.0,0.0,0.0,0.0,0.0,18.8,987.5,0.6,2.2,78,0.0,0
2024-06-23 22:35:00,0,0.0,0.0,0.0,0,0,0.0,0,0,0.0,,0.0,0.0,0,0,0.0,0,0,0,0,0,0,0,0,0,0,0,0,0,0,0,0,0,0,0,0,0,0,0,0,0,0,0,0,0,0,0.3187809808581491,0.9660039346413992,0.10908425876598504,0.8117449009293667,0.5602683401276616,0.0036455629509730136,0,0,0.0,0.0,0.0,0.0,0.0,0.0,0.0,0.0,18.8,987.5,0.6,2.2,78,0.0,0
