AvgOccupancy,CourseNumber,Exam,Tutorium|Test|Cancelled,CourseType,Registered,Lecture,StudyArea,DayOfWeek,HourOfDay,Weather
16,16,0,16,14,8,9,2,6,7,0
16,41,3,39,36,21,21,17,17,19,0
0,3,3,3,2,1,1,3,3,0,0
16,39,3,43,37,24,21,20,21,19,0
14,36,2,37,39,22,17,16,19,20,0
8,21,1,24,22,25,11,13,12,14,0
9,21,1,21,17,11,23,11,9,10,0
2,17,3,20,16,13,11,21,11,10,0
6,17,3,21,19,12,9,11,21,9,0
7,19,0,19,20,14,10,10,9,21,0
0,0,0,0,0,0,0,0,0,0,0
